id,congdist,mnsendist,mnlegdist,county,precinct,area_sqmi,winner,winner_margin,wmargin,votes_sqmi,total_votes,votes_obj
"100005","6","48",48A,Carver,Benton Twp,33.8639498453213,R,"52.96",-52.96,12.4911595349071,"423","[ { ""name"": ""Julia Coleman"", ""votes"": 323, ""votes_pct"": 76.360000, ""party"": ""R"" }, { ""name"": ""Dan Kessler"", ""votes"": 99, ""votes_pct"": 23.400000, ""party"": ""DFL"" }, { ""name"": ""WRITE-IN"", ""votes"": 1, ""votes_pct"": 0.240000, ""party"": ""WI"" } ]"
"100010","6","17",17B,Carver,Camden Twp,34.3943680981072,R,"60.30",-60.3,15.2350523930352,"524","[ { ""name"": ""Glenn Gruenhagen"", ""votes"": 420, ""votes_pct"": 80.150000, ""party"": ""R"" }, { ""name"": ""Chad Tschimperle"", ""votes"": 104, ""votes_pct"": 19.850000, ""party"": ""DFL"" }, { ""name"": ""WRITE-IN"", ""votes"": 0, ""votes_pct"": 0, ""party"": ""WI"" } ]"
"100015","6","17",17B,Carver,Carver,4.93842274798158,R,"3.28",-3.28,566.577659059989,"2798","[ { ""name"": ""Glenn Gruenhagen"", ""votes"": 1445, ""votes_pct"": 51.640000, ""party"": ""R"" }, { ""name"": ""Chad Tschimperle"", ""votes"": 1353, ""votes_pct"": 48.360000, ""party"": ""DFL"" }, { ""name"": ""WRITE-IN"", ""votes"": 0, ""votes_pct"": 0, ""party"": ""WI"" } ]"
"100020","6","48",48B,Carver,Chanhassen P-1,2.17173472716271,DFL,"9.36",9.36,1048.47059427687,"2277","[ { ""name"": ""Dan Kessler"", ""votes"": 1245, ""votes_pct"": 54.680000, ""party"": ""DFL"" }, { ""name"": ""Julia Coleman"", ""votes"": 1032, ""votes_pct"": 45.320000, ""party"": ""R"" }, { ""name"": ""WRITE-IN"", ""votes"": 0, ""votes_pct"": 0, ""party"": ""WI"" } ]"
"100025","6","48",48B,Carver,Chanhassen P-2,3.13890428237829,R,"0.34",-0.34,652.138394755072,"2047","[ { ""name"": ""Julia Coleman"", ""votes"": 1027, ""votes_pct"": 50.170000, ""party"": ""R"" }, { ""name"": ""Dan Kessler"", ""votes"": 1020, ""votes_pct"": 49.830000, ""party"": ""DFL"" }, { ""name"": ""WRITE-IN"", ""votes"": 0, ""votes_pct"": 0, ""party"": ""WI"" } ]"
"100027","6","48",48B,Carver,Chanhassen P-3,5.23204878014676,R,"1.16",-1.16,474.575086039307,"2483","[ { ""name"": ""Julia Coleman"", ""votes"": 1255, ""votes_pct"": 50.540000, ""party"": ""R"" }, { ""name"": ""Dan Kessler"", ""votes"": 1226, ""votes_pct"": 49.380000, ""party"": ""DFL"" }, { ""name"": ""WRITE-IN"", ""votes"": 2, ""votes_pct"": 0.080000, ""party"": ""WI"" } ]"
"100030","6","48",48B,Carver,Chanhassen P-4,1.96933708226713,DFL,"2.81",2.81,1227.82433833845,"2418","[ { ""name"": ""Dan Kessler"", ""votes"": 1242, ""votes_pct"": 51.360000, ""party"": ""DFL"" }, { ""name"": ""Julia Coleman"", ""votes"": 1174, ""votes_pct"": 48.550000, ""party"": ""R"" }, { ""name"": ""WRITE-IN"", ""votes"": 2, ""votes_pct"": 0.080000, ""party"": ""WI"" } ]"
"100035","6","48",48B,Carver,Chanhassen P-5,3.09899807495249,DFL,"1.10",1.1,733.14017790567,"2272","[ { ""name"": ""Dan Kessler"", ""votes"": 1148, ""votes_pct"": 50.530000, ""party"": ""DFL"" }, { ""name"": ""Julia Coleman"", ""votes"": 1123, ""votes_pct"": 49.430000, ""party"": ""R"" }, { ""name"": ""WRITE-IN"", ""votes"": 1, ""votes_pct"": 0.040000, ""party"": ""WI"" } ]"
"100037","6","48",48B,Carver,Chanhassen P-6,7.02271628866665,R,"10.08",-10.08,330.641293846268,"2322","[ { ""name"": ""Julia Coleman"", ""votes"": 1278, ""votes_pct"": 55.040000, ""party"": ""R"" }, { ""name"": ""Dan Kessler"", ""votes"": 1044, ""votes_pct"": 44.960000, ""party"": ""DFL"" }, { ""name"": ""WRITE-IN"", ""votes"": 0, ""votes_pct"": 0, ""party"": ""WI"" } ]"
"100040","6","48",48B,Carver,Chaska W-1 P-1,0.178300931547925,even,"0.00",0,1211.43506163871,"216","[ { ""name"": ""Julia Coleman"", ""votes"": 108, ""votes_pct"": 50, ""party"": ""R"" }, { ""name"": ""Dan Kessler"", ""votes"": 108, ""votes_pct"": 50, ""party"": ""DFL"" }, { ""name"": ""WRITE-IN"", ""votes"": 0, ""votes_pct"": 0, ""party"": ""WI"" } ]"
"100042","6","48",48A,Carver,Chaska W-1 P-2,5.13825425397999,R,"3.02",-3.02,646.523086596356,"3322","[ { ""name"": ""Julia Coleman"", ""votes"": 1710, ""votes_pct"": 51.480000, ""party"": ""R"" }, { ""name"": ""Dan Kessler"", ""votes"": 1610, ""votes_pct"": 48.460000, ""party"": ""DFL"" }, { ""name"": ""WRITE-IN"", ""votes"": 2, ""votes_pct"": 0.060000, ""party"": ""WI"" } ]"
"100045","6","48",48B,Carver,Chaska W-2 P-1,3.18423472691267,R,"13.96",-13.96,535.764523130518,"1706","[ { ""name"": ""Julia Coleman"", ""votes"": 972, ""votes_pct"": 56.980000, ""party"": ""R"" }, { ""name"": ""Dan Kessler"", ""votes"": 734, ""votes_pct"": 43.020000, ""party"": ""DFL"" }, { ""name"": ""WRITE-IN"", ""votes"": 0, ""votes_pct"": 0, ""party"": ""WI"" } ]"
"100047","6","48",48A,Carver,Chaska W-2 P-2,1.41590814663484,DFL,"13.98",13.98,1318.58835930654,"1867","[ { ""name"": ""Dan Kessler"", ""votes"": 1063, ""votes_pct"": 56.940000, ""party"": ""DFL"" }, { ""name"": ""Julia Coleman"", ""votes"": 802, ""votes_pct"": 42.960000, ""party"": ""R"" }, { ""name"": ""WRITE-IN"", ""votes"": 2, ""votes_pct"": 0.110000, ""party"": ""WI"" } ]"
"100050","6","48",48B,Carver,Chaska W-3,2.98318373324572,DFL,"2.90",2.9,845.070309248818,"2521","[ { ""name"": ""Dan Kessler"", ""votes"": 1297, ""votes_pct"": 51.450000, ""party"": ""DFL"" }, { ""name"": ""Julia Coleman"", ""votes"": 1224, ""votes_pct"": 48.550000, ""party"": ""R"" }, { ""name"": ""WRITE-IN"", ""votes"": 0, ""votes_pct"": 0, ""party"": ""WI"" } ]"
"100055","6","48",48B,Carver,Chaska W-4,5.0129691136668,DFL,"5.18",5.18,535.411238158767,"2684","[ { ""name"": ""Dan Kessler"", ""votes"": 1411, ""votes_pct"": 52.570000, ""party"": ""DFL"" }, { ""name"": ""Julia Coleman"", ""votes"": 1272, ""votes_pct"": 47.390000, ""party"": ""R"" }, { ""name"": ""WRITE-IN"", ""votes"": 1, ""votes_pct"": 0.040000, ""party"": ""WI"" } ]"
"100065","6","48",48A,Carver,Cologne,1.87061346213756,R,"34.70",-34.7,537.791489456318,"1006","[ { ""name"": ""Julia Coleman"", ""votes"": 677, ""votes_pct"": 67.300000, ""party"": ""R"" }, { ""name"": ""Dan Kessler"", ""votes"": 328, ""votes_pct"": 32.600000, ""party"": ""DFL"" }, { ""name"": ""WRITE-IN"", ""votes"": 1, ""votes_pct"": 0.100000, ""party"": ""WI"" } ]"
"100070","6","17",17B,Carver,Dahlgren Twp,34.9758583410179,R,"39.92",-39.92,21.9865940816142,"769","[ { ""name"": ""Glenn Gruenhagen"", ""votes"": 538, ""votes_pct"": 69.960000, ""party"": ""R"" }, { ""name"": ""Chad Tschimperle"", ""votes"": 231, ""votes_pct"": 30.040000, ""party"": ""DFL"" }, { ""name"": ""WRITE-IN"", ""votes"": 0, ""votes_pct"": 0, ""party"": ""WI"" } ]"
"100075","6","17",17B,Carver,Hamburg,0.207649460993188,R,"64.74",-64.74,1338.79471042364,"278","[ { ""name"": ""Glenn Gruenhagen"", ""votes"": 229, ""votes_pct"": 82.370000, ""party"": ""R"" }, { ""name"": ""Chad Tschimperle"", ""votes"": 49, ""votes_pct"": 17.630000, ""party"": ""DFL"" }, { ""name"": ""WRITE-IN"", ""votes"": 0, ""votes_pct"": 0, ""party"": ""WI"" } ]"
"100080","6","17",17B,Carver,Hancock Twp,17.8483997701538,R,"63.64",-63.64,9.8608279883056,"176","[ { ""name"": ""Glenn Gruenhagen"", ""votes"": 144, ""votes_pct"": 81.820000, ""party"": ""R"" }, { ""name"": ""Chad Tschimperle"", ""votes"": 32, ""votes_pct"": 18.180000, ""party"": ""DFL"" }, { ""name"": ""WRITE-IN"", ""votes"": 0, ""votes_pct"": 0, ""party"": ""WI"" } ]"
"100085","6","17",17B,Carver,Hollywood Twp,35.7722001451386,R,"52.21",-52.21,16.4373451343308,"588","[ { ""name"": ""Glenn Gruenhagen"", ""votes"": 447, ""votes_pct"": 76.020000, ""party"": ""R"" }, { ""name"": ""Chad Tschimperle"", ""votes"": 140, ""votes_pct"": 23.810000, ""party"": ""DFL"" }, { ""name"": ""WRITE-IN"", ""votes"": 1, ""votes_pct"": 0.170000, ""party"": ""WI"" } ]"
"100090","6","48",48A,Carver,Laketown Twp,26.4179103060015,R,"37.94",-37.94,37.2096047194424,"983","[ { ""name"": ""Julia Coleman"", ""votes"": 678, ""votes_pct"": 68.970000, ""party"": ""R"" }, { ""name"": ""Dan Kessler"", ""votes"": 305, ""votes_pct"": 31.030000, ""party"": ""DFL"" }, { ""name"": ""WRITE-IN"", ""votes"": 0, ""votes_pct"": 0, ""party"": ""WI"" } ]"
"100095","6","48",48A,Carver,Mayer,1.40489980619531,R,"48.93",-48.93,798.633464857931,"1122","[ { ""name"": ""Julia Coleman"", ""votes"": 835, ""votes_pct"": 74.420000, ""party"": ""R"" }, { ""name"": ""Dan Kessler"", ""votes"": 286, ""votes_pct"": 25.490000, ""party"": ""DFL"" }, { ""name"": ""WRITE-IN"", ""votes"": 1, ""votes_pct"": 0.090000, ""party"": ""WI"" } ]"
"100100","6","17",17B,Carver,New Germany,1.00177678876661,R,"60.46",-60.46,176.68606618239,"177","[ { ""name"": ""Glenn Gruenhagen"", ""votes"": 142, ""votes_pct"": 80.230000, ""party"": ""R"" }, { ""name"": ""Chad Tschimperle"", ""votes"": 35, ""votes_pct"": 19.770000, ""party"": ""DFL"" }, { ""name"": ""WRITE-IN"", ""votes"": 0, ""votes_pct"": 0, ""party"": ""WI"" } ]"
"100105","6","17",17B,Carver,Norwood Young America,2.42916081675567,R,"38.76",-38.76,692.420192355333,"1682","[ { ""name"": ""Glenn Gruenhagen"", ""votes"": 1167, ""votes_pct"": 69.380000, ""party"": ""R"" }, { ""name"": ""Chad Tschimperle"", ""votes"": 515, ""votes_pct"": 30.620000, ""party"": ""DFL"" }, { ""name"": ""WRITE-IN"", ""votes"": 0, ""votes_pct"": 0, ""party"": ""WI"" } ]"
"100110","6","17",17B,Carver,San Francisco Twp,24.106925290039,R,"44.36",-44.36,22.0683473151104,"532","[ { ""name"": ""Glenn Gruenhagen"", ""votes"": 384, ""votes_pct"": 72.180000, ""party"": ""R"" }, { ""name"": ""Chad Tschimperle"", ""votes"": 148, ""votes_pct"": 27.820000, ""party"": ""DFL"" }, { ""name"": ""WRITE-IN"", ""votes"": 0, ""votes_pct"": 0, ""party"": ""WI"" } ]"
"100112","6","48",48B,Carver,Shorewood,0.0074200334776425,even,"0.00",0,0,"0","[ { ""name"": ""Julia Coleman"", ""votes"": 0, ""votes_pct"": 0, ""party"": ""R"" }, { ""name"": ""Dan Kessler"", ""votes"": 0, ""votes_pct"": 0, ""party"": ""DFL"" }, { ""name"": ""WRITE-IN"", ""votes"": 0, ""votes_pct"": 0, ""party"": ""WI"" } ]"
"100115","6","48",48A,Carver,Victoria P-1,5.37449671808478,R,"15.42",-15.42,195.367130184828,"1050","[ { ""name"": ""Julia Coleman"", ""votes"": 606, ""votes_pct"": 57.710000, ""party"": ""R"" }, { ""name"": ""Dan Kessler"", ""votes"": 444, ""votes_pct"": 42.290000, ""party"": ""DFL"" }, { ""name"": ""WRITE-IN"", ""votes"": 0, ""votes_pct"": 0, ""party"": ""WI"" } ]"
"100116","6","48",48A,Carver,Victoria P-2,1.96639261365175,R,"13.15",-13.15,1082.69324509223,"2129","[ { ""name"": ""Julia Coleman"", ""votes"": 1204, ""votes_pct"": 56.550000, ""party"": ""R"" }, { ""name"": ""Dan Kessler"", ""votes"": 924, ""votes_pct"": 43.400000, ""party"": ""DFL"" }, { ""name"": ""WRITE-IN"", ""votes"": 1, ""votes_pct"": 0.050000, ""party"": ""WI"" } ]"
"100117","6","48",48A,Carver,Victoria P-3,1.343652971087,R,"25.92",-25.92,867.039350984749,"1165","[ { ""name"": ""Julia Coleman"", ""votes"": 733, ""votes_pct"": 62.920000, ""party"": ""R"" }, { ""name"": ""Dan Kessler"", ""votes"": 431, ""votes_pct"": 37, ""party"": ""DFL"" }, { ""name"": ""WRITE-IN"", ""votes"": 1, ""votes_pct"": 0.090000, ""party"": ""WI"" } ]"
"100118","6","48",48A,Carver,Victoria P-4,2.10208770040827,R,"17.22",-17.22,806.816956148216,"1696","[ { ""name"": ""Julia Coleman"", ""votes"": 994, ""votes_pct"": 58.610000, ""party"": ""R"" }, { ""name"": ""Dan Kessler"", ""votes"": 702, ""votes_pct"": 41.390000, ""party"": ""DFL"" }, { ""name"": ""WRITE-IN"", ""votes"": 0, ""votes_pct"": 0, ""party"": ""WI"" } ]"
"100119","6","48",48A,Carver,Victoria P-5,0.320933125353812,R,"100.00",-100,9.34774182843436,"3","[ { ""name"": ""Julia Coleman"", ""votes"": 3, ""votes_pct"": 100, ""party"": ""R"" }, { ""name"": ""Dan Kessler"", ""votes"": 0, ""votes_pct"": 0, ""party"": ""DFL"" }, { ""name"": ""WRITE-IN"", ""votes"": 0, ""votes_pct"": 0, ""party"": ""WI"" } ]"
"100120","6","48",48A,Carver,Waconia P-1,1.57312434295903,R,"16.42",-16.42,1223.04381634638,"1924","[ { ""name"": ""Julia Coleman"", ""votes"": 1120, ""votes_pct"": 58.210000, ""party"": ""R"" }, { ""name"": ""Dan Kessler"", ""votes"": 804, ""votes_pct"": 41.790000, ""party"": ""DFL"" }, { ""name"": ""WRITE-IN"", ""votes"": 0, ""votes_pct"": 0, ""party"": ""WI"" } ]"
"100125","6","48",48A,Carver,Waconia P-2,2.25322311219934,R,"16.14",-16.14,990.13718966443,"2231","[ { ""name"": ""Julia Coleman"", ""votes"": 1294, ""votes_pct"": 58, ""party"": ""R"" }, { ""name"": ""Dan Kessler"", ""votes"": 934, ""votes_pct"": 41.860000, ""party"": ""DFL"" }, { ""name"": ""WRITE-IN"", ""votes"": 3, ""votes_pct"": 0.130000, ""party"": ""WI"" } ]"
"100127","6","48",48A,Carver,Waconia P-3,1.94813308735917,R,"17.66",-17.66,1212.44283325728,"2362","[ { ""name"": ""Julia Coleman"", ""votes"": 1389, ""votes_pct"": 58.810000, ""party"": ""R"" }, { ""name"": ""Dan Kessler"", ""votes"": 972, ""votes_pct"": 41.150000, ""party"": ""DFL"" }, { ""name"": ""WRITE-IN"", ""votes"": 1, ""votes_pct"": 0.040000, ""party"": ""WI"" } ]"
"100130","6","48",48A,Carver,Waconia Twp,30.2761644050794,R,"43.27",-43.27,21.8323560130062,"661","[ { ""name"": ""Julia Coleman"", ""votes"": 473, ""votes_pct"": 71.560000, ""party"": ""R"" }, { ""name"": ""Dan Kessler"", ""votes"": 187, ""votes_pct"": 28.290000, ""party"": ""DFL"" }, { ""name"": ""WRITE-IN"", ""votes"": 1, ""votes_pct"": 0.150000, ""party"": ""WI"" } ]"
"100135","6","17",17B,Carver,Watertown,2.69518779823036,R,"34.23",-34.23,817.382744700193,"2203","[ { ""name"": ""Glenn Gruenhagen"", ""votes"": 1478, ""votes_pct"": 67.090000, ""party"": ""R"" }, { ""name"": ""Chad Tschimperle"", ""votes"": 724, ""votes_pct"": 32.860000, ""party"": ""DFL"" }, { ""name"": ""WRITE-IN"", ""votes"": 1, ""votes_pct"": 0.050000, ""party"": ""WI"" } ]"
"100140","6","17",17B,Carver,Watertown Twp,32.9631540890137,R,"42.62",-42.62,22.4189711337818,"739","[ { ""name"": ""Glenn Gruenhagen"", ""votes"": 527, ""votes_pct"": 71.310000, ""party"": ""R"" }, { ""name"": ""Chad Tschimperle"", ""votes"": 212, ""votes_pct"": 28.690000, ""party"": ""DFL"" }, { ""name"": ""WRITE-IN"", ""votes"": 0, ""votes_pct"": 0, ""party"": ""WI"" } ]"
"100150","6","17",17B,Carver,Young America Twp,33.2243964218252,R,"61.64",-61.64,11.7684605925046,"391","[ { ""name"": ""Glenn Gruenhagen"", ""votes"": 316, ""votes_pct"": 80.820000, ""party"": ""R"" }, { ""name"": ""Chad Tschimperle"", ""votes"": 75, ""votes_pct"": 19.180000, ""party"": ""DFL"" }, { ""name"": ""WRITE-IN"", ""votes"": 0, ""votes_pct"": 0, ""party"": ""WI"" } ]"
"110005","8","5",5A,Cass,Ansel Twp,35.8329659924422,R,"64.70",-64.7,0.94884693628686,"34","[ { ""name"": ""Paul J. Utke"", ""votes"": 28, ""votes_pct"": 82.350000, ""party"": ""R"" }, { ""name"": ""A. John Peters"", ""votes"": 6, ""votes_pct"": 17.650000, ""party"": ""DFL"" }, { ""name"": ""WRITE-IN"", ""votes"": 0, ""votes_pct"": 0, ""party"": ""WI"" } ]"
"110010","8","5",5A,Cass,Backus,0.621914247475092,R,"29.42",-29.42,136.67479133191,"85","[ { ""name"": ""Paul J. Utke"", ""votes"": 55, ""votes_pct"": 64.710000, ""party"": ""R"" }, { ""name"": ""A. John Peters"", ""votes"": 30, ""votes_pct"": 35.290000, ""party"": ""DFL"" }, { ""name"": ""WRITE-IN"", ""votes"": 0, ""votes_pct"": 0, ""party"": ""WI"" } ]"
"110015","8","5",5A,Cass,Barclay Twp,14.9359584195093,R,"43.52",-43.52,17.5415592786986,"262","[ { ""name"": ""Paul J. Utke"", ""votes"": 188, ""votes_pct"": 71.760000, ""party"": ""R"" }, { ""name"": ""A. John Peters"", ""votes"": 74, ""votes_pct"": 28.240000, ""party"": ""DFL"" }, { ""name"": ""WRITE-IN"", ""votes"": 0, ""votes_pct"": 0, ""party"": ""WI"" } ]"
"110020","8","5",5B,Cass,Becker Twp,37.1347708033002,R,"57.66",-57.66,5.97822459106899,"222","[ { ""name"": ""Paul J. Utke"", ""votes"": 175, ""votes_pct"": 78.830000, ""party"": ""R"" }, { ""name"": ""A. John Peters"", ""votes"": 47, ""votes_pct"": 21.170000, ""party"": ""DFL"" }, { ""name"": ""WRITE-IN"", ""votes"": 0, ""votes_pct"": 0, ""party"": ""WI"" } ]"
"110025","8","2",2B,Cass,Bena,0.507417988751388,DFL,"26.32",26.32,37.4444746169792,"19","[ { ""name"": ""Leonard Alan Roy"", ""votes"": 12, ""votes_pct"": 63.160000, ""party"": ""DFL"" }, { ""name"": ""Steve Green"", ""votes"": 7, ""votes_pct"": 36.840000, ""party"": ""R"" }, { ""name"": ""WRITE-IN"", ""votes"": 0, ""votes_pct"": 0, ""party"": ""WI"" } ]"
"110030","8","6",6A,Cass,Beulah Twp,35.9245994470249,R,"20.00",-20,1.39180396635267,"50","[ { ""name"": ""Justin Eichorn"", ""votes"": 30, ""votes_pct"": 60, ""party"": ""R"" }, { ""name"": ""Steve Samuelson"", ""votes"": 20, ""votes_pct"": 40, ""party"": ""DFL"" }, { ""name"": ""WRITE-IN"", ""votes"": 0, ""votes_pct"": 0, ""party"": ""WI"" } ]"
"110035","8","5",5A,Cass,Birch Lake Twp,34.9729329862598,R,"41.88",-41.88,11.8091325129139,"413","[ { ""name"": ""Paul J. Utke"", ""votes"": 293, ""votes_pct"": 70.940000, ""party"": ""R"" }, { ""name"": ""A. John Peters"", ""votes"": 120, ""votes_pct"": 29.060000, ""party"": ""DFL"" }, { ""name"": ""WRITE-IN"", ""votes"": 0, ""votes_pct"": 0, ""party"": ""WI"" } ]"
"110040","8","6",6A,Cass,Blind Lake Twp,35.2998342862308,R,"27.66",-27.66,1.33145100962508,"47","[ { ""name"": ""Justin Eichorn"", ""votes"": 30, ""votes_pct"": 63.830000, ""party"": ""R"" }, { ""name"": ""Steve Samuelson"", ""votes"": 17, ""votes_pct"": 36.170000, ""party"": ""DFL"" }, { ""name"": ""WRITE-IN"", ""votes"": 0, ""votes_pct"": 0, ""party"": ""WI"" } ]"
"110045","8","2",2B,Cass,Boy Lake Twp,36.4438466999779,R,"43.20",-43.2,2.22259742959706,"81","[ { ""name"": ""Steve Green"", ""votes"": 58, ""votes_pct"": 71.600000, ""party"": ""R"" }, { ""name"": ""Leonard Alan Roy"", ""votes"": 23, ""votes_pct"": 28.400000, ""party"": ""DFL"" }, { ""name"": ""WRITE-IN"", ""votes"": 0, ""votes_pct"": 0, ""party"": ""WI"" } ]"
"110050","8","2",2B,Cass,Boy River,0.426312713138598,DFL,"100.00",100,9.38278375643835,"4","[ { ""name"": ""Leonard Alan Roy"", ""votes"": 4, ""votes_pct"": 100, ""party"": ""DFL"" }, { ""name"": ""Steve Green"", ""votes"": 0, ""votes_pct"": 0, ""party"": ""R"" }, { ""name"": ""WRITE-IN"", ""votes"": 0, ""votes_pct"": 0, ""party"": ""WI"" } ]"
"110055","8","2",2B,Cass,Boy River Twp,35.7568542451177,R,"31.04",-31.04,0.81103331409417,"29","[ { ""name"": ""Steve Green"", ""votes"": 19, ""votes_pct"": 65.520000, ""party"": ""R"" }, { ""name"": ""Leonard Alan Roy"", ""votes"": 10, ""votes_pct"": 34.480000, ""party"": ""DFL"" }, { ""name"": ""WRITE-IN"", ""votes"": 0, ""votes_pct"": 0, ""party"": ""WI"" } ]"
"110060","8","5",5A,Cass,Bull Moose Twp,35.8537231476696,R,"34.05",-34.05,1.31088199143008,"47","[ { ""name"": ""Paul J. Utke"", ""votes"": 31, ""votes_pct"": 65.960000, ""party"": ""R"" }, { ""name"": ""A. John Peters"", ""votes"": 15, ""votes_pct"": 31.910000, ""party"": ""DFL"" }, { ""name"": ""WRITE-IN"", ""votes"": 1, ""votes_pct"": 2.130000, ""party"": ""WI"" } ]"
"110065","8","5",5A,Cass,Bungo Twp,35.7148302377595,R,"64.56",-64.56,2.21196627490832,"79","[ { ""name"": ""Paul J. Utke"", ""votes"": 65, ""votes_pct"": 82.280000, ""party"": ""R"" }, { ""name"": ""A. John Peters"", ""votes"": 14, ""votes_pct"": 17.720000, ""party"": ""DFL"" }, { ""name"": ""WRITE-IN"", ""votes"": 0, ""votes_pct"": 0, ""party"": ""WI"" } ]"
"110070","8","5",5B,Cass,Byron Twp,35.7973604913682,R,"53.08",-53.08,2.26273666237296,"81","[ { ""name"": ""Paul J. Utke"", ""votes"": 62, ""votes_pct"": 76.540000, ""party"": ""R"" }, { ""name"": ""A. John Peters"", ""votes"": 19, ""votes_pct"": 23.460000, ""party"": ""DFL"" }, { ""name"": ""WRITE-IN"", ""votes"": 0, ""votes_pct"": 0, ""party"": ""WI"" } ]"
"110075","8","2",2B,Cass,Cass Lake,1.08017633230135,DFL,"61.41",61.41,170.342558430235,"184","[ { ""name"": ""Leonard Alan Roy"", ""votes"": 148, ""votes_pct"": 80.430000, ""party"": ""DFL"" }, { ""name"": ""Steve Green"", ""votes"": 35, ""votes_pct"": 19.020000, ""party"": ""R"" }, { ""name"": ""WRITE-IN"", ""votes"": 1, ""votes_pct"": 0.540000, ""party"": ""WI"" } ]"
"110080","8","5",5A,Cass,Chickamaw Beach,2.57653096196453,R,"13.92",-13.92,30.6613819768596,"79","[ { ""name"": ""Paul J. Utke"", ""votes"": 45, ""votes_pct"": 56.960000, ""party"": ""R"" }, { ""name"": ""A. John Peters"", ""votes"": 34, ""votes_pct"": 43.040000, ""party"": ""DFL"" }, { ""name"": ""WRITE-IN"", ""votes"": 0, ""votes_pct"": 0, ""party"": ""WI"" } ]"
"110085","8","6",6A,Cass,Crooked Lake Twp,36.1449757029804,R,"22.14",-22.14,10.3748859338444,"375","[ { ""name"": ""Justin Eichorn"", ""votes"": 229, ""votes_pct"": 61.070000, ""party"": ""R"" }, { ""name"": ""Steve Samuelson"", ""votes"": 146, ""votes_pct"": 38.930000, ""party"": ""DFL"" }, { ""name"": ""WRITE-IN"", ""votes"": 0, ""votes_pct"": 0, ""party"": ""WI"" } ]"
"110090","8","5",5A,Cass,Deerfield Twp,35.9851176871629,R,"58.90",-58.9,2.02861640288706,"73","[ { ""name"": ""Paul J. Utke"", ""votes"": 58, ""votes_pct"": 79.450000, ""party"": ""R"" }, { ""name"": ""A. John Peters"", ""votes"": 15, ""votes_pct"": 20.550000, ""party"": ""DFL"" }, { ""name"": ""WRITE-IN"", ""votes"": 0, ""votes_pct"": 0, ""party"": ""WI"" } ]"
"110095","8","5",5A,Cass,East Gull Lake,13.8911267235698,R,"43.34",-43.34,50.8238110593356,"706","[ { ""name"": ""Paul J. Utke"", ""votes"": 506, ""votes_pct"": 71.670000, ""party"": ""R"" }, { ""name"": ""A. John Peters"", ""votes"": 200, ""votes_pct"": 28.330000, ""party"": ""DFL"" }, { ""name"": ""WRITE-IN"", ""votes"": 0, ""votes_pct"": 0, ""party"": ""WI"" } ]"
"110100","8","5",5A,Cass,Fairview Twp,40.8788016053274,R,"47.08",-47.08,13.4054810434703,"548","[ { ""name"": ""Paul J. Utke"", ""votes"": 403, ""votes_pct"": 73.540000, ""party"": ""R"" }, { ""name"": ""A. John Peters"", ""votes"": 145, ""votes_pct"": 26.460000, ""party"": ""DFL"" }, { ""name"": ""WRITE-IN"", ""votes"": 0, ""votes_pct"": 0, ""party"": ""WI"" } ]"
"110105","8","2",2B,Cass,Federal Dam,1.91260573567807,R,"13.20",-13.2,27.7108862591642,"53","[ { ""name"": ""Steve Green"", ""votes"": 30, ""votes_pct"": 56.600000, ""party"": ""R"" }, { ""name"": ""Leonard Alan Roy"", ""votes"": 23, ""votes_pct"": 43.400000, ""party"": ""DFL"" }, { ""name"": ""WRITE-IN"", ""votes"": 0, ""votes_pct"": 0, ""party"": ""WI"" } ]"
"110110","8","2",2B,Cass,Gould Twp,40.3015766107383,R,"15.12",-15.12,2.13391155464338,"86","[ { ""name"": ""Steve Green"", ""votes"": 49, ""votes_pct"": 56.980000, ""party"": ""R"" }, { ""name"": ""Leonard Alan Roy"", ""votes"": 36, ""votes_pct"": 41.860000, ""party"": ""DFL"" }, { ""name"": ""WRITE-IN"", ""votes"": 1, ""votes_pct"": 1.160000, ""party"": ""WI"" } ]"
"110115","8","5",5A,Cass,Hackensack,1.01928725442987,R,"16.04",-16.04,128.521179314926,"131","[ { ""name"": ""Paul J. Utke"", ""votes"": 76, ""votes_pct"": 58.020000, ""party"": ""R"" }, { ""name"": ""A. John Peters"", ""votes"": 55, ""votes_pct"": 41.980000, ""party"": ""DFL"" }, { ""name"": ""WRITE-IN"", ""votes"": 0, ""votes_pct"": 0, ""party"": ""WI"" } ]"
"110118","8","2",2B,Cass,Hardwood South,59.6345288237127,R,"48.14",-48.14,0.452757832292353,"27","[ { ""name"": ""Steve Green"", ""votes"": 20, ""votes_pct"": 74.070000, ""party"": ""R"" }, { ""name"": ""Leonard Alan Roy"", ""votes"": 7, ""votes_pct"": 25.930000, ""party"": ""DFL"" }, { ""name"": ""WRITE-IN"", ""votes"": 0, ""votes_pct"": 0, ""party"": ""WI"" } ]"
"110120","8","5",5A,Cass,Hiram Twp,35.6170981035227,R,"24.72",-24.72,7.38409398866744,"263","[ { ""name"": ""Paul J. Utke"", ""votes"": 163, ""votes_pct"": 61.980000, ""party"": ""R"" }, { ""name"": ""A. John Peters"", ""votes"": 98, ""votes_pct"": 37.260000, ""party"": ""DFL"" }, { ""name"": ""WRITE-IN"", ""votes"": 2, ""votes_pct"": 0.760000, ""party"": ""WI"" } ]"
"110125","8","5",5A,Cass,Home Brook Twp,36.3584994228542,R,"64.34",-64.34,3.54800121148326,"129","[ { ""name"": ""Paul J. Utke"", ""votes"": 106, ""votes_pct"": 82.170000, ""party"": ""R"" }, { ""name"": ""A. John Peters"", ""votes"": 23, ""votes_pct"": 17.830000, ""party"": ""DFL"" }, { ""name"": ""WRITE-IN"", ""votes"": 0, ""votes_pct"": 0, ""party"": ""WI"" } ]"
"110130","8","2",2B,Cass,Inguadona Twp,38.2215440059853,R,"42.60",-42.6,3.00877431801268,"115","[ { ""name"": ""Steve Green"", ""votes"": 82, ""votes_pct"": 71.300000, ""party"": ""R"" }, { ""name"": ""Leonard Alan Roy"", ""votes"": 33, ""votes_pct"": 28.700000, ""party"": ""DFL"" }, { ""name"": ""WRITE-IN"", ""votes"": 0, ""votes_pct"": 0, ""party"": ""WI"" } ]"
"110135","8","2",2B,Cass,Kego Twp,35.8877613280329,R,"33.34",-33.34,9.19533533963368,"330","[ { ""name"": ""Steve Green"", ""votes"": 220, ""votes_pct"": 66.670000, ""party"": ""R"" }, { ""name"": ""Leonard Alan Roy"", ""votes"": 110, ""votes_pct"": 33.330000, ""party"": ""DFL"" }, { ""name"": ""WRITE-IN"", ""votes"": 0, ""votes_pct"": 0, ""party"": ""WI"" } ]"
"110140","8","5",5A,Cass,Lake Shore,18.150693778902,R,"48.68",-48.68,39.94337675636,"725","[ { ""name"": ""Paul J. Utke"", ""votes"": 539, ""votes_pct"": 74.340000, ""party"": ""R"" }, { ""name"": ""A. John Peters"", ""votes"": 186, ""votes_pct"": 25.660000, ""party"": ""DFL"" }, { ""name"": ""WRITE-IN"", ""votes"": 0, ""votes_pct"": 0, ""party"": ""WI"" } ]"
"110145","8","2",2B,Cass,Leech Lake Twp,35.1635571424695,R,"42.38",-42.38,6.71149392093118,"236","[ { ""name"": ""Steve Green"", ""votes"": 168, ""votes_pct"": 71.190000, ""party"": ""R"" }, { ""name"": ""Leonard Alan Roy"", ""votes"": 68, ""votes_pct"": 28.810000, ""party"": ""DFL"" }, { ""name"": ""WRITE-IN"", ""votes"": 0, ""votes_pct"": 0, ""party"": ""WI"" } ]"
"110150","8","6",6A,Cass,Lima Twp,35.7938315971751,R,"31.92",-31.92,1.31307540720813,"47","[ { ""name"": ""Justin Eichorn"", ""votes"": 31, ""votes_pct"": 65.960000, ""party"": ""R"" }, { ""name"": ""Steve Samuelson"", ""votes"": 16, ""votes_pct"": 34.040000, ""party"": ""DFL"" }, { ""name"": ""WRITE-IN"", ""votes"": 0, ""votes_pct"": 0, ""party"": ""WI"" } ]"
"110155","8","2",2B,Cass,Longville,0.876666204394695,R,"43.16",-43.16,108.365076153008,"95","[ { ""name"": ""Steve Green"", ""votes"": 68, ""votes_pct"": 71.580000, ""party"": ""R"" }, { ""name"": ""Leonard Alan Roy"", ""votes"": 27, ""votes_pct"": 28.420000, ""party"": ""DFL"" }, { ""name"": ""WRITE-IN"", ""votes"": 0, ""votes_pct"": 0, ""party"": ""WI"" } ]"
"110160","8","5",5A,Cass,Loon Lake Twp,17.9984566711778,R,"43.28",-43.28,19.0016292090015,"342","[ { ""name"": ""Paul J. Utke"", ""votes"": 245, ""votes_pct"": 71.640000, ""party"": ""R"" }, { ""name"": ""A. John Peters"", ""votes"": 97, ""votes_pct"": 28.360000, ""party"": ""DFL"" }, { ""name"": ""WRITE-IN"", ""votes"": 0, ""votes_pct"": 0, ""party"": ""WI"" } ]"
"110165","8","5",5A,Cass,McKinley Twp,36.4005094274851,R,"43.34",-43.34,1.64832857956366,"60","[ { ""name"": ""Paul J. Utke"", ""votes"": 43, ""votes_pct"": 71.670000, ""party"": ""R"" }, { ""name"": ""A. John Peters"", ""votes"": 17, ""votes_pct"": 28.330000, ""party"": ""DFL"" }, { ""name"": ""WRITE-IN"", ""votes"": 0, ""votes_pct"": 0, ""party"": ""WI"" } ]"
"110170","8","5",5A,Cass,Maple Twp,36.4666535495262,R,"61.26",-61.26,6.08775356089356,"222","[ { ""name"": ""Paul J. Utke"", ""votes"": 179, ""votes_pct"": 80.630000, ""party"": ""R"" }, { ""name"": ""A. John Peters"", ""votes"": 43, ""votes_pct"": 19.370000, ""party"": ""DFL"" }, { ""name"": ""WRITE-IN"", ""votes"": 0, ""votes_pct"": 0, ""party"": ""WI"" } ]"
"110175","8","5",5B,Cass,May Twp,60.1978308264333,R,"74.50",-74.5,7.42551673147198,"447","[ { ""name"": ""Paul J. Utke"", ""votes"": 390, ""votes_pct"": 87.250000, ""party"": ""R"" }, { ""name"": ""A. John Peters"", ""votes"": 57, ""votes_pct"": 12.750000, ""party"": ""DFL"" }, { ""name"": ""WRITE-IN"", ""votes"": 0, ""votes_pct"": 0, ""party"": ""WI"" } ]"
"110180","8","5",5B,Cass,Meadow Brook Twp,38.8501803501669,R,"72.04",-72.04,2.39381128122872,"93","[ { ""name"": ""Paul J. Utke"", ""votes"": 80, ""votes_pct"": 86.020000, ""party"": ""R"" }, { ""name"": ""A. John Peters"", ""votes"": 13, ""votes_pct"": 13.980000, ""party"": ""DFL"" }, { ""name"": ""WRITE-IN"", ""votes"": 0, ""votes_pct"": 0, ""party"": ""WI"" } ]"
"110185","8","5",5A,Cass,Moose Lake Twp,38.8641322199988,R,"49.20",-49.2,1.62103194903143,"63","[ { ""name"": ""Paul J. Utke"", ""votes"": 47, ""votes_pct"": 74.600000, ""party"": ""R"" }, { ""name"": ""A. John Peters"", ""votes"": 16, ""votes_pct"": 25.400000, ""party"": ""DFL"" }, { ""name"": ""WRITE-IN"", ""votes"": 0, ""votes_pct"": 0, ""party"": ""WI"" } ]"
"110187","8","5",5B,Cass,Motley,0.18907684589671,R,"77.78",-77.78,47.5996939620865,"9","[ { ""name"": ""Paul J. Utke"", ""votes"": 8, ""votes_pct"": 88.890000, ""party"": ""R"" }, { ""name"": ""A. John Peters"", ""votes"": 1, ""votes_pct"": 11.110000, ""party"": ""DFL"" }, { ""name"": ""WRITE-IN"", ""votes"": 0, ""votes_pct"": 0, ""party"": ""WI"" } ]"
"110188","8","2",2B,Cass,Otter Tail Peninsula Twp,74.5106843382759,DFL,"11.54",11.54,0.697886490532308,"52","[ { ""name"": ""Leonard Alan Roy"", ""votes"": 29, ""votes_pct"": 55.770000, ""party"": ""DFL"" }, { ""name"": ""Steve Green"", ""votes"": 23, ""votes_pct"": 44.230000, ""party"": ""R"" }, { ""name"": ""WRITE-IN"", ""votes"": 0, ""votes_pct"": 0, ""party"": ""WI"" } ]"
"110190","8","2",2B,Cass,Pike Bay Twp,34.7789446035689,DFL,"43.74",43.74,13.0826281586851,"455","[ { ""name"": ""Leonard Alan Roy"", ""votes"": 327, ""votes_pct"": 71.870000, ""party"": ""DFL"" }, { ""name"": ""Steve Green"", ""votes"": 128, ""votes_pct"": 28.130000, ""party"": ""R"" }, { ""name"": ""WRITE-IN"", ""votes"": 0, ""votes_pct"": 0, ""party"": ""WI"" } ]"
"110195","8","5",5B,Cass,Pillager,0.872016493990356,R,"42.56",-42.56,223.619623417532,"195","[ { ""name"": ""Paul J. Utke"", ""votes"": 139, ""votes_pct"": 71.280000, ""party"": ""R"" }, { ""name"": ""A. John Peters"", ""votes"": 56, ""votes_pct"": 28.720000, ""party"": ""DFL"" }, { ""name"": ""WRITE-IN"", ""votes"": 0, ""votes_pct"": 0, ""party"": ""WI"" } ]"
"110200","8","2",2B,Cass,Pine Lake Twp,34.3246240620984,R,"22.54",-22.54,4.13697174783621,"142","[ { ""name"": ""Steve Green"", ""votes"": 87, ""votes_pct"": 61.270000, ""party"": ""R"" }, { ""name"": ""Leonard Alan Roy"", ""votes"": 55, ""votes_pct"": 38.730000, ""party"": ""DFL"" }, { ""name"": ""WRITE-IN"", ""votes"": 0, ""votes_pct"": 0, ""party"": ""WI"" } ]"
"110205","8","5",5A,Cass,Pine River,1.22432341739737,R,"34.36",-34.36,237.68229527015,"291","[ { ""name"": ""Paul J. Utke"", ""votes"": 195, ""votes_pct"": 67.010000, ""party"": ""R"" }, { ""name"": ""A. John Peters"", ""votes"": 95, ""votes_pct"": 32.650000, ""party"": ""DFL"" }, { ""name"": ""WRITE-IN"", ""votes"": 1, ""votes_pct"": 0.340000, ""party"": ""WI"" } ]"
"110210","8","5",5A,Cass,Pine River Twp,35.9745897722082,R,"52.52",-52.52,14.2878627179534,"514","[ { ""name"": ""Paul J. Utke"", ""votes"": 392, ""votes_pct"": 76.260000, ""party"": ""R"" }, { ""name"": ""A. John Peters"", ""votes"": 122, ""votes_pct"": 23.740000, ""party"": ""DFL"" }, { ""name"": ""WRITE-IN"", ""votes"": 0, ""votes_pct"": 0, ""party"": ""WI"" } ]"
"110215","8","6",6A,Cass,Ponto Lake Twp,36.294020494283,R,"31.36",-31.36,10.1945167540279,"370","[ { ""name"": ""Justin Eichorn"", ""votes"": 243, ""votes_pct"": 65.680000, ""party"": ""R"" }, { ""name"": ""Steve Samuelson"", ""votes"": 127, ""votes_pct"": 34.320000, ""party"": ""DFL"" }, { ""name"": ""WRITE-IN"", ""votes"": 0, ""votes_pct"": 0, ""party"": ""WI"" } ]"
"110220","8","5",5A,Cass,Poplar Twp,35.7253226137922,R,"89.06",-89.06,1.7914463836162,"64","[ { ""name"": ""Paul J. Utke"", ""votes"": 60, ""votes_pct"": 93.750000, ""party"": ""R"" }, { ""name"": ""A. John Peters"", ""votes"": 3, ""votes_pct"": 4.690000, ""party"": ""DFL"" }, { ""name"": ""WRITE-IN"", ""votes"": 1, ""votes_pct"": 1.560000, ""party"": ""WI"" } ]"
"110225","8","5",5A,Cass,Powers Twp,35.2808106581888,R,"42.60",-42.6,13.0382491620337,"460","[ { ""name"": ""Paul J. Utke"", ""votes"": 328, ""votes_pct"": 71.300000, ""party"": ""R"" }, { ""name"": ""A. John Peters"", ""votes"": 132, ""votes_pct"": 28.700000, ""party"": ""DFL"" }, { ""name"": ""WRITE-IN"", ""votes"": 0, ""votes_pct"": 0, ""party"": ""WI"" } ]"
"110230","8","6",6A,Cass,Remer,1.32629206853286,R,"35.44",-35.44,95.7556808286481,"127","[ { ""name"": ""Justin Eichorn"", ""votes"": 86, ""votes_pct"": 67.720000, ""party"": ""R"" }, { ""name"": ""Steve Samuelson"", ""votes"": 41, ""votes_pct"": 32.280000, ""party"": ""DFL"" }, { ""name"": ""WRITE-IN"", ""votes"": 0, ""votes_pct"": 0, ""party"": ""WI"" } ]"
"110235","8","6",6A,Cass,Remer Twp,35.0511876998583,R,"61.54",-61.54,2.22531688991284,"78","[ { ""name"": ""Justin Eichorn"", ""votes"": 63, ""votes_pct"": 80.770000, ""party"": ""R"" }, { ""name"": ""Steve Samuelson"", ""votes"": 15, ""votes_pct"": 19.230000, ""party"": ""DFL"" }, { ""name"": ""WRITE-IN"", ""votes"": 0, ""votes_pct"": 0, ""party"": ""WI"" } ]"
"110237","8","2",2B,Cass,Rogers Point,32.6170421136203,R,"100.00",-100,0.0613176385839364,"2","[ { ""name"": ""Steve Green"", ""votes"": 2, ""votes_pct"": 100, ""party"": ""R"" }, { ""name"": ""Leonard Alan Roy"", ""votes"": 0, ""votes_pct"": 0, ""party"": ""DFL"" }, { ""name"": ""WRITE-IN"", ""votes"": 0, ""votes_pct"": 0, ""party"": ""WI"" } ]"
"110240","8","2",2B,Cass,Rogers Twp,36.1779479349889,R,"37.50",-37.5,1.32677508647686,"48","[ { ""name"": ""Steve Green"", ""votes"": 33, ""votes_pct"": 68.750000, ""party"": ""R"" }, { ""name"": ""Leonard Alan Roy"", ""votes"": 15, ""votes_pct"": 31.250000, ""party"": ""DFL"" }, { ""name"": ""WRITE-IN"", ""votes"": 0, ""votes_pct"": 0, ""party"": ""WI"" } ]"
"110245","8","2",2B,Cass,Salem Twp,36.3665666089569,R,"57.58",-57.58,1.81485375591504,"66","[ { ""name"": ""Steve Green"", ""votes"": 52, ""votes_pct"": 78.790000, ""party"": ""R"" }, { ""name"": ""Leonard Alan Roy"", ""votes"": 14, ""votes_pct"": 21.210000, ""party"": ""DFL"" }, { ""name"": ""WRITE-IN"", ""votes"": 0, ""votes_pct"": 0, ""party"": ""WI"" } ]"
"110250","8","2",2B,Cass,Shingobee Twp,70.5064786224084,R,"22.46",-22.46,12.9491646418692,"913","[ { ""name"": ""Steve Green"", ""votes"": 559, ""votes_pct"": 61.230000, ""party"": ""R"" }, { ""name"": ""Leonard Alan Roy"", ""votes"": 354, ""votes_pct"": 38.770000, ""party"": ""DFL"" }, { ""name"": ""WRITE-IN"", ""votes"": 0, ""votes_pct"": 0, ""party"": ""WI"" } ]"
"110255","8","6",6A,Cass,Slater Twp,36.455331533744,R,"30.50",-30.5,3.2368379338637,"118","[ { ""name"": ""Justin Eichorn"", ""votes"": 77, ""votes_pct"": 65.250000, ""party"": ""R"" }, { ""name"": ""Steve Samuelson"", ""votes"": 41, ""votes_pct"": 34.750000, ""party"": ""DFL"" }, { ""name"": ""WRITE-IN"", ""votes"": 0, ""votes_pct"": 0, ""party"": ""WI"" } ]"
"110260","8","6",6A,Cass,Smoky Hollow Twp,35.8930846102772,R,"56.10",-56.1,1.14228131811944,"41","[ { ""name"": ""Justin Eichorn"", ""votes"": 32, ""votes_pct"": 78.050000, ""party"": ""R"" }, { ""name"": ""Steve Samuelson"", ""votes"": 9, ""votes_pct"": 21.950000, ""party"": ""DFL"" }, { ""name"": ""WRITE-IN"", ""votes"": 0, ""votes_pct"": 0, ""party"": ""WI"" } ]"
"110262","8","2",2B,Cass,Sucker Lakes,40.8643057978155,DFL,"25.00",25,0.19576987407009,"8","[ { ""name"": ""Leonard Alan Roy"", ""votes"": 5, ""votes_pct"": 62.500000, ""party"": ""DFL"" }, { ""name"": ""Steve Green"", ""votes"": 3, ""votes_pct"": 37.500000, ""party"": ""R"" }, { ""name"": ""WRITE-IN"", ""votes"": 0, ""votes_pct"": 0, ""party"": ""WI"" } ]"
"110265","8","5",5B,Cass,Sylvan Twp,34.3809795454726,R,"42.51",-42.51,40.2257299903522,"1383","[ { ""name"": ""Paul J. Utke"", ""votes"": 985, ""votes_pct"": 71.220000, ""party"": ""R"" }, { ""name"": ""A. John Peters"", ""votes"": 397, ""votes_pct"": 28.710000, ""party"": ""DFL"" }, { ""name"": ""WRITE-IN"", ""votes"": 1, ""votes_pct"": 0.070000, ""party"": ""WI"" } ]"
"110270","8","6",6A,Cass,Thunder Lake Twp,36.1681037890415,R,"41.53",-41.53,5.05970678107396,"183","[ { ""name"": ""Justin Eichorn"", ""votes"": 129, ""votes_pct"": 70.490000, ""party"": ""R"" }, { ""name"": ""Steve Samuelson"", ""votes"": 53, ""votes_pct"": 28.960000, ""party"": ""DFL"" }, { ""name"": ""WRITE-IN"", ""votes"": 1, ""votes_pct"": 0.550000, ""party"": ""WI"" } ]"
"110275","8","6",6A,Cass,Torrey Twp,34.0943296157907,R,"61.70",-61.7,2.75705670295579,"94","[ { ""name"": ""Justin Eichorn"", ""votes"": 76, ""votes_pct"": 80.850000, ""party"": ""R"" }, { ""name"": ""Steve Samuelson"", ""votes"": 18, ""votes_pct"": 19.150000, ""party"": ""DFL"" }, { ""name"": ""WRITE-IN"", ""votes"": 0, ""votes_pct"": 0, ""party"": ""WI"" } ]"
"110280","8","6",6A,Cass,Trelipe Twp,70.8863090908401,R,"26.96",-26.96,1.62231609283859,"115","[ { ""name"": ""Justin Eichorn"", ""votes"": 73, ""votes_pct"": 63.480000, ""party"": ""R"" }, { ""name"": ""Steve Samuelson"", ""votes"": 42, ""votes_pct"": 36.520000, ""party"": ""DFL"" }, { ""name"": ""WRITE-IN"", ""votes"": 0, ""votes_pct"": 0, ""party"": ""WI"" } ]"
"110285","8","2",2B,Cass,Turtle Lake Twp,72.3333551851053,R,"35.94",-35.94,5.30875415660343,"384","[ { ""name"": ""Steve Green"", ""votes"": 261, ""votes_pct"": 67.970000, ""party"": ""R"" }, { ""name"": ""Leonard Alan Roy"", ""votes"": 123, ""votes_pct"": 32.030000, ""party"": ""DFL"" }, { ""name"": ""WRITE-IN"", ""votes"": 0, ""votes_pct"": 0, ""party"": ""WI"" } ]"
"110290","8","6",6A,Cass,Wabedo Twp,35.3035049932937,R,"23.24",-23.24,8.41276241711464,"297","[ { ""name"": ""Justin Eichorn"", ""votes"": 183, ""votes_pct"": 61.620000, ""party"": ""R"" }, { ""name"": ""Steve Samuelson"", ""votes"": 114, ""votes_pct"": 38.380000, ""party"": ""DFL"" }, { ""name"": ""WRITE-IN"", ""votes"": 0, ""votes_pct"": 0, ""party"": ""WI"" } ]"
"110295","8","2",2B,Cass,Wahnena,34.2673599258104,R,"62.16",-62.16,2.15948938465676,"74","[ { ""name"": ""Steve Green"", ""votes"": 60, ""votes_pct"": 81.080000, ""party"": ""R"" }, { ""name"": ""Leonard Alan Roy"", ""votes"": 14, ""votes_pct"": 18.920000, ""party"": ""DFL"" }, { ""name"": ""WRITE-IN"", ""votes"": 0, ""votes_pct"": 0, ""party"": ""WI"" } ]"
"110300","8","5",5A,Cass,Walden Twp,36.1616656476418,R,"46.40",-46.4,5.3647971277189,"194","[ { ""name"": ""Paul J. Utke"", ""votes"": 142, ""votes_pct"": 73.200000, ""party"": ""R"" }, { ""name"": ""A. John Peters"", ""votes"": 52, ""votes_pct"": 26.800000, ""party"": ""DFL"" }, { ""name"": ""WRITE-IN"", ""votes"": 0, ""votes_pct"": 0, ""party"": ""WI"" } ]"
"110305","8","2",2B,Cass,Walker,2.570787335546,R,"14.22",-14.22,177.766551780114,"457","[ { ""name"": ""Steve Green"", ""votes"": 261, ""votes_pct"": 57.110000, ""party"": ""R"" }, { ""name"": ""Leonard Alan Roy"", ""votes"": 196, ""votes_pct"": 42.890000, ""party"": ""DFL"" }, { ""name"": ""WRITE-IN"", ""votes"": 0, ""votes_pct"": 0, ""party"": ""WI"" } ]"
"110310","8","2",2B,Cass,Wilkinson Twp,36.0817608231838,R,"4.24",-4.24,4.57294755676064,"165","[ { ""name"": ""Steve Green"", ""votes"": 86, ""votes_pct"": 52.120000, ""party"": ""R"" }, { ""name"": ""Leonard Alan Roy"", ""votes"": 79, ""votes_pct"": 47.880000, ""party"": ""DFL"" }, { ""name"": ""WRITE-IN"", ""votes"": 0, ""votes_pct"": 0, ""party"": ""WI"" } ]"
"110312","8","6",6A,Cass,Willow River,36.333392752401,R,"40.00",-40,0.550457815384673,"20","[ { ""name"": ""Justin Eichorn"", ""votes"": 14, ""votes_pct"": 70, ""party"": ""R"" }, { ""name"": ""Steve Samuelson"", ""votes"": 6, ""votes_pct"": 30, ""party"": ""DFL"" }, { ""name"": ""WRITE-IN"", ""votes"": 0, ""votes_pct"": 0, ""party"": ""WI"" } ]"
"110315","8","5",5A,Cass,Wilson Twp,17.8236091095391,R,"60.53",-60.53,14.9240256765751,"266","[ { ""name"": ""Paul J. Utke"", ""votes"": 213, ""votes_pct"": 80.080000, ""party"": ""R"" }, { ""name"": ""A. John Peters"", ""votes"": 52, ""votes_pct"": 19.550000, ""party"": ""DFL"" }, { ""name"": ""WRITE-IN"", ""votes"": 1, ""votes_pct"": 0.380000, ""party"": ""WI"" } ]"
"110317","8","2",2B,Cass,Winnie Portage Lakes,241.904546515289,R,"31.64",-31.64,0.326575093928659,"79","[ { ""name"": ""Steve Green"", ""votes"": 52, ""votes_pct"": 65.820000, ""party"": ""R"" }, { ""name"": ""Leonard Alan Roy"", ""votes"": 27, ""votes_pct"": 34.180000, ""party"": ""DFL"" }, { ""name"": ""WRITE-IN"", ""votes"": 0, ""votes_pct"": 0, ""party"": ""WI"" } ]"
"110320","8","6",6A,Cass,Woodrow Twp,36.759092370755,R,"15.09",-15.09,14.9622845540542,"550","[ { ""name"": ""Justin Eichorn"", ""votes"": 316, ""votes_pct"": 57.450000, ""party"": ""R"" }, { ""name"": ""Steve Samuelson"", ""votes"": 233, ""votes_pct"": 42.360000, ""party"": ""DFL"" }, { ""name"": ""WRITE-IN"", ""votes"": 1, ""votes_pct"": 0.180000, ""party"": ""WI"" } ]"
"120005","7","16",16A,Chippewa,Big Bend Twp,35.8090349667979,R,"25.98",-25.98,3.5465909683898,"127","[ { ""name"": ""Andrew Robert Lang"", ""votes"": 80, ""votes_pct"": 62.990000, ""party"": ""R"" }, { ""name"": ""Fernando Alvarado"", ""votes"": 47, ""votes_pct"": 37.010000, ""party"": ""DFL"" }, { ""name"": ""WRITE-IN"", ""votes"": 0, ""votes_pct"": 0, ""party"": ""WI"" } ]"
"120010","7","16",16A,Chippewa,Clara City,1.85690675982111,R,"53.24",-53.24,290.26767076443,"539","[ { ""name"": ""Andrew Robert Lang"", ""votes"": 413, ""votes_pct"": 76.620000, ""party"": ""R"" }, { ""name"": ""Fernando Alvarado"", ""votes"": 126, ""votes_pct"": 23.380000, ""party"": ""DFL"" }, { ""name"": ""WRITE-IN"", ""votes"": 0, ""votes_pct"": 0, ""party"": ""WI"" } ]"
"120015","7","16",16A,Chippewa,Crate Twp,35.9813982558245,R,"61.54",-61.54,2.52908459401712,"91","[ { ""name"": ""Andrew Robert Lang"", ""votes"": 73, ""votes_pct"": 80.220000, ""party"": ""R"" }, { ""name"": ""Fernando Alvarado"", ""votes"": 17, ""votes_pct"": 18.680000, ""party"": ""DFL"" }, { ""name"": ""WRITE-IN"", ""votes"": 1, ""votes_pct"": 1.100000, ""party"": ""WI"" } ]"
"120020","7","16",16A,Chippewa,Grace Twp,35.8131411728462,R,"75.00",-75,1.56367183011748,"56","[ { ""name"": ""Andrew Robert Lang"", ""votes"": 49, ""votes_pct"": 87.500000, ""party"": ""R"" }, { ""name"": ""Fernando Alvarado"", ""votes"": 7, ""votes_pct"": 12.500000, ""party"": ""DFL"" }, { ""name"": ""WRITE-IN"", ""votes"": 0, ""votes_pct"": 0, ""party"": ""WI"" } ]"
"120025","7","15",15A,Chippewa,Granite Falls W-2,1.8589379875312,R,"22.06",-22.06,209.797208199477,"390","[ { ""name"": ""Gary Dahms"", ""votes"": 238, ""votes_pct"": 61.030000, ""party"": ""R"" }, { ""name"": ""Anita Gaul"", ""votes"": 152, ""votes_pct"": 38.970000, ""party"": ""DFL"" }, { ""name"": ""WRITE-IN"", ""votes"": 0, ""votes_pct"": 0, ""party"": ""WI"" } ]"
"120030","7","16",16A,Chippewa,Granite Falls Twp P-1,30.6752369110645,R,"52.48",-52.48,3.29255810779312,"101","[ { ""name"": ""Andrew Robert Lang"", ""votes"": 77, ""votes_pct"": 76.240000, ""party"": ""R"" }, { ""name"": ""Fernando Alvarado"", ""votes"": 24, ""votes_pct"": 23.760000, ""party"": ""DFL"" }, { ""name"": ""WRITE-IN"", ""votes"": 0, ""votes_pct"": 0, ""party"": ""WI"" } ]"
"120032","7","15",15A,Chippewa,Granite Falls Twp P-2,1.0631004257209,R,"42.86",-42.86,13.1690286837261,"14","[ { ""name"": ""Gary Dahms"", ""votes"": 10, ""votes_pct"": 71.430000, ""party"": ""R"" }, { ""name"": ""Anita Gaul"", ""votes"": 4, ""votes_pct"": 28.570000, ""party"": ""DFL"" }, { ""name"": ""WRITE-IN"", ""votes"": 0, ""votes_pct"": 0, ""party"": ""WI"" } ]"
"120035","7","16",16A,Chippewa,Havelock Twp,35.7911630677973,R,"36.84",-36.84,2.12342917876229,"76","[ { ""name"": ""Andrew Robert Lang"", ""votes"": 52, ""votes_pct"": 68.420000, ""party"": ""R"" }, { ""name"": ""Fernando Alvarado"", ""votes"": 24, ""votes_pct"": 31.580000, ""party"": ""DFL"" }, { ""name"": ""WRITE-IN"", ""votes"": 0, ""votes_pct"": 0, ""party"": ""WI"" } ]"
"120040","7","16",16A,Chippewa,Kragero Twp,45.0365268275208,R,"14.10",-14.1,1.73192751516389,"78","[ { ""name"": ""Andrew Robert Lang"", ""votes"": 44, ""votes_pct"": 56.410000, ""party"": ""R"" }, { ""name"": ""Fernando Alvarado"", ""votes"": 33, ""votes_pct"": 42.310000, ""party"": ""DFL"" }, { ""name"": ""WRITE-IN"", ""votes"": 1, ""votes_pct"": 1.280000, ""party"": ""WI"" } ]"
"120045","7","16",16A,Chippewa,Leenthrop Twp,35.7368908518765,R,"52.06",-52.06,3.38585694266256,"121","[ { ""name"": ""Andrew Robert Lang"", ""votes"": 92, ""votes_pct"": 76.030000, ""party"": ""R"" }, { ""name"": ""Fernando Alvarado"", ""votes"": 29, ""votes_pct"": 23.970000, ""party"": ""DFL"" }, { ""name"": ""WRITE-IN"", ""votes"": 0, ""votes_pct"": 0, ""party"": ""WI"" } ]"
"120050","7","16",16A,Chippewa,Lone Tree Twp,36.25889812261,R,"73.34",-73.34,2.89584089524566,"105","[ { ""name"": ""Andrew Robert Lang"", ""votes"": 91, ""votes_pct"": 86.670000, ""party"": ""R"" }, { ""name"": ""Fernando Alvarado"", ""votes"": 14, ""votes_pct"": 13.330000, ""party"": ""DFL"" }, { ""name"": ""WRITE-IN"", ""votes"": 0, ""votes_pct"": 0, ""party"": ""WI"" } ]"
"120055","7","16",16A,Chippewa,Louriston Twp,36.1068102161653,R,"54.17",-54.17,1.99408365261147,"72","[ { ""name"": ""Andrew Robert Lang"", ""votes"": 55, ""votes_pct"": 76.390000, ""party"": ""R"" }, { ""name"": ""Fernando Alvarado"", ""votes"": 16, ""votes_pct"": 22.220000, ""party"": ""DFL"" }, { ""name"": ""WRITE-IN"", ""votes"": 1, ""votes_pct"": 1.390000, ""party"": ""WI"" } ]"
"120060","7","16",16A,Chippewa,Mandt Twp,35.5515551312279,R,"41.34",-41.34,2.10961235656668,"75","[ { ""name"": ""Andrew Robert Lang"", ""votes"": 53, ""votes_pct"": 70.670000, ""party"": ""R"" }, { ""name"": ""Fernando Alvarado"", ""votes"": 22, ""votes_pct"": 29.330000, ""party"": ""DFL"" }, { ""name"": ""WRITE-IN"", ""votes"": 0, ""votes_pct"": 0, ""party"": ""WI"" } ]"
"120065","7","16",16A,Chippewa,Maynard,0.600746595476742,R,"53.12",-53.12,213.068207067277,"128","[ { ""name"": ""Andrew Robert Lang"", ""votes"": 98, ""votes_pct"": 76.560000, ""party"": ""R"" }, { ""name"": ""Fernando Alvarado"", ""votes"": 30, ""votes_pct"": 23.440000, ""party"": ""DFL"" }, { ""name"": ""WRITE-IN"", ""votes"": 0, ""votes_pct"": 0, ""party"": ""WI"" } ]"
"120070","7","16",16A,Chippewa,Milan,0.698986440785061,R,"9.90",-9.9,130.188505370425,"91","[ { ""name"": ""Andrew Robert Lang"", ""votes"": 50, ""votes_pct"": 54.950000, ""party"": ""R"" }, { ""name"": ""Fernando Alvarado"", ""votes"": 41, ""votes_pct"": 45.050000, ""party"": ""DFL"" }, { ""name"": ""WRITE-IN"", ""votes"": 0, ""votes_pct"": 0, ""party"": ""WI"" } ]"
"120075","7","16",16A,Chippewa,Montevideo P-1,2.90081233101488,R,"23.10",-23.1,307.500071777454,"892","[ { ""name"": ""Andrew Robert Lang"", ""votes"": 549, ""votes_pct"": 61.550000, ""party"": ""R"" }, { ""name"": ""Fernando Alvarado"", ""votes"": 343, ""votes_pct"": 38.450000, ""party"": ""DFL"" }, { ""name"": ""WRITE-IN"", ""votes"": 0, ""votes_pct"": 0, ""party"": ""WI"" } ]"
"120090","7","16",16A,Chippewa,Montevideo P-2,1.89026916322702,R,"23.83",-23.83,484.058047287793,"915","[ { ""name"": ""Andrew Robert Lang"", ""votes"": 566, ""votes_pct"": 61.860000, ""party"": ""R"" }, { ""name"": ""Fernando Alvarado"", ""votes"": 348, ""votes_pct"": 38.030000, ""party"": ""DFL"" }, { ""name"": ""WRITE-IN"", ""votes"": 1, ""votes_pct"": 0.110000, ""party"": ""WI"" } ]"
"120100","7","16",16A,Chippewa,Raymond,0.0232736353847969,even,"0.00",0,0,"0","[ { ""name"": ""Andrew Robert Lang"", ""votes"": 0, ""votes_pct"": 0, ""party"": ""R"" }, { ""name"": ""Fernando Alvarado"", ""votes"": 0, ""votes_pct"": 0, ""party"": ""DFL"" }, { ""name"": ""WRITE-IN"", ""votes"": 0, ""votes_pct"": 0, ""party"": ""WI"" } ]"
"120105","7","16",16A,Chippewa,Rheiderland Twp,34.7411883681591,R,"89.32",-89.32,3.77074032735344,"131","[ { ""name"": ""Andrew Robert Lang"", ""votes"": 124, ""votes_pct"": 94.660000, ""party"": ""R"" }, { ""name"": ""Fernando Alvarado"", ""votes"": 7, ""votes_pct"": 5.340000, ""party"": ""DFL"" }, { ""name"": ""WRITE-IN"", ""votes"": 0, ""votes_pct"": 0, ""party"": ""WI"" } ]"
"120110","7","16",16A,Chippewa,Rosewood Twp,35.7501558936307,R,"65.52",-65.52,4.86711164330894,"174","[ { ""name"": ""Andrew Robert Lang"", ""votes"": 144, ""votes_pct"": 82.760000, ""party"": ""R"" }, { ""name"": ""Fernando Alvarado"", ""votes"": 30, ""votes_pct"": 17.240000, ""party"": ""DFL"" }, { ""name"": ""WRITE-IN"", ""votes"": 0, ""votes_pct"": 0, ""party"": ""WI"" } ]"
"120115","7","16",16A,Chippewa,Sparta Twp,39.2251414462479,R,"41.76",-41.76,9.27976258540219,"364","[ { ""name"": ""Andrew Robert Lang"", ""votes"": 258, ""votes_pct"": 70.880000, ""party"": ""R"" }, { ""name"": ""Fernando Alvarado"", ""votes"": 106, ""votes_pct"": 29.120000, ""party"": ""DFL"" }, { ""name"": ""WRITE-IN"", ""votes"": 0, ""votes_pct"": 0, ""party"": ""WI"" } ]"
"120120","7","16",16A,Chippewa,Stoneham Twp,34.8444297490103,R,"70.94",-70.94,3.3577820283692,"117","[ { ""name"": ""Andrew Robert Lang"", ""votes"": 100, ""votes_pct"": 85.470000, ""party"": ""R"" }, { ""name"": ""Fernando Alvarado"", ""votes"": 17, ""votes_pct"": 14.530000, ""party"": ""DFL"" }, { ""name"": ""WRITE-IN"", ""votes"": 0, ""votes_pct"": 0, ""party"": ""WI"" } ]"
"120125","7","16",16A,Chippewa,Tunsberg Twp,33.3751233474302,R,"46.78",-46.78,3.2659055328523,"109","[ { ""name"": ""Andrew Robert Lang"", ""votes"": 80, ""votes_pct"": 73.390000, ""party"": ""R"" }, { ""name"": ""Fernando Alvarado"", ""votes"": 29, ""votes_pct"": 26.610000, ""party"": ""DFL"" }, { ""name"": ""WRITE-IN"", ""votes"": 0, ""votes_pct"": 0, ""party"": ""WI"" } ]"
"120130","7","16",16A,Chippewa,Watson,0.148281656048312,R,"36.37",-36.37,445.098886530486,"66","[ { ""name"": ""Andrew Robert Lang"", ""votes"": 44, ""votes_pct"": 66.670000, ""party"": ""R"" }, { ""name"": ""Fernando Alvarado"", ""votes"": 20, ""votes_pct"": 30.300000, ""party"": ""DFL"" }, { ""name"": ""WRITE-IN"", ""votes"": 2, ""votes_pct"": 3.030000, ""party"": ""WI"" } ]"
"120135","7","16",16A,Chippewa,Woods Twp,36.1735593306516,R,"73.34",-73.34,2.4880050972407,"90","[ { ""name"": ""Andrew Robert Lang"", ""votes"": 78, ""votes_pct"": 86.670000, ""party"": ""R"" }, { ""name"": ""Fernando Alvarado"", ""votes"": 12, ""votes_pct"": 13.330000, ""party"": ""DFL"" }, { ""name"": ""WRITE-IN"", ""votes"": 0, ""votes_pct"": 0, ""party"": ""WI"" } ]"
"130005","8","28",28B,Chisago,Amador Twp,30.5189048751573,R,"37.64",-37.64,14.712192388184,"449","[ { ""name"": ""Mark Koran"", ""votes"": 309, ""votes_pct"": 68.820000, ""party"": ""R"" }, { ""name"": ""Victoria Ann Bird"", ""votes"": 140, ""votes_pct"": 31.180000, ""party"": ""DFL"" }, { ""name"": ""WRITE-IN"", ""votes"": 0, ""votes_pct"": 0, ""party"": ""WI"" } ]"
"130015","8","28",28B,Chisago,Center City,0.590245607340675,even,"0.00",0,603.13875371973,"356","[ { ""name"": ""Mark Koran"", ""votes"": 177, ""votes_pct"": 49.720000, ""party"": ""R"" }, { ""name"": ""Victoria Ann Bird"", ""votes"": 177, ""votes_pct"": 49.720000, ""party"": ""DFL"" }, { ""name"": ""WRITE-IN"", ""votes"": 2, ""votes_pct"": 0.560000, ""party"": ""WI"" } ]"
"130020","8","28",28B,Chisago,Chisago City,14.7665801427487,R,"25.70",-25.7,163.612696822453,"2416","[ { ""name"": ""Mark Koran"", ""votes"": 1518, ""votes_pct"": 62.830000, ""party"": ""R"" }, { ""name"": ""Victoria Ann Bird"", ""votes"": 897, ""votes_pct"": 37.130000, ""party"": ""DFL"" }, { ""name"": ""WRITE-IN"", ""votes"": 1, ""votes_pct"": 0.040000, ""party"": ""WI"" } ]"
"130025","8","28",28B,Chisago,Chisago Lake Twp P-N,31.2989134029858,R,"23.14",-23.14,40.3208885801004,"1262","[ { ""name"": ""Mark Koran"", ""votes"": 776, ""votes_pct"": 61.490000, ""party"": ""R"" }, { ""name"": ""Victoria Ann Bird"", ""votes"": 484, ""votes_pct"": 38.350000, ""party"": ""DFL"" }, { ""name"": ""WRITE-IN"", ""votes"": 2, ""votes_pct"": 0.160000, ""party"": ""WI"" } ]"
"130030","8","28",28B,Chisago,Chisago Lake Twp P-S,21.2782043414269,R,"31.22",-31.22,65.3250611610015,"1390","[ { ""name"": ""Mark Koran"", ""votes"": 912, ""votes_pct"": 65.610000, ""party"": ""R"" }, { ""name"": ""Victoria Ann Bird"", ""votes"": 478, ""votes_pct"": 34.390000, ""party"": ""DFL"" }, { ""name"": ""WRITE-IN"", ""votes"": 0, ""votes_pct"": 0, ""party"": ""WI"" } ]"
"130035","8","28",28A,Chisago,Fish Lake Twp,34.7275164328735,R,"42.04",-42.04,33.2877245119007,"1156","[ { ""name"": ""Mark Koran"", ""votes"": 820, ""votes_pct"": 70.930000, ""party"": ""R"" }, { ""name"": ""Victoria Ann Bird"", ""votes"": 334, ""votes_pct"": 28.890000, ""party"": ""DFL"" }, { ""name"": ""WRITE-IN"", ""votes"": 2, ""votes_pct"": 0.170000, ""party"": ""WI"" } ]"
"130040","8","28",28B,Chisago,Franconia Twp,31.8972535814404,R,"23.53",-23.53,29.8458297536289,"952","[ { ""name"": ""Mark Koran"", ""votes"": 587, ""votes_pct"": 61.660000, ""party"": ""R"" }, { ""name"": ""Victoria Ann Bird"", ""votes"": 363, ""votes_pct"": 38.130000, ""party"": ""DFL"" }, { ""name"": ""WRITE-IN"", ""votes"": 2, ""votes_pct"": 0.210000, ""party"": ""WI"" } ]"
"130045","8","28",28A,Chisago,Harris,20.0384578933754,R,"42.40",-42.4,24.9520198939709,"500","[ { ""name"": ""Mark Koran"", ""votes"": 356, ""votes_pct"": 71.200000, ""party"": ""R"" }, { ""name"": ""Victoria Ann Bird"", ""votes"": 144, ""votes_pct"": 28.800000, ""party"": ""DFL"" }, { ""name"": ""WRITE-IN"", ""votes"": 0, ""votes_pct"": 0, ""party"": ""WI"" } ]"
"130050","8","28",28B,Chisago,Lent Twp,34.2497823408784,R,"43.42",-43.42,45.4601429143,"1557","[ { ""name"": ""Mark Koran"", ""votes"": 1116, ""votes_pct"": 71.680000, ""party"": ""R"" }, { ""name"": ""Victoria Ann Bird"", ""votes"": 440, ""votes_pct"": 28.260000, ""party"": ""DFL"" }, { ""name"": ""WRITE-IN"", ""votes"": 1, ""votes_pct"": 0.060000, ""party"": ""WI"" } ]"
"130055","8","28",28B,Chisago,Lindstrom,3.85278369620473,R,"19.36",-19.36,575.168546882847,"2216","[ { ""name"": ""Mark Koran"", ""votes"": 1322, ""votes_pct"": 59.660000, ""party"": ""R"" }, { ""name"": ""Victoria Ann Bird"", ""votes"": 893, ""votes_pct"": 40.300000, ""party"": ""DFL"" }, { ""name"": ""WRITE-IN"", ""votes"": 1, ""votes_pct"": 0.050000, ""party"": ""WI"" } ]"
"130060","8","11",11B,Chisago,Nessel Twp,42.8630199369372,R,"46.98",-46.98,23.1434929563874,"992","[ { ""name"": ""Jason Rarick"", ""votes"": 729, ""votes_pct"": 73.490000, ""party"": ""R"" }, { ""name"": ""Michelle Boyechko"", ""votes"": 263, ""votes_pct"": 26.510000, ""party"": ""DFL"" }, { ""name"": ""WRITE-IN"", ""votes"": 0, ""votes_pct"": 0, ""party"": ""WI"" } ]"
"130065","8","28",28B,Chisago,North Branch P-B,12.3353621911506,R,"47.38",-47.38,65.0163317113913,"802","[ { ""name"": ""Mark Koran"", ""votes"": 591, ""votes_pct"": 73.690000, ""party"": ""R"" }, { ""name"": ""Victoria Ann Bird"", ""votes"": 211, ""votes_pct"": 26.310000, ""party"": ""DFL"" }, { ""name"": ""WRITE-IN"", ""votes"": 0, ""votes_pct"": 0, ""party"": ""WI"" } ]"
"130066","8","28",28B,Chisago,North Branch P-C,11.4144219139064,R,"40.45",-40.45,123.878371648177,"1414","[ { ""name"": ""Mark Koran"", ""votes"": 990, ""votes_pct"": 70.010000, ""party"": ""R"" }, { ""name"": ""Victoria Ann Bird"", ""votes"": 418, ""votes_pct"": 29.560000, ""party"": ""DFL"" }, { ""name"": ""WRITE-IN"", ""votes"": 6, ""votes_pct"": 0.420000, ""party"": ""WI"" } ]"
"130067","8","28",28A,Chisago,North Branch P-A,12.3219009902488,R,"32.45",-32.45,168.074715227701,"2071","[ { ""name"": ""Mark Koran"", ""votes"": 1371, ""votes_pct"": 66.200000, ""party"": ""R"" }, { ""name"": ""Victoria Ann Bird"", ""votes"": 699, ""votes_pct"": 33.750000, ""party"": ""DFL"" }, { ""name"": ""WRITE-IN"", ""votes"": 1, ""votes_pct"": 0.050000, ""party"": ""WI"" } ]"
"130070","8","11",11B,Chisago,Rush City,4.32073004096448,R,"27.95",-27.95,176.35908579697,"762","[ { ""name"": ""Jason Rarick"", ""votes"": 487, ""votes_pct"": 63.910000, ""party"": ""R"" }, { ""name"": ""Michelle Boyechko"", ""votes"": 274, ""votes_pct"": 35.960000, ""party"": ""DFL"" }, { ""name"": ""WRITE-IN"", ""votes"": 1, ""votes_pct"": 0.130000, ""party"": ""WI"" } ]"
"130075","8","11",11B,Chisago,Rushseba Twp,30.1523309908821,R,"52.28",-52.28,13.7634466842877,"415","[ { ""name"": ""Jason Rarick"", ""votes"": 316, ""votes_pct"": 76.140000, ""party"": ""R"" }, { ""name"": ""Michelle Boyechko"", ""votes"": 99, ""votes_pct"": 23.860000, ""party"": ""DFL"" }, { ""name"": ""WRITE-IN"", ""votes"": 0, ""votes_pct"": 0, ""party"": ""WI"" } ]"
"130080","8","28",28B,Chisago,Shafer,1.27023324957243,R,"41.80",-41.8,307.030224670372,"390","[ { ""name"": ""Mark Koran"", ""votes"": 276, ""votes_pct"": 70.770000, ""party"": ""R"" }, { ""name"": ""Victoria Ann Bird"", ""votes"": 113, ""votes_pct"": 28.970000, ""party"": ""DFL"" }, { ""name"": ""WRITE-IN"", ""votes"": 1, ""votes_pct"": 0.260000, ""party"": ""WI"" } ]"
"130085","8","28",28B,Chisago,Shafer Twp,29.3617682379707,R,"41.68",-41.68,21.4905313224286,"631","[ { ""name"": ""Mark Koran"", ""votes"": 447, ""votes_pct"": 70.840000, ""party"": ""R"" }, { ""name"": ""Victoria Ann Bird"", ""votes"": 184, ""votes_pct"": 29.160000, ""party"": ""DFL"" }, { ""name"": ""WRITE-IN"", ""votes"": 0, ""votes_pct"": 0, ""party"": ""WI"" } ]"
"130090","8","28",28B,Chisago,Stacy,3.28153994238728,R,"36.06",-36.06,185.888336180431,"610","[ { ""name"": ""Mark Koran"", ""votes"": 415, ""votes_pct"": 68.030000, ""party"": ""R"" }, { ""name"": ""Victoria Ann Bird"", ""votes"": 195, ""votes_pct"": 31.970000, ""party"": ""DFL"" }, { ""name"": ""WRITE-IN"", ""votes"": 0, ""votes_pct"": 0, ""party"": ""WI"" } ]"
"130095","8","28",28B,Chisago,Sunrise Twp,45.6896494805751,R,"43.20",-43.2,23.5064180226773,"1074","[ { ""name"": ""Mark Koran"", ""votes"": 768, ""votes_pct"": 71.510000, ""party"": ""R"" }, { ""name"": ""Victoria Ann Bird"", ""votes"": 304, ""votes_pct"": 28.310000, ""party"": ""DFL"" }, { ""name"": ""WRITE-IN"", ""votes"": 2, ""votes_pct"": 0.190000, ""party"": ""WI"" } ]"
"130100","8","28",28B,Chisago,Taylors Falls,4.28260843526373,R,"9.06",-9.06,118.619296552316,"508","[ { ""name"": ""Mark Koran"", ""votes"": 277, ""votes_pct"": 54.530000, ""party"": ""R"" }, { ""name"": ""Victoria Ann Bird"", ""votes"": 231, ""votes_pct"": 45.470000, ""party"": ""DFL"" }, { ""name"": ""WRITE-IN"", ""votes"": 0, ""votes_pct"": 0, ""party"": ""WI"" } ]"
"130105","8","28",28B,Chisago,Wyoming P-A,12.1412741996403,R,"34.92",-34.92,127.581337389274,"1549","[ { ""name"": ""Mark Koran"", ""votes"": 1045, ""votes_pct"": 67.460000, ""party"": ""R"" }, { ""name"": ""Victoria Ann Bird"", ""votes"": 504, ""votes_pct"": 32.540000, ""party"": ""DFL"" }, { ""name"": ""WRITE-IN"", ""votes"": 0, ""votes_pct"": 0, ""party"": ""WI"" } ]"
"130110","8","28",28B,Chisago,Wyoming P-B,9.59877277604388,R,"27.12",-27.12,229.716866045952,"2205","[ { ""name"": ""Mark Koran"", ""votes"": 1400, ""votes_pct"": 63.490000, ""party"": ""R"" }, { ""name"": ""Victoria Ann Bird"", ""votes"": 802, ""votes_pct"": 36.370000, ""party"": ""DFL"" }, { ""name"": ""WRITE-IN"", ""votes"": 3, ""votes_pct"": 0.140000, ""party"": ""WI"" } ]"
"140005","7","4",4B,Clay,Alliance Twp,36.3476823112775,R,"2.12",-2.12,2.58613463150125,"94","[ { ""name"": ""Dan Bohmer"", ""votes"": 48, ""votes_pct"": 51.060000, ""party"": ""R"" }, { ""name"": ""Rob Kupec"", ""votes"": 46, ""votes_pct"": 48.940000, ""party"": ""DFL"" }, { ""name"": ""WRITE-IN"", ""votes"": 0, ""votes_pct"": 0, ""party"": ""WI"" } ]"
"140010","7","4",4B,Clay,Barnesville W-1,0.698930912288466,DFL,"3.51",3.51,529.379933688341,"370","[ { ""name"": ""Rob Kupec"", ""votes"": 191, ""votes_pct"": 51.620000, ""party"": ""DFL"" }, { ""name"": ""Dan Bohmer"", ""votes"": 178, ""votes_pct"": 48.110000, ""party"": ""R"" }, { ""name"": ""WRITE-IN"", ""votes"": 1, ""votes_pct"": 0.270000, ""party"": ""WI"" } ]"
"140015","7","4",4B,Clay,Barnesville W-2,0.384642765491599,R,"6.18",-6.18,756.546141269764,"291","[ { ""name"": ""Dan Bohmer"", ""votes"": 154, ""votes_pct"": 52.920000, ""party"": ""R"" }, { ""name"": ""Rob Kupec"", ""votes"": 136, ""votes_pct"": 46.740000, ""party"": ""DFL"" }, { ""name"": ""WRITE-IN"", ""votes"": 1, ""votes_pct"": 0.340000, ""party"": ""WI"" } ]"
"140020","7","4",4B,Clay,Barnesville W-3,0.929332524469635,DFL,"3.35",3.35,320.660250398604,"298","[ { ""name"": ""Rob Kupec"", ""votes"": 153, ""votes_pct"": 51.340000, ""party"": ""DFL"" }, { ""name"": ""Dan Bohmer"", ""votes"": 143, ""votes_pct"": 47.990000, ""party"": ""R"" }, { ""name"": ""WRITE-IN"", ""votes"": 2, ""votes_pct"": 0.670000, ""party"": ""WI"" } ]"
"140025","7","4",4B,Clay,Barnesville Twp,35.6245279418071,R,"16.66",-16.66,2.02107941240969,"72","[ { ""name"": ""Dan Bohmer"", ""votes"": 42, ""votes_pct"": 58.330000, ""party"": ""R"" }, { ""name"": ""Rob Kupec"", ""votes"": 30, ""votes_pct"": 41.670000, ""party"": ""DFL"" }, { ""name"": ""WRITE-IN"", ""votes"": 0, ""votes_pct"": 0, ""party"": ""WI"" } ]"
"140030","7","4",4B,Clay,Comstock,0.214645249222876,DFL,"2.86",2.86,163.059746846099,"35","[ { ""name"": ""Rob Kupec"", ""votes"": 18, ""votes_pct"": 51.430000, ""party"": ""DFL"" }, { ""name"": ""Dan Bohmer"", ""votes"": 17, ""votes_pct"": 48.570000, ""party"": ""R"" }, { ""name"": ""WRITE-IN"", ""votes"": 0, ""votes_pct"": 0, ""party"": ""WI"" } ]"
"140035","7","4",4B,Clay,Cromwell Twp,33.6912790479151,R,"27.28",-27.28,6.2033857397567,"209","[ { ""name"": ""Dan Bohmer"", ""votes"": 133, ""votes_pct"": 63.640000, ""party"": ""R"" }, { ""name"": ""Rob Kupec"", ""votes"": 76, ""votes_pct"": 36.360000, ""party"": ""DFL"" }, { ""name"": ""WRITE-IN"", ""votes"": 0, ""votes_pct"": 0, ""party"": ""WI"" } ]"
"140040","7","4",4B,Clay,Dilworth,3.22324217122179,DFL,"14.20",14.2,470.023634440639,"1515","[ { ""name"": ""Rob Kupec"", ""votes"": 860, ""votes_pct"": 56.770000, ""party"": ""DFL"" }, { ""name"": ""Dan Bohmer"", ""votes"": 645, ""votes_pct"": 42.570000, ""party"": ""R"" }, { ""name"": ""WRITE-IN"", ""votes"": 10, ""votes_pct"": 0.660000, ""party"": ""WI"" } ]"
"140045","7","4",4B,Clay,Eglon Twp,35.9878923659713,R,"9.91",-9.91,9.80885450057039,"353","[ { ""name"": ""Dan Bohmer"", ""votes"": 193, ""votes_pct"": 54.670000, ""party"": ""R"" }, { ""name"": ""Rob Kupec"", ""votes"": 158, ""votes_pct"": 44.760000, ""party"": ""DFL"" }, { ""name"": ""WRITE-IN"", ""votes"": 2, ""votes_pct"": 0.570000, ""party"": ""WI"" } ]"
"140050","7","4",4B,Clay,Elkton Twp,36.092090644437,DFL,"2.28",2.28,3.65731099648409,"132","[ { ""name"": ""Rob Kupec"", ""votes"": 67, ""votes_pct"": 50.760000, ""party"": ""DFL"" }, { ""name"": ""Dan Bohmer"", ""votes"": 64, ""votes_pct"": 48.480000, ""party"": ""R"" }, { ""name"": ""WRITE-IN"", ""votes"": 1, ""votes_pct"": 0.760000, ""party"": ""WI"" } ]"
"140055","7","4",4B,Clay,Elmwood Twp,35.5772689163635,R,"26.86",-26.86,4.9188711031023,"175","[ { ""name"": ""Dan Bohmer"", ""votes"": 110, ""votes_pct"": 62.860000, ""party"": ""R"" }, { ""name"": ""Rob Kupec"", ""votes"": 63, ""votes_pct"": 36, ""party"": ""DFL"" }, { ""name"": ""WRITE-IN"", ""votes"": 2, ""votes_pct"": 1.140000, ""party"": ""WI"" } ]"
"140060","7","1",1B,Clay,Felton,1.01299133589568,R,"100.00",-100,63.1792175630125,"64","[ { ""name"": ""Mark Johnson"", ""votes"": 64, ""votes_pct"": 100, ""party"": ""R"" }, { ""name"": ""WRITE-IN"", ""votes"": 0, ""votes_pct"": 0, ""party"": ""WI"" } ]"
"140065","7","1",1B,Clay,Felton Twp,35.2766455113501,R,"100.00",-100,0.708684163066365,"25","[ { ""name"": ""Mark Johnson"", ""votes"": 25, ""votes_pct"": 100, ""party"": ""R"" }, { ""name"": ""WRITE-IN"", ""votes"": 0, ""votes_pct"": 0, ""party"": ""WI"" } ]"
"140070","7","4",4B,Clay,Flowing Twp,36.0113279805665,R,"9.10",-9.1,1.22183775126939,"44","[ { ""name"": ""Dan Bohmer"", ""votes"": 24, ""votes_pct"": 54.550000, ""party"": ""R"" }, { ""name"": ""Rob Kupec"", ""votes"": 20, ""votes_pct"": 45.450000, ""party"": ""DFL"" }, { ""name"": ""WRITE-IN"", ""votes"": 0, ""votes_pct"": 0, ""party"": ""WI"" } ]"
"140075","7","4",4B,Clay,Georgetown,1.01374910679428,R,"34.61",-34.61,25.6473715495723,"26","[ { ""name"": ""Dan Bohmer"", ""votes"": 17, ""votes_pct"": 65.380000, ""party"": ""R"" }, { ""name"": ""Rob Kupec"", ""votes"": 8, ""votes_pct"": 30.770000, ""party"": ""DFL"" }, { ""name"": ""WRITE-IN"", ""votes"": 1, ""votes_pct"": 3.850000, ""party"": ""WI"" } ]"
"140080","7","4",4B,Clay,Georgetown Twp,36.8805200932268,even,"0.00",0,1.62687510502378,"60","[ { ""name"": ""Dan Bohmer"", ""votes"": 30, ""votes_pct"": 50, ""party"": ""R"" }, { ""name"": ""Rob Kupec"", ""votes"": 30, ""votes_pct"": 50, ""party"": ""DFL"" }, { ""name"": ""WRITE-IN"", ""votes"": 0, ""votes_pct"": 0, ""party"": ""WI"" } ]"
"140085","7","4",4B,Clay,Glyndon,1.56756828841084,R,"4.00",-4,287.068833509128,"450","[ { ""name"": ""Dan Bohmer"", ""votes"": 231, ""votes_pct"": 51.330000, ""party"": ""R"" }, { ""name"": ""Rob Kupec"", ""votes"": 213, ""votes_pct"": 47.330000, ""party"": ""DFL"" }, { ""name"": ""WRITE-IN"", ""votes"": 6, ""votes_pct"": 1.330000, ""party"": ""WI"" } ]"
"140090","7","4",4B,Clay,Glyndon Twp,33.7834591152716,R,"36.00",-36,4.44004266964461,"150","[ { ""name"": ""Dan Bohmer"", ""votes"": 102, ""votes_pct"": 68, ""party"": ""R"" }, { ""name"": ""Rob Kupec"", ""votes"": 48, ""votes_pct"": 32, ""party"": ""DFL"" }, { ""name"": ""WRITE-IN"", ""votes"": 0, ""votes_pct"": 0, ""party"": ""WI"" } ]"
"140095","7","4",4B,Clay,Goose Prairie Twp,35.6798972350478,DFL,"5.50",5.5,2.55045577627427,"91","[ { ""name"": ""Rob Kupec"", ""votes"": 48, ""votes_pct"": 52.750000, ""party"": ""DFL"" }, { ""name"": ""Dan Bohmer"", ""votes"": 43, ""votes_pct"": 47.250000, ""party"": ""R"" }, { ""name"": ""WRITE-IN"", ""votes"": 0, ""votes_pct"": 0, ""party"": ""WI"" } ]"
"140100","7","1",1B,Clay,Hagen Twp,32.4729208300583,R,"82.60",-82.6,1.41656490467037,"46","[ { ""name"": ""Mark Johnson"", ""votes"": 42, ""votes_pct"": 91.300000, ""party"": ""R"" }, { ""name"": ""WRITE-IN"", ""votes"": 4, ""votes_pct"": 8.700000, ""party"": ""WI"" } ]"
"140105","7","4",4B,Clay,Hawley,2.46898123112055,R,"6.26",-6.26,375.458504226572,"927","[ { ""name"": ""Dan Bohmer"", ""votes"": 491, ""votes_pct"": 52.970000, ""party"": ""R"" }, { ""name"": ""Rob Kupec"", ""votes"": 433, ""votes_pct"": 46.710000, ""party"": ""DFL"" }, { ""name"": ""WRITE-IN"", ""votes"": 3, ""votes_pct"": 0.320000, ""party"": ""WI"" } ]"
"140110","7","4",4B,Clay,Hawley Twp,31.2616650279176,R,"16.93",-16.93,7.93303874820898,"248","[ { ""name"": ""Dan Bohmer"", ""votes"": 143, ""votes_pct"": 57.660000, ""party"": ""R"" }, { ""name"": ""Rob Kupec"", ""votes"": 101, ""votes_pct"": 40.730000, ""party"": ""DFL"" }, { ""name"": ""WRITE-IN"", ""votes"": 4, ""votes_pct"": 1.610000, ""party"": ""WI"" } ]"
"140115","7","4",4B,Clay,Highland Grove Twp,34.9286067254124,R,"7.20",-7.2,3.57872848987864,"125","[ { ""name"": ""Dan Bohmer"", ""votes"": 67, ""votes_pct"": 53.600000, ""party"": ""R"" }, { ""name"": ""Rob Kupec"", ""votes"": 58, ""votes_pct"": 46.400000, ""party"": ""DFL"" }, { ""name"": ""WRITE-IN"", ""votes"": 0, ""votes_pct"": 0, ""party"": ""WI"" } ]"
"140120","7","4",4B,Clay,Hitterdal,0.940978579337082,DFL,"20.00",20,85.0178758121783,"80","[ { ""name"": ""Rob Kupec"", ""votes"": 48, ""votes_pct"": 60, ""party"": ""DFL"" }, { ""name"": ""Dan Bohmer"", ""votes"": 32, ""votes_pct"": 40, ""party"": ""R"" }, { ""name"": ""WRITE-IN"", ""votes"": 0, ""votes_pct"": 0, ""party"": ""WI"" } ]"
"140125","7","4",4B,Clay,Holy Cross Twp,33.2865802853169,R,"25.92",-25.92,1.62227538957554,"54","[ { ""name"": ""Dan Bohmer"", ""votes"": 34, ""votes_pct"": 62.960000, ""party"": ""R"" }, { ""name"": ""Rob Kupec"", ""votes"": 20, ""votes_pct"": 37.040000, ""party"": ""DFL"" }, { ""name"": ""WRITE-IN"", ""votes"": 0, ""votes_pct"": 0, ""party"": ""WI"" } ]"
"140130","7","4",4B,Clay,Humboldt Twp,33.0584952476107,R,"24.77",-24.77,3.29718576673202,"109","[ { ""name"": ""Dan Bohmer"", ""votes"": 67, ""votes_pct"": 61.470000, ""party"": ""R"" }, { ""name"": ""Rob Kupec"", ""votes"": 40, ""votes_pct"": 36.700000, ""party"": ""DFL"" }, { ""name"": ""WRITE-IN"", ""votes"": 2, ""votes_pct"": 1.830000, ""party"": ""WI"" } ]"
"140135","7","4",4B,Clay,Keene Twp,32.6725174340522,R,"13.95",-13.95,1.3160908120041,"43","[ { ""name"": ""Dan Bohmer"", ""votes"": 24, ""votes_pct"": 55.810000, ""party"": ""R"" }, { ""name"": ""Rob Kupec"", ""votes"": 18, ""votes_pct"": 41.860000, ""party"": ""DFL"" }, { ""name"": ""WRITE-IN"", ""votes"": 1, ""votes_pct"": 2.330000, ""party"": ""WI"" } ]"
"140140","7","4",4B,Clay,Kragnes Twp,38.2255917872271,R,"31.75",-31.75,3.29622104221032,"126","[ { ""name"": ""Dan Bohmer"", ""votes"": 82, ""votes_pct"": 65.080000, ""party"": ""R"" }, { ""name"": ""Rob Kupec"", ""votes"": 42, ""votes_pct"": 33.330000, ""party"": ""DFL"" }, { ""name"": ""WRITE-IN"", ""votes"": 2, ""votes_pct"": 1.590000, ""party"": ""WI"" } ]"
"140145","7","4",4B,Clay,Kurtz Twp,32.440456481403,R,"16.52",-16.52,3.36000204135494,"109","[ { ""name"": ""Dan Bohmer"", ""votes"": 63, ""votes_pct"": 57.800000, ""party"": ""R"" }, { ""name"": ""Rob Kupec"", ""votes"": 45, ""votes_pct"": 41.280000, ""party"": ""DFL"" }, { ""name"": ""WRITE-IN"", ""votes"": 1, ""votes_pct"": 0.920000, ""party"": ""WI"" } ]"
"140150","7","4",4B,Clay,Moland Twp,35.1785960880869,R,"14.51",-14.51,3.72385525766796,"131","[ { ""name"": ""Dan Bohmer"", ""votes"": 74, ""votes_pct"": 56.490000, ""party"": ""R"" }, { ""name"": ""Rob Kupec"", ""votes"": 55, ""votes_pct"": 41.980000, ""party"": ""DFL"" }, { ""name"": ""WRITE-IN"", ""votes"": 2, ""votes_pct"": 1.530000, ""party"": ""WI"" } ]"
"140155","7","4",4B,Clay,Moorhead W-1 P-1,5.24888369891028,R,"1.23",-1.23,154.318526845654,"810","[ { ""name"": ""Dan Bohmer"", ""votes"": 405, ""votes_pct"": 50, ""party"": ""R"" }, { ""name"": ""Rob Kupec"", ""votes"": 395, ""votes_pct"": 48.770000, ""party"": ""DFL"" }, { ""name"": ""WRITE-IN"", ""votes"": 10, ""votes_pct"": 1.230000, ""party"": ""WI"" } ]"
"140157","7","4",4A,Clay,Moorhead W-1 P-2,1.63338960421494,DFL,"19.50",19.5,762.830862143798,"1246","[ { ""name"": ""Rob Kupec"", ""votes"": 737, ""votes_pct"": 59.150000, ""party"": ""DFL"" }, { ""name"": ""Dan Bohmer"", ""votes"": 494, ""votes_pct"": 39.650000, ""party"": ""R"" }, { ""name"": ""WRITE-IN"", ""votes"": 15, ""votes_pct"": 1.200000, ""party"": ""WI"" } ]"
"140160","7","4",4A,Clay,Moorhead W-1 P-3,1.49800677076007,DFL,"48.20",48.2,926.564570396264,"1388","[ { ""name"": ""Rob Kupec"", ""votes"": 1026, ""votes_pct"": 73.920000, ""party"": ""DFL"" }, { ""name"": ""Dan Bohmer"", ""votes"": 357, ""votes_pct"": 25.720000, ""party"": ""R"" }, { ""name"": ""WRITE-IN"", ""votes"": 5, ""votes_pct"": 0.360000, ""party"": ""WI"" } ]"
"140165","7","4",4A,Clay,Moorhead W-2 P-4,1.47325376841271,DFL,"27.34",27.34,717.459559692024,"1057","[ { ""name"": ""Rob Kupec"", ""votes"": 663, ""votes_pct"": 62.720000, ""party"": ""DFL"" }, { ""name"": ""Dan Bohmer"", ""votes"": 374, ""votes_pct"": 35.380000, ""party"": ""R"" }, { ""name"": ""WRITE-IN"", ""votes"": 20, ""votes_pct"": 1.890000, ""party"": ""WI"" } ]"
"140170","7","4",4A,Clay,Moorhead W-2 P-5,2.53369812448853,DFL,"23.25",23.25,648.459255710136,"1643","[ { ""name"": ""Rob Kupec"", ""votes"": 1002, ""votes_pct"": 60.990000, ""party"": ""DFL"" }, { ""name"": ""Dan Bohmer"", ""votes"": 620, ""votes_pct"": 37.740000, ""party"": ""R"" }, { ""name"": ""WRITE-IN"", ""votes"": 21, ""votes_pct"": 1.280000, ""party"": ""WI"" } ]"
"140175","7","4",4A,Clay,Moorhead W-2 P-6,0.315364680679019,DFL,"58.75",58.75,1014.69828298781,"320","[ { ""name"": ""Rob Kupec"", ""votes"": 254, ""votes_pct"": 79.380000, ""party"": ""DFL"" }, { ""name"": ""Dan Bohmer"", ""votes"": 66, ""votes_pct"": 20.630000, ""party"": ""R"" }, { ""name"": ""WRITE-IN"", ""votes"": 0, ""votes_pct"": 0, ""party"": ""WI"" } ]"
"140180","7","4",4A,Clay,Moorhead W-2 P-7,0.382588993716415,DFL,"31.50",31.5,1659.74455729032,"635","[ { ""name"": ""Rob Kupec"", ""votes"": 417, ""votes_pct"": 65.670000, ""party"": ""DFL"" }, { ""name"": ""Dan Bohmer"", ""votes"": 217, ""votes_pct"": 34.170000, ""party"": ""R"" }, { ""name"": ""WRITE-IN"", ""votes"": 1, ""votes_pct"": 0.160000, ""party"": ""WI"" } ]"
"140185","7","4",4A,Clay,Moorhead W-3 P-8,0.786697474359654,DFL,"47.40",47.4,1560.95581849878,"1228","[ { ""name"": ""Rob Kupec"", ""votes"": 899, ""votes_pct"": 73.210000, ""party"": ""DFL"" }, { ""name"": ""Dan Bohmer"", ""votes"": 317, ""votes_pct"": 25.810000, ""party"": ""R"" }, { ""name"": ""WRITE-IN"", ""votes"": 12, ""votes_pct"": 0.980000, ""party"": ""WI"" } ]"
"140190","7","4",4A,Clay,Moorhead W-3 P-9,1.13595647251343,DFL,"27.70",27.7,1036.13125016644,"1177","[ { ""name"": ""Rob Kupec"", ""votes"": 745, ""votes_pct"": 63.300000, ""party"": ""DFL"" }, { ""name"": ""Dan Bohmer"", ""votes"": 419, ""votes_pct"": 35.600000, ""party"": ""R"" }, { ""name"": ""WRITE-IN"", ""votes"": 13, ""votes_pct"": 1.100000, ""party"": ""WI"" } ]"
"140195","7","4",4A,Clay,Moorhead W-3 P-10,1.71220351714998,DFL,"18.26",18.26,831.676833820721,"1424","[ { ""name"": ""Rob Kupec"", ""votes"": 836, ""votes_pct"": 58.710000, ""party"": ""DFL"" }, { ""name"": ""Dan Bohmer"", ""votes"": 576, ""votes_pct"": 40.450000, ""party"": ""R"" }, { ""name"": ""WRITE-IN"", ""votes"": 12, ""votes_pct"": 0.840000, ""party"": ""WI"" } ]"
"140200","7","4",4A,Clay,Moorhead W-4 P-11,0.46869712670781,DFL,"22.92",22.92,921.703964849165,"432","[ { ""name"": ""Rob Kupec"", ""votes"": 264, ""votes_pct"": 61.110000, ""party"": ""DFL"" }, { ""name"": ""Dan Bohmer"", ""votes"": 165, ""votes_pct"": 38.190000, ""party"": ""R"" }, { ""name"": ""WRITE-IN"", ""votes"": 3, ""votes_pct"": 0.690000, ""party"": ""WI"" } ]"
"140205","7","4",4A,Clay,Moorhead W-4 P-12,1.20466033151607,DFL,"29.20",29.2,997.791633503261,"1202","[ { ""name"": ""Rob Kupec"", ""votes"": 774, ""votes_pct"": 64.390000, ""party"": ""DFL"" }, { ""name"": ""Dan Bohmer"", ""votes"": 423, ""votes_pct"": 35.190000, ""party"": ""R"" }, { ""name"": ""WRITE-IN"", ""votes"": 5, ""votes_pct"": 0.420000, ""party"": ""WI"" } ]"
"140210","7","4",4A,Clay,Moorhead W-4 P-13,3.80826849373542,DFL,"16.83",16.83,369.984417411167,"1409","[ { ""name"": ""Rob Kupec"", ""votes"": 818, ""votes_pct"": 58.060000, ""party"": ""DFL"" }, { ""name"": ""Dan Bohmer"", ""votes"": 581, ""votes_pct"": 41.230000, ""party"": ""R"" }, { ""name"": ""WRITE-IN"", ""votes"": 10, ""votes_pct"": 0.710000, ""party"": ""WI"" } ]"
"140215","7","4",4B,Clay,Moorhead Twp P-1,11.7877277879361,DFL,"2.50",2.5,6.78671932701689,"80","[ { ""name"": ""Rob Kupec"", ""votes"": 41, ""votes_pct"": 51.250000, ""party"": ""DFL"" }, { ""name"": ""Dan Bohmer"", ""votes"": 39, ""votes_pct"": 48.750000, ""party"": ""R"" }, { ""name"": ""WRITE-IN"", ""votes"": 0, ""votes_pct"": 0, ""party"": ""WI"" } ]"
"140217","7","4",4A,Clay,Moorhead Twp P-2,0.0988061741311788,even,"0.00",0,0,"0","[ { ""name"": ""Dan Bohmer"", ""votes"": 0, ""votes_pct"": 0, ""party"": ""R"" }, { ""name"": ""Rob Kupec"", ""votes"": 0, ""votes_pct"": 0, ""party"": ""DFL"" }, { ""name"": ""WRITE-IN"", ""votes"": 0, ""votes_pct"": 0, ""party"": ""WI"" } ]"
"140220","7","4",4B,Clay,Morken Twp,36.0379116624384,R,"13.96",-13.96,2.38637579240298,"86","[ { ""name"": ""Dan Bohmer"", ""votes"": 49, ""votes_pct"": 56.980000, ""party"": ""R"" }, { ""name"": ""Rob Kupec"", ""votes"": 37, ""votes_pct"": 43.020000, ""party"": ""DFL"" }, { ""name"": ""WRITE-IN"", ""votes"": 0, ""votes_pct"": 0, ""party"": ""WI"" } ]"
"140225","7","4",4B,Clay,Oakport Twp,26.485334966183,R,"39.19",-39.19,7.51359196529277,"199","[ { ""name"": ""Dan Bohmer"", ""votes"": 137, ""votes_pct"": 68.840000, ""party"": ""R"" }, { ""name"": ""Rob Kupec"", ""votes"": 59, ""votes_pct"": 29.650000, ""party"": ""DFL"" }, { ""name"": ""WRITE-IN"", ""votes"": 3, ""votes_pct"": 1.510000, ""party"": ""WI"" } ]"
"140230","7","4",4B,Clay,Parke Twp,36.0583266248806,R,"26.62",-26.62,8.12572372112874,"293","[ { ""name"": ""Dan Bohmer"", ""votes"": 185, ""votes_pct"": 63.140000, ""party"": ""R"" }, { ""name"": ""Rob Kupec"", ""votes"": 107, ""votes_pct"": 36.520000, ""party"": ""DFL"" }, { ""name"": ""WRITE-IN"", ""votes"": 1, ""votes_pct"": 0.340000, ""party"": ""WI"" } ]"
"140235","7","4",4B,Clay,Riverton Twp,35.829010341726,R,"20.00",-20,5.58206877869251,"200","[ { ""name"": ""Dan Bohmer"", ""votes"": 120, ""votes_pct"": 60, ""party"": ""R"" }, { ""name"": ""Rob Kupec"", ""votes"": 80, ""votes_pct"": 40, ""party"": ""DFL"" }, { ""name"": ""WRITE-IN"", ""votes"": 0, ""votes_pct"": 0, ""party"": ""WI"" } ]"
"140240","7","4",4B,Clay,Sabin,0.445903054200747,R,"8.88",-8.88,479.924947774985,"214","[ { ""name"": ""Dan Bohmer"", ""votes"": 114, ""votes_pct"": 53.270000, ""party"": ""R"" }, { ""name"": ""Rob Kupec"", ""votes"": 95, ""votes_pct"": 44.390000, ""party"": ""DFL"" }, { ""name"": ""WRITE-IN"", ""votes"": 5, ""votes_pct"": 2.340000, ""party"": ""WI"" } ]"
"140245","7","4",4B,Clay,Skree Twp,33.8321582463407,R,"1.30",-1.3,2.27594111612221,"77","[ { ""name"": ""Dan Bohmer"", ""votes"": 39, ""votes_pct"": 50.650000, ""party"": ""R"" }, { ""name"": ""Rob Kupec"", ""votes"": 38, ""votes_pct"": 49.350000, ""party"": ""DFL"" }, { ""name"": ""WRITE-IN"", ""votes"": 0, ""votes_pct"": 0, ""party"": ""WI"" } ]"
"140250","7","4",4B,Clay,Spring Prairie Twp,35.703171025133,R,"9.71",-9.71,2.88489781278794,"103","[ { ""name"": ""Dan Bohmer"", ""votes"": 55, ""votes_pct"": 53.400000, ""party"": ""R"" }, { ""name"": ""Rob Kupec"", ""votes"": 45, ""votes_pct"": 43.690000, ""party"": ""DFL"" }, { ""name"": ""WRITE-IN"", ""votes"": 3, ""votes_pct"": 2.910000, ""party"": ""WI"" } ]"
"140255","7","4",4B,Clay,Tansem Twp,36.072814634408,R,"3.23",-3.23,3.43749167501121,"124","[ { ""name"": ""Dan Bohmer"", ""votes"": 63, ""votes_pct"": 50.810000, ""party"": ""R"" }, { ""name"": ""Rob Kupec"", ""votes"": 59, ""votes_pct"": 47.580000, ""party"": ""DFL"" }, { ""name"": ""WRITE-IN"", ""votes"": 2, ""votes_pct"": 1.610000, ""party"": ""WI"" } ]"
"140260","7","1",1B,Clay,Ulen,1.05872886295348,R,"88.42",-88.42,114.287995948701,"121","[ { ""name"": ""Mark Johnson"", ""votes"": 114, ""votes_pct"": 94.210000, ""party"": ""R"" }, { ""name"": ""WRITE-IN"", ""votes"": 7, ""votes_pct"": 5.790000, ""party"": ""WI"" } ]"
"140265","7","1",1B,Clay,Ulen Twp,35.1894050071235,R,"96.16",-96.16,1.47771751154853,"52","[ { ""name"": ""Mark Johnson"", ""votes"": 51, ""votes_pct"": 98.080000, ""party"": ""R"" }, { ""name"": ""WRITE-IN"", ""votes"": 1, ""votes_pct"": 1.920000, ""party"": ""WI"" } ]"
"140270","7","4",4B,Clay,Viding Twp,35.7307503967042,R,"5.66",-5.66,1.48331617476717,"53","[ { ""name"": ""Dan Bohmer"", ""votes"": 28, ""votes_pct"": 52.830000, ""party"": ""R"" }, { ""name"": ""Rob Kupec"", ""votes"": 25, ""votes_pct"": 47.170000, ""party"": ""DFL"" }, { ""name"": ""WRITE-IN"", ""votes"": 0, ""votes_pct"": 0, ""party"": ""WI"" } ]"
"150005","8","2",2B,Clearwater,Bagley,2.19590542068698,R,"33.80",-33.8,196.729784411594,"432","[ { ""name"": ""Steve Green"", ""votes"": 289, ""votes_pct"": 66.900000, ""party"": ""R"" }, { ""name"": ""Leonard Alan Roy"", ""votes"": 143, ""votes_pct"": 33.100000, ""party"": ""DFL"" }, { ""name"": ""WRITE-IN"", ""votes"": 0, ""votes_pct"": 0, ""party"": ""WI"" } ]"
"150010","8","2",2B,Clearwater,Bear Creek Twp,32.2654878749432,R,"53.42",-53.42,2.26247934892348,"73","[ { ""name"": ""Steve Green"", ""votes"": 56, ""votes_pct"": 76.710000, ""party"": ""R"" }, { ""name"": ""Leonard Alan Roy"", ""votes"": 17, ""votes_pct"": 23.290000, ""party"": ""DFL"" }, { ""name"": ""WRITE-IN"", ""votes"": 0, ""votes_pct"": 0, ""party"": ""WI"" } ]"
"150015","8","2",2A,Clearwater,Clearbrook,0.480199537576044,R,"52.60",-52.6,360.266902532375,"173","[ { ""name"": ""Steve Green"", ""votes"": 132, ""votes_pct"": 76.300000, ""party"": ""R"" }, { ""name"": ""Leonard Alan Roy"", ""votes"": 41, ""votes_pct"": 23.700000, ""party"": ""DFL"" }, { ""name"": ""WRITE-IN"", ""votes"": 0, ""votes_pct"": 0, ""party"": ""WI"" } ]"
"150020","8","2",2A,Clearwater,Clover Twp,17.9945293615144,R,"50.00",-50,2.00060803351682,"36","[ { ""name"": ""Steve Green"", ""votes"": 27, ""votes_pct"": 75, ""party"": ""R"" }, { ""name"": ""Leonard Alan Roy"", ""votes"": 9, ""votes_pct"": 25, ""party"": ""DFL"" }, { ""name"": ""WRITE-IN"", ""votes"": 0, ""votes_pct"": 0, ""party"": ""WI"" } ]"
"150025","8","2",2B,Clearwater,Copley Twp,33.6899857786292,R,"59.28",-59.28,12.318200509994,"415","[ { ""name"": ""Steve Green"", ""votes"": 330, ""votes_pct"": 79.520000, ""party"": ""R"" }, { ""name"": ""Leonard Alan Roy"", ""votes"": 84, ""votes_pct"": 20.240000, ""party"": ""DFL"" }, { ""name"": ""WRITE-IN"", ""votes"": 1, ""votes_pct"": 0.240000, ""party"": ""WI"" } ]"
"150030","8","2",2B,Clearwater,Dudley Twp,31.1073427839775,R,"55.56",-55.56,5.20777364768815,"162","[ { ""name"": ""Steve Green"", ""votes"": 126, ""votes_pct"": 77.780000, ""party"": ""R"" }, { ""name"": ""Leonard Alan Roy"", ""votes"": 36, ""votes_pct"": 22.220000, ""party"": ""DFL"" }, { ""name"": ""WRITE-IN"", ""votes"": 0, ""votes_pct"": 0, ""party"": ""WI"" } ]"
"150035","8","2",2B,Clearwater,Eddy Twp,35.6314486995968,R,"65.22",-65.22,4.51848032779599,"161","[ { ""name"": ""Steve Green"", ""votes"": 133, ""votes_pct"": 82.610000, ""party"": ""R"" }, { ""name"": ""Leonard Alan Roy"", ""votes"": 28, ""votes_pct"": 17.390000, ""party"": ""DFL"" }, { ""name"": ""WRITE-IN"", ""votes"": 0, ""votes_pct"": 0, ""party"": ""WI"" } ]"
"150040","8","2",2B,Clearwater,Falk Twp,36.3402377297645,R,"69.56",-69.56,2.53162900815718,"92","[ { ""name"": ""Steve Green"", ""votes"": 78, ""votes_pct"": 84.780000, ""party"": ""R"" }, { ""name"": ""Leonard Alan Roy"", ""votes"": 14, ""votes_pct"": 15.220000, ""party"": ""DFL"" }, { ""name"": ""WRITE-IN"", ""votes"": 0, ""votes_pct"": 0, ""party"": ""WI"" } ]"
"150045","8","2",2A,Clearwater,Gonvick,1.3131179197881,R,"55.56",-55.56,75.39307666746,"99","[ { ""name"": ""Steve Green"", ""votes"": 77, ""votes_pct"": 77.780000, ""party"": ""R"" }, { ""name"": ""Leonard Alan Roy"", ""votes"": 22, ""votes_pct"": 22.220000, ""party"": ""DFL"" }, { ""name"": ""WRITE-IN"", ""votes"": 0, ""votes_pct"": 0, ""party"": ""WI"" } ]"
"150050","8","2",2A,Clearwater,Greenwood Twp,23.8535162273866,R,"72.22",-72.22,1.50921145783396,"36","[ { ""name"": ""Steve Green"", ""votes"": 31, ""votes_pct"": 86.110000, ""party"": ""R"" }, { ""name"": ""Leonard Alan Roy"", ""votes"": 5, ""votes_pct"": 13.890000, ""party"": ""DFL"" }, { ""name"": ""WRITE-IN"", ""votes"": 0, ""votes_pct"": 0, ""party"": ""WI"" } ]"
"150055","8","2",2A,Clearwater,Hangaard Twp,22.0468869854462,R,"100.00",-100,0.136073632616722,"3","[ { ""name"": ""Steve Green"", ""votes"": 3, ""votes_pct"": 100, ""party"": ""R"" }, { ""name"": ""Leonard Alan Roy"", ""votes"": 0, ""votes_pct"": 0, ""party"": ""DFL"" }, { ""name"": ""WRITE-IN"", ""votes"": 0, ""votes_pct"": 0, ""party"": ""WI"" } ]"
"150056","8","2",2A,Clearwater,Red Lake Reservation,191.190385861547,DFL,"33.34",33.34,0.0156911655702839,"3","[ { ""name"": ""Leonard Alan Roy"", ""votes"": 2, ""votes_pct"": 66.670000, ""party"": ""DFL"" }, { ""name"": ""Steve Green"", ""votes"": 1, ""votes_pct"": 33.330000, ""party"": ""R"" }, { ""name"": ""WRITE-IN"", ""votes"": 0, ""votes_pct"": 0, ""party"": ""WI"" } ]"
"150060","8","2",2B,Clearwater,Holst Twp,35.6009888741107,R,"51.20",-51.2,4.71897004305324,"168","[ { ""name"": ""Steve Green"", ""votes"": 127, ""votes_pct"": 75.600000, ""party"": ""R"" }, { ""name"": ""Leonard Alan Roy"", ""votes"": 41, ""votes_pct"": 24.400000, ""party"": ""DFL"" }, { ""name"": ""WRITE-IN"", ""votes"": 0, ""votes_pct"": 0, ""party"": ""WI"" } ]"
"150065","8","2",2B,Clearwater,Itasca Twp,35.8857506656034,R,"15.30",-15.3,2.36862817200234,"85","[ { ""name"": ""Steve Green"", ""votes"": 49, ""votes_pct"": 57.650000, ""party"": ""R"" }, { ""name"": ""Leonard Alan Roy"", ""votes"": 36, ""votes_pct"": 42.350000, ""party"": ""DFL"" }, { ""name"": ""WRITE-IN"", ""votes"": 0, ""votes_pct"": 0, ""party"": ""WI"" } ]"
"150070","8","2",2B,Clearwater,La Prairie Twp,107.279170452382,DFL,"6.02",6.02,0.773682343459589,"83","[ { ""name"": ""Leonard Alan Roy"", ""votes"": 44, ""votes_pct"": 53.010000, ""party"": ""DFL"" }, { ""name"": ""Steve Green"", ""votes"": 39, ""votes_pct"": 46.990000, ""party"": ""R"" }, { ""name"": ""WRITE-IN"", ""votes"": 0, ""votes_pct"": 0, ""party"": ""WI"" } ]"
"150075","8","2",2A,Clearwater,Leon Twp,35.739931091037,R,"72.32",-72.32,4.44880544383239,"159","[ { ""name"": ""Steve Green"", ""votes"": 137, ""votes_pct"": 86.160000, ""party"": ""R"" }, { ""name"": ""Leonard Alan Roy"", ""votes"": 22, ""votes_pct"": 13.840000, ""party"": ""DFL"" }, { ""name"": ""WRITE-IN"", ""votes"": 0, ""votes_pct"": 0, ""party"": ""WI"" } ]"
"150080","8","2",2B,Clearwater,Leonard,0.624754150905456,R,"7.70",-7.7,20.8081850775367,"13","[ { ""name"": ""Steve Green"", ""votes"": 7, ""votes_pct"": 53.850000, ""party"": ""R"" }, { ""name"": ""Leonard Alan Roy"", ""votes"": 6, ""votes_pct"": 46.150000, ""party"": ""DFL"" }, { ""name"": ""WRITE-IN"", ""votes"": 0, ""votes_pct"": 0, ""party"": ""WI"" } ]"
"150085","8","2",2B,Clearwater,Minerva Twp,35.8291693462774,R,"65.14",-65.14,3.04221398343204,"109","[ { ""name"": ""Steve Green"", ""votes"": 90, ""votes_pct"": 82.570000, ""party"": ""R"" }, { ""name"": ""Leonard Alan Roy"", ""votes"": 19, ""votes_pct"": 17.430000, ""party"": ""DFL"" }, { ""name"": ""WRITE-IN"", ""votes"": 0, ""votes_pct"": 0, ""party"": ""WI"" } ]"
"150090","8","2",2B,Clearwater,Moose Creek Twp,32.1656404295398,R,"40.50",-40.5,3.76177804589515,"121","[ { ""name"": ""Steve Green"", ""votes"": 85, ""votes_pct"": 70.250000, ""party"": ""R"" }, { ""name"": ""Leonard Alan Roy"", ""votes"": 36, ""votes_pct"": 29.750000, ""party"": ""DFL"" }, { ""name"": ""WRITE-IN"", ""votes"": 0, ""votes_pct"": 0, ""party"": ""WI"" } ]"
"150095","8","2",2B,Clearwater,Nora Twp,35.9335509367606,R,"60.36",-60.36,6.17807019380571,"222","[ { ""name"": ""Steve Green"", ""votes"": 178, ""votes_pct"": 80.180000, ""party"": ""R"" }, { ""name"": ""Leonard Alan Roy"", ""votes"": 44, ""votes_pct"": 19.820000, ""party"": ""DFL"" }, { ""name"": ""WRITE-IN"", ""votes"": 0, ""votes_pct"": 0, ""party"": ""WI"" } ]"
"150100","8","2",2A,Clearwater,Pine Lake Twp,34.2512185737279,R,"45.02",-45.02,4.99252310197116,"171","[ { ""name"": ""Steve Green"", ""votes"": 124, ""votes_pct"": 72.510000, ""party"": ""R"" }, { ""name"": ""Leonard Alan Roy"", ""votes"": 47, ""votes_pct"": 27.490000, ""party"": ""DFL"" }, { ""name"": ""WRITE-IN"", ""votes"": 0, ""votes_pct"": 0, ""party"": ""WI"" } ]"
"150105","8","2",2B,Clearwater,Popple Twp,35.8829213867338,R,"48.58",-48.58,6.82776068758376,"245","[ { ""name"": ""Steve Green"", ""votes"": 182, ""votes_pct"": 74.290000, ""party"": ""R"" }, { ""name"": ""Leonard Alan Roy"", ""votes"": 63, ""votes_pct"": 25.710000, ""party"": ""DFL"" }, { ""name"": ""WRITE-IN"", ""votes"": 0, ""votes_pct"": 0, ""party"": ""WI"" } ]"
"150110","8","2",2B,Clearwater,Rice Twp,36.1180185858063,R,"27.58",-27.58,1.60584667351583,"58","[ { ""name"": ""Steve Green"", ""votes"": 37, ""votes_pct"": 63.790000, ""party"": ""R"" }, { ""name"": ""Leonard Alan Roy"", ""votes"": 21, ""votes_pct"": 36.210000, ""party"": ""DFL"" }, { ""name"": ""WRITE-IN"", ""votes"": 0, ""votes_pct"": 0, ""party"": ""WI"" } ]"
"150115","8","2",2B,Clearwater,Shevlin,0.802974246032673,R,"61.54",-61.54,64.7592376180445,"52","[ { ""name"": ""Steve Green"", ""votes"": 42, ""votes_pct"": 80.770000, ""party"": ""R"" }, { ""name"": ""Leonard Alan Roy"", ""votes"": 10, ""votes_pct"": 19.230000, ""party"": ""DFL"" }, { ""name"": ""WRITE-IN"", ""votes"": 0, ""votes_pct"": 0, ""party"": ""WI"" } ]"
"150120","8","2",2B,Clearwater,Shevlin Twp,31.1729285561909,R,"65.42",-65.42,6.86493088431694,"214","[ { ""name"": ""Steve Green"", ""votes"": 177, ""votes_pct"": 82.710000, ""party"": ""R"" }, { ""name"": ""Leonard Alan Roy"", ""votes"": 37, ""votes_pct"": 17.290000, ""party"": ""DFL"" }, { ""name"": ""WRITE-IN"", ""votes"": 0, ""votes_pct"": 0, ""party"": ""WI"" } ]"
"150125","8","2",2A,Clearwater,Sinclair Twp,36.2849137457063,R,"55.06",-55.06,2.45281001971602,"89","[ { ""name"": ""Steve Green"", ""votes"": 69, ""votes_pct"": 77.530000, ""party"": ""R"" }, { ""name"": ""Leonard Alan Roy"", ""votes"": 20, ""votes_pct"": 22.470000, ""party"": ""DFL"" }, { ""name"": ""WRITE-IN"", ""votes"": 0, ""votes_pct"": 0, ""party"": ""WI"" } ]"
"150130","8","2",2A,Clearwater,Winsor Twp,35.838162058945,R,"52.94",-52.94,1.42306404876783,"51","[ { ""name"": ""Steve Green"", ""votes"": 39, ""votes_pct"": 76.470000, ""party"": ""R"" }, { ""name"": ""Leonard Alan Roy"", ""votes"": 12, ""votes_pct"": 23.530000, ""party"": ""DFL"" }, { ""name"": ""WRITE-IN"", ""votes"": 0, ""votes_pct"": 0, ""party"": ""WI"" } ]"
"150135","8","2",2B,Clearwater,South Clearwater 143-36,35.9702687722435,R,"100.00",-100,0.0834022125048716,"3","[ { ""name"": ""Steve Green"", ""votes"": 3, ""votes_pct"": 100, ""party"": ""R"" }, { ""name"": ""Leonard Alan Roy"", ""votes"": 0, ""votes_pct"": 0, ""party"": ""DFL"" }, { ""name"": ""WRITE-IN"", ""votes"": 0, ""votes_pct"": 0, ""party"": ""WI"" } ]"
"150140","8","2",2B,Clearwater,Long Lost Lake Twp,35.9211189691926,DFL,"21.22",21.22,0.918679622099248,"33","[ { ""name"": ""Leonard Alan Roy"", ""votes"": 20, ""votes_pct"": 60.610000, ""party"": ""DFL"" }, { ""name"": ""Steve Green"", ""votes"": 13, ""votes_pct"": 39.390000, ""party"": ""R"" }, { ""name"": ""WRITE-IN"", ""votes"": 0, ""votes_pct"": 0, ""party"": ""WI"" } ]"
"160005","8","3",3A,Cook,Magney P-3,192.284704252555,DFL,"16.66",16.66,0.374444760335341,"72","[ { ""name"": ""Grant Hauschild"", ""votes"": 42, ""votes_pct"": 58.330000, ""party"": ""DFL"" }, { ""name"": ""Andrea Zupancich"", ""votes"": 30, ""votes_pct"": 41.670000, ""party"": ""R"" }, { ""name"": ""WRITE-IN"", ""votes"": 0, ""votes_pct"": 0, ""party"": ""WI"" } ]"
"160010","8","3",3A,Cook,Grand Marais East P-5,0.962442502915608,DFL,"50.25",50.25,411.453150500278,"396","[ { ""name"": ""Grant Hauschild"", ""votes"": 297, ""votes_pct"": 75, ""party"": ""DFL"" }, { ""name"": ""Andrea Zupancich"", ""votes"": 98, ""votes_pct"": 24.750000, ""party"": ""R"" }, { ""name"": ""WRITE-IN"", ""votes"": 1, ""votes_pct"": 0.250000, ""party"": ""WI"" } ]"
"160015","8","3",3A,Cook,Grand Marais West P-6,1.93124227083688,DFL,"48.44",48.44,166.732058873414,"322","[ { ""name"": ""Grant Hauschild"", ""votes"": 239, ""votes_pct"": 74.220000, ""party"": ""DFL"" }, { ""name"": ""Andrea Zupancich"", ""votes"": 83, ""votes_pct"": 25.780000, ""party"": ""R"" }, { ""name"": ""WRITE-IN"", ""votes"": 0, ""votes_pct"": 0, ""party"": ""WI"" } ]"
"160020","8","3",3A,Cook,Grand Portage P-1,74.994549738966,DFL,"41.60",41.6,1.82679942044931,"137","[ { ""name"": ""Grant Hauschild"", ""votes"": 97, ""votes_pct"": 70.800000, ""party"": ""DFL"" }, { ""name"": ""Andrea Zupancich"", ""votes"": 40, ""votes_pct"": 29.200000, ""party"": ""R"" }, { ""name"": ""WRITE-IN"", ""votes"": 0, ""votes_pct"": 0, ""party"": ""WI"" } ]"
"160025","8","3",3A,Cook,Hovland P-2,98.2219120308855,DFL,"18.86",18.86,2.15837785700341,"212","[ { ""name"": ""Grant Hauschild"", ""votes"": 126, ""votes_pct"": 59.430000, ""party"": ""DFL"" }, { ""name"": ""Andrea Zupancich"", ""votes"": 86, ""votes_pct"": 40.570000, ""party"": ""R"" }, { ""name"": ""WRITE-IN"", ""votes"": 0, ""votes_pct"": 0, ""party"": ""WI"" } ]"
"160030","8","3",3A,Cook,Cascade P-7,26.3246606859308,DFL,"39.04",39.04,15.0809161317007,"397","[ { ""name"": ""Grant Hauschild"", ""votes"": 276, ""votes_pct"": 69.520000, ""party"": ""DFL"" }, { ""name"": ""Andrea Zupancich"", ""votes"": 121, ""votes_pct"": 30.480000, ""party"": ""R"" }, { ""name"": ""WRITE-IN"", ""votes"": 0, ""votes_pct"": 0, ""party"": ""WI"" } ]"
"160035","8","3",3A,Cook,Lutsen Twp P-10,105.621997263225,DFL,"33.96",33.96,3.06754282625943,"324","[ { ""name"": ""Grant Hauschild"", ""votes"": 217, ""votes_pct"": 66.980000, ""party"": ""DFL"" }, { ""name"": ""Andrea Zupancich"", ""votes"": 107, ""votes_pct"": 33.020000, ""party"": ""R"" }, { ""name"": ""WRITE-IN"", ""votes"": 0, ""votes_pct"": 0, ""party"": ""WI"" } ]"
"160040","8","3",3A,Cook,Gunflint Trail P-8,615.14958156795,DFL,"24.06",24.06,0.385272146972632,"237","[ { ""name"": ""Grant Hauschild"", ""votes"": 147, ""votes_pct"": 62.030000, ""party"": ""DFL"" }, { ""name"": ""Andrea Zupancich"", ""votes"": 90, ""votes_pct"": 37.970000, ""party"": ""R"" }, { ""name"": ""WRITE-IN"", ""votes"": 0, ""votes_pct"": 0, ""party"": ""WI"" } ]"
"160045","8","3",3A,Cook,Schroeder Twp P-12,158.889665505928,DFL,"32.66",32.66,0.616780202085223,"98","[ { ""name"": ""Grant Hauschild"", ""votes"": 65, ""votes_pct"": 66.330000, ""party"": ""DFL"" }, { ""name"": ""Andrea Zupancich"", ""votes"": 33, ""votes_pct"": 33.670000, ""party"": ""R"" }, { ""name"": ""WRITE-IN"", ""votes"": 0, ""votes_pct"": 0, ""party"": ""WI"" } ]"
"160050","8","3",3A,Cook,Tofte Twp P-11,163.740146851581,DFL,"38.46",38.46,0.873334992972855,"143","[ { ""name"": ""Grant Hauschild"", ""votes"": 99, ""votes_pct"": 69.230000, ""party"": ""DFL"" }, { ""name"": ""Andrea Zupancich"", ""votes"": 44, ""votes_pct"": 30.770000, ""party"": ""R"" }, { ""name"": ""WRITE-IN"", ""votes"": 0, ""votes_pct"": 0, ""party"": ""WI"" } ]"
"160055","8","3",3A,Cook,Croftville P-4,8.09510214678165,DFL,"26.50",26.5,28.9063677958691,"234","[ { ""name"": ""Grant Hauschild"", ""votes"": 148, ""votes_pct"": 63.250000, ""party"": ""DFL"" }, { ""name"": ""Andrea Zupancich"", ""votes"": 86, ""votes_pct"": 36.750000, ""party"": ""R"" }, { ""name"": ""WRITE-IN"", ""votes"": 0, ""votes_pct"": 0, ""party"": ""WI"" } ]"
"160060","8","3",3A,Cook,Pike Lake P-9,66.0796774793298,DFL,"31.12",31.12,1.36199211971264,"90","[ { ""name"": ""Grant Hauschild"", ""votes"": 59, ""votes_pct"": 65.560000, ""party"": ""DFL"" }, { ""name"": ""Andrea Zupancich"", ""votes"": 31, ""votes_pct"": 34.440000, ""party"": ""R"" }, { ""name"": ""WRITE-IN"", ""votes"": 0, ""votes_pct"": 0, ""party"": ""WI"" } ]"
"160065","8","3",3A,Cook,Maple Hill P-8A,30.4211167805516,DFL,"17.16",17.16,8.80967000433507,"268","[ { ""name"": ""Grant Hauschild"", ""votes"": 157, ""votes_pct"": 58.580000, ""party"": ""DFL"" }, { ""name"": ""Andrea Zupancich"", ""votes"": 111, ""votes_pct"": 41.420000, ""party"": ""R"" }, { ""name"": ""WRITE-IN"", ""votes"": 0, ""votes_pct"": 0, ""party"": ""WI"" } ]"
"160070","8","3",3A,Cook,Colvill P-8B,62.8812570962862,DFL,"41.06",41.06,4.53235213735624,"285","[ { ""name"": ""Grant Hauschild"", ""votes"": 201, ""votes_pct"": 70.530000, ""party"": ""DFL"" }, { ""name"": ""Andrea Zupancich"", ""votes"": 84, ""votes_pct"": 29.470000, ""party"": ""R"" }, { ""name"": ""WRITE-IN"", ""votes"": 0, ""votes_pct"": 0, ""party"": ""WI"" } ]"
"170005","7","21",21A,Cottonwood,Amboy Twp,35.548984541366,R,"100.00",-100,2.41919709126789,"86","[ { ""name"": ""Bill Weber"", ""votes"": 86, ""votes_pct"": 100, ""party"": ""R"" }, { ""name"": ""WRITE-IN"", ""votes"": 0, ""votes_pct"": 0, ""party"": ""WI"" } ]"
"170010","7","21",21A,Cottonwood,Amo Twp,35.7959321086267,R,"100.00",-100,1.50855130231366,"54","[ { ""name"": ""Bill Weber"", ""votes"": 54, ""votes_pct"": 100, ""party"": ""R"" }, { ""name"": ""WRITE-IN"", ""votes"": 0, ""votes_pct"": 0, ""party"": ""WI"" } ]"
"170015","7","21",21A,Cottonwood,Ann Twp,36.1609581637933,R,"100.00",-100,1.93578941362479,"70","[ { ""name"": ""Bill Weber"", ""votes"": 70, ""votes_pct"": 100, ""party"": ""R"" }, { ""name"": ""WRITE-IN"", ""votes"": 0, ""votes_pct"": 0, ""party"": ""WI"" } ]"
"170020","7","21",21B,Cottonwood,Bingham Lake,0.773474896385334,R,"92.72",-92.72,71.1076729924015,"55","[ { ""name"": ""Bill Weber"", ""votes"": 53, ""votes_pct"": 96.360000, ""party"": ""R"" }, { ""name"": ""WRITE-IN"", ""votes"": 2, ""votes_pct"": 3.640000, ""party"": ""WI"" } ]"
"170025","7","21",21A,Cottonwood,Carson Twp,35.901762684186,R,"100.00",-100,3.67669969748152,"132","[ { ""name"": ""Bill Weber"", ""votes"": 132, ""votes_pct"": 100, ""party"": ""R"" }, { ""name"": ""WRITE-IN"", ""votes"": 0, ""votes_pct"": 0, ""party"": ""WI"" } ]"
"170030","7","21",21A,Cottonwood,Comfrey,0.0274226438952437,R,"100.00",-100,328.195925760498,"9","[ { ""name"": ""Bill Weber"", ""votes"": 9, ""votes_pct"": 100, ""party"": ""R"" }, { ""name"": ""WRITE-IN"", ""votes"": 0, ""votes_pct"": 0, ""party"": ""WI"" } ]"
"170035","7","21",21A,Cottonwood,Dale Twp,36.0663451513022,R,"97.34",-97.34,2.07950097758359,"75","[ { ""name"": ""Bill Weber"", ""votes"": 74, ""votes_pct"": 98.670000, ""party"": ""R"" }, { ""name"": ""WRITE-IN"", ""votes"": 1, ""votes_pct"": 1.330000, ""party"": ""WI"" } ]"
"170040","7","21",21A,Cottonwood,Delton Twp,35.79587315301,R,"97.10",-97.1,1.9275965054703,"69","[ { ""name"": ""Bill Weber"", ""votes"": 68, ""votes_pct"": 98.550000, ""party"": ""R"" }, { ""name"": ""WRITE-IN"", ""votes"": 1, ""votes_pct"": 1.450000, ""party"": ""WI"" } ]"
"170045","7","21",21A,Cottonwood,Germantown Twp P-1,18.1429731748465,R,"92.00",-92,2.75588788662931,"50","[ { ""name"": ""Bill Weber"", ""votes"": 48, ""votes_pct"": 96, ""party"": ""R"" }, { ""name"": ""WRITE-IN"", ""votes"": 2, ""votes_pct"": 4, ""party"": ""WI"" } ]"
"170047","7","21",21A,Cottonwood,Germantown Twp P-2,17.7054919864208,R,"100.00",-100,2.48510462368093,"44","[ { ""name"": ""Bill Weber"", ""votes"": 44, ""votes_pct"": 100, ""party"": ""R"" }, { ""name"": ""WRITE-IN"", ""votes"": 0, ""votes_pct"": 0, ""party"": ""WI"" } ]"
"170050","7","21",21B,Cottonwood,Great Bend Twp,31.7647580867159,R,"97.26",-97.26,4.59628874243048,"146","[ { ""name"": ""Bill Weber"", ""votes"": 144, ""votes_pct"": 98.630000, ""party"": ""R"" }, { ""name"": ""WRITE-IN"", ""votes"": 2, ""votes_pct"": 1.370000, ""party"": ""WI"" } ]"
"170055","7","21",21A,Cottonwood,Highwater Twp,36.1082269049416,R,"100.00",-100,2.29864513199459,"83","[ { ""name"": ""Bill Weber"", ""votes"": 83, ""votes_pct"": 100, ""party"": ""R"" }, { ""name"": ""WRITE-IN"", ""votes"": 0, ""votes_pct"": 0, ""party"": ""WI"" } ]"
"170060","7","21",21A,Cottonwood,Jeffers,0.388671604397505,R,"94.28",-94.28,270.15094185428,"105","[ { ""name"": ""Bill Weber"", ""votes"": 102, ""votes_pct"": 97.140000, ""party"": ""R"" }, { ""name"": ""WRITE-IN"", ""votes"": 3, ""votes_pct"": 2.860000, ""party"": ""WI"" } ]"
"170065","7","21",21B,Cottonwood,Lakeside Twp,35.2556116320751,R,"98.44",-98.44,3.63062769512548,"128","[ { ""name"": ""Bill Weber"", ""votes"": 127, ""votes_pct"": 99.220000, ""party"": ""R"" }, { ""name"": ""WRITE-IN"", ""votes"": 1, ""votes_pct"": 0.780000, ""party"": ""WI"" } ]"
"170070","7","21",21A,Cottonwood,Midway Twp,34.3871433205057,R,"98.30",-98.3,3.40243441886115,"117","[ { ""name"": ""Bill Weber"", ""votes"": 116, ""votes_pct"": 99.150000, ""party"": ""R"" }, { ""name"": ""WRITE-IN"", ""votes"": 1, ""votes_pct"": 0.850000, ""party"": ""WI"" } ]"
"170075","7","21",21A,Cottonwood,Mountain Lake,1.67670564760928,R,"96.36",-96.36,359.633785965822,"603","[ { ""name"": ""Bill Weber"", ""votes"": 592, ""votes_pct"": 98.180000, ""party"": ""R"" }, { ""name"": ""WRITE-IN"", ""votes"": 11, ""votes_pct"": 1.820000, ""party"": ""WI"" } ]"
"170085","7","21",21B,Cottonwood,Mountain Lake Twp,35.5988531179066,R,"97.98",-97.98,2.78098846814258,"99","[ { ""name"": ""Bill Weber"", ""votes"": 98, ""votes_pct"": 98.990000, ""party"": ""R"" }, { ""name"": ""WRITE-IN"", ""votes"": 1, ""votes_pct"": 1.010000, ""party"": ""WI"" } ]"
"170090","7","21",21A,Cottonwood,Rosehill Twp,36.5122571377836,R,"84.84",-84.84,1.80761216023816,"66","[ { ""name"": ""Bill Weber"", ""votes"": 61, ""votes_pct"": 92.420000, ""party"": ""R"" }, { ""name"": ""WRITE-IN"", ""votes"": 5, ""votes_pct"": 7.580000, ""party"": ""WI"" } ]"
"170095","7","21",21A,Cottonwood,Selma Twp,35.9870429586353,R,"100.00",-100,2.00072009480632,"72","[ { ""name"": ""Bill Weber"", ""votes"": 72, ""votes_pct"": 100, ""party"": ""R"" }, { ""name"": ""WRITE-IN"", ""votes"": 0, ""votes_pct"": 0, ""party"": ""WI"" } ]"
"170100","7","21",21A,Cottonwood,Southbrook Twp,36.2960624810441,R,"94.60",-94.6,1.01939432188612,"37","[ { ""name"": ""Bill Weber"", ""votes"": 36, ""votes_pct"": 97.300000, ""party"": ""R"" }, { ""name"": ""WRITE-IN"", ""votes"": 1, ""votes_pct"": 2.700000, ""party"": ""WI"" } ]"
"170105","7","21",21B,Cottonwood,Springfield Twp,36.0442405583489,R,"100.00",-100,1.47041522248757,"53","[ { ""name"": ""Bill Weber"", ""votes"": 53, ""votes_pct"": 100, ""party"": ""R"" }, { ""name"": ""WRITE-IN"", ""votes"": 0, ""votes_pct"": 0, ""party"": ""WI"" } ]"
"170110","7","21",21A,Cottonwood,Storden,0.325667734798349,R,"90.00",-90,245.649143135212,"80","[ { ""name"": ""Bill Weber"", ""votes"": 76, ""votes_pct"": 95, ""party"": ""R"" }, { ""name"": ""WRITE-IN"", ""votes"": 4, ""votes_pct"": 5, ""party"": ""WI"" } ]"
"170115","7","21",21A,Cottonwood,Storden Twp,35.7127057490346,R,"100.00",-100,2.63211644227044,"94","[ { ""name"": ""Bill Weber"", ""votes"": 94, ""votes_pct"": 100, ""party"": ""R"" }, { ""name"": ""WRITE-IN"", ""votes"": 0, ""votes_pct"": 0, ""party"": ""WI"" } ]"
"170120","7","21",21A,Cottonwood,Westbrook,0.620746166909583,R,"92.48",-92.48,428.516540543931,"266","[ { ""name"": ""Bill Weber"", ""votes"": 256, ""votes_pct"": 96.240000, ""party"": ""R"" }, { ""name"": ""WRITE-IN"", ""votes"": 10, ""votes_pct"": 3.760000, ""party"": ""WI"" } ]"
"170125","7","21",21A,Cottonwood,Westbrook Twp,35.5882788338863,R,"100.00",-100,2.838013056811,"101","[ { ""name"": ""Bill Weber"", ""votes"": 101, ""votes_pct"": 100, ""party"": ""R"" }, { ""name"": ""WRITE-IN"", ""votes"": 0, ""votes_pct"": 0, ""party"": ""WI"" } ]"
"170130","7","21",21B,Cottonwood,Windom W-1 P-1,0.470940346155708,R,"94.52",-94.52,696.478869728339,"328","[ { ""name"": ""Bill Weber"", ""votes"": 319, ""votes_pct"": 97.260000, ""party"": ""R"" }, { ""name"": ""WRITE-IN"", ""votes"": 9, ""votes_pct"": 2.740000, ""party"": ""WI"" } ]"
"170135","7","21",21B,Cottonwood,Windom W-1 P-2,1.31973291060554,R,"96.58",-96.58,355.374937027832,"469","[ { ""name"": ""Bill Weber"", ""votes"": 461, ""votes_pct"": 98.290000, ""party"": ""R"" }, { ""name"": ""WRITE-IN"", ""votes"": 8, ""votes_pct"": 1.710000, ""party"": ""WI"" } ]"
"170140","7","21",21B,Cottonwood,Windom W-2 P-1,1.0412919507379,R,"94.40",-94.4,240.086365618059,"250","[ { ""name"": ""Bill Weber"", ""votes"": 243, ""votes_pct"": 97.200000, ""party"": ""R"" }, { ""name"": ""WRITE-IN"", ""votes"": 7, ""votes_pct"": 2.800000, ""party"": ""WI"" } ]"
"170145","7","21",21B,Cottonwood,Windom W-2 P-2,1.45893368513821,R,"95.78",-95.78,194.662720377928,"284","[ { ""name"": ""Bill Weber"", ""votes"": 278, ""votes_pct"": 97.890000, ""party"": ""R"" }, { ""name"": ""WRITE-IN"", ""votes"": 6, ""votes_pct"": 2.110000, ""party"": ""WI"" } ]"
"180005","8","6",6B,Crow Wing,Baxter P-1 East,5.43449270770263,R,"20.64",-20.64,283.559125549262,"1541","[ { ""name"": ""Justin Eichorn"", ""votes"": 929, ""votes_pct"": 60.290000, ""party"": ""R"" }, { ""name"": ""Steve Samuelson"", ""votes"": 611, ""votes_pct"": 39.650000, ""party"": ""DFL"" }, { ""name"": ""WRITE-IN"", ""votes"": 1, ""votes_pct"": 0.060000, ""party"": ""WI"" } ]"
"180006","8","6",6B,Crow Wing,Baxter P-1 West,4.01873550917553,R,"16.08",-16.08,241.369455089868,"970","[ { ""name"": ""Justin Eichorn"", ""votes"": 563, ""votes_pct"": 58.040000, ""party"": ""R"" }, { ""name"": ""Steve Samuelson"", ""votes"": 407, ""votes_pct"": 41.960000, ""party"": ""DFL"" }, { ""name"": ""WRITE-IN"", ""votes"": 0, ""votes_pct"": 0, ""party"": ""WI"" } ]"
"180007","8","6",6B,Crow Wing,Baxter P-2 East,4.21145353190133,R,"14.49",-14.49,214.652730500834,"904","[ { ""name"": ""Justin Eichorn"", ""votes"": 517, ""votes_pct"": 57.190000, ""party"": ""R"" }, { ""name"": ""Steve Samuelson"", ""votes"": 386, ""votes_pct"": 42.700000, ""party"": ""DFL"" }, { ""name"": ""WRITE-IN"", ""votes"": 1, ""votes_pct"": 0.110000, ""party"": ""WI"" } ]"
"180008","8","6",6B,Crow Wing,Baxter P-2 West,7.4495501898246,R,"24.86",-24.86,112.892722187271,"841","[ { ""name"": ""Justin Eichorn"", ""votes"": 525, ""votes_pct"": 62.430000, ""party"": ""R"" }, { ""name"": ""Steve Samuelson"", ""votes"": 316, ""votes_pct"": 37.570000, ""party"": ""DFL"" }, { ""name"": ""WRITE-IN"", ""votes"": 0, ""votes_pct"": 0, ""party"": ""WI"" } ]"
"180010","8","6",6A,Crow Wing,Bay Lake Twp,36.2125836451408,R,"23.68",-23.68,16.7897437520061,"608","[ { ""name"": ""Justin Eichorn"", ""votes"": 376, ""votes_pct"": 61.840000, ""party"": ""R"" }, { ""name"": ""Steve Samuelson"", ""votes"": 232, ""votes_pct"": 38.160000, ""party"": ""DFL"" }, { ""name"": ""WRITE-IN"", ""votes"": 0, ""votes_pct"": 0, ""party"": ""WI"" } ]"
"180015","8","6",6B,Crow Wing,Brainerd W-1 P-1,1.22971879861588,R,"8.06",-8.06,302.508183512123,"372","[ { ""name"": ""Justin Eichorn"", ""votes"": 200, ""votes_pct"": 53.760000, ""party"": ""R"" }, { ""name"": ""Steve Samuelson"", ""votes"": 170, ""votes_pct"": 45.700000, ""party"": ""DFL"" }, { ""name"": ""WRITE-IN"", ""votes"": 2, ""votes_pct"": 0.540000, ""party"": ""WI"" } ]"
"180016","8","6",6B,Crow Wing,Brainerd W-1 P-2,1.9663358292761,R,"14.46",-14.46,429.224747590911,"844","[ { ""name"": ""Justin Eichorn"", ""votes"": 483, ""votes_pct"": 57.230000, ""party"": ""R"" }, { ""name"": ""Steve Samuelson"", ""votes"": 361, ""votes_pct"": 42.770000, ""party"": ""DFL"" }, { ""name"": ""WRITE-IN"", ""votes"": 0, ""votes_pct"": 0, ""party"": ""WI"" } ]"
"180020","8","6",6B,Crow Wing,Brainerd W-2 P-1,2.90168566281723,R,"16.80",-16.8,254.334923129985,"738","[ { ""name"": ""Justin Eichorn"", ""votes"": 431, ""votes_pct"": 58.400000, ""party"": ""R"" }, { ""name"": ""Steve Samuelson"", ""votes"": 307, ""votes_pct"": 41.600000, ""party"": ""DFL"" }, { ""name"": ""WRITE-IN"", ""votes"": 0, ""votes_pct"": 0, ""party"": ""WI"" } ]"
"180025","8","6",6B,Crow Wing,Brainerd W-2 P-2,1.07651047419887,DFL,"0.62",0.62,448.671900159116,"483","[ { ""name"": ""Steve Samuelson"", ""votes"": 243, ""votes_pct"": 50.310000, ""party"": ""DFL"" }, { ""name"": ""Justin Eichorn"", ""votes"": 240, ""votes_pct"": 49.690000, ""party"": ""R"" }, { ""name"": ""WRITE-IN"", ""votes"": 0, ""votes_pct"": 0, ""party"": ""WI"" } ]"
"180035","8","6",6B,Crow Wing,Brainerd W-3 P-1,0.627318396229239,R,"10.42",-10.42,658.357864973369,"413","[ { ""name"": ""Justin Eichorn"", ""votes"": 228, ""votes_pct"": 55.210000, ""party"": ""R"" }, { ""name"": ""Steve Samuelson"", ""votes"": 185, ""votes_pct"": 44.790000, ""party"": ""DFL"" }, { ""name"": ""WRITE-IN"", ""votes"": 0, ""votes_pct"": 0, ""party"": ""WI"" } ]"
"180040","8","6",6B,Crow Wing,Brainerd W-3 P-2,1.76618689869937,R,"16.16",-16.16,371.42162048823,"656","[ { ""name"": ""Justin Eichorn"", ""votes"": 380, ""votes_pct"": 57.930000, ""party"": ""R"" }, { ""name"": ""Steve Samuelson"", ""votes"": 274, ""votes_pct"": 41.770000, ""party"": ""DFL"" }, { ""name"": ""WRITE-IN"", ""votes"": 2, ""votes_pct"": 0.300000, ""party"": ""WI"" } ]"
"180042","8","6",6A,Crow Wing,Brainerd W-3 P-3,0.0100200242181511,DFL,"14.28",14.28,698.601105905476,"7","[ { ""name"": ""Steve Samuelson"", ""votes"": 4, ""votes_pct"": 57.140000, ""party"": ""DFL"" }, { ""name"": ""Justin Eichorn"", ""votes"": 3, ""votes_pct"": 42.860000, ""party"": ""R"" }, { ""name"": ""WRITE-IN"", ""votes"": 0, ""votes_pct"": 0, ""party"": ""WI"" } ]"
"180045","8","6",6B,Crow Wing,Brainerd W-4 P-1,1.90361313999113,R,"9.31",-9.31,298.905270218218,"569","[ { ""name"": ""Justin Eichorn"", ""votes"": 310, ""votes_pct"": 54.480000, ""party"": ""R"" }, { ""name"": ""Steve Samuelson"", ""votes"": 257, ""votes_pct"": 45.170000, ""party"": ""DFL"" }, { ""name"": ""WRITE-IN"", ""votes"": 2, ""votes_pct"": 0.350000, ""party"": ""WI"" } ]"
"180050","8","6",6B,Crow Wing,Brainerd W-4 P-2,1.35849707921199,R,"20.32",-20.32,282.665311450463,"384","[ { ""name"": ""Justin Eichorn"", ""votes"": 231, ""votes_pct"": 60.160000, ""party"": ""R"" }, { ""name"": ""Steve Samuelson"", ""votes"": 153, ""votes_pct"": 39.840000, ""party"": ""DFL"" }, { ""name"": ""WRITE-IN"", ""votes"": 0, ""votes_pct"": 0, ""party"": ""WI"" } ]"
"180055","8","6",6B,Crow Wing,Breezy Point City,12.8305975853741,R,"38.78",-38.78,120.960850784468,"1552","[ { ""name"": ""Justin Eichorn"", ""votes"": 1077, ""votes_pct"": 69.390000, ""party"": ""R"" }, { ""name"": ""Steve Samuelson"", ""votes"": 475, ""votes_pct"": 30.610000, ""party"": ""DFL"" }, { ""name"": ""WRITE-IN"", ""votes"": 0, ""votes_pct"": 0, ""party"": ""WI"" } ]"
"180060","8","6",6B,Crow Wing,Center Twp,21.7445704301955,R,"36.14",-36.14,27.3631526504546,"595","[ { ""name"": ""Justin Eichorn"", ""votes"": 405, ""votes_pct"": 68.070000, ""party"": ""R"" }, { ""name"": ""Steve Samuelson"", ""votes"": 190, ""votes_pct"": 31.930000, ""party"": ""DFL"" }, { ""name"": ""WRITE-IN"", ""votes"": 0, ""votes_pct"": 0, ""party"": ""WI"" } ]"
"180065","8","6",6A,Crow Wing,Crosby City,3.78749186756612,R,"9.02",-9.02,216.766142002988,"821","[ { ""name"": ""Justin Eichorn"", ""votes"": 447, ""votes_pct"": 54.450000, ""party"": ""R"" }, { ""name"": ""Steve Samuelson"", ""votes"": 373, ""votes_pct"": 45.430000, ""party"": ""DFL"" }, { ""name"": ""WRITE-IN"", ""votes"": 1, ""votes_pct"": 0.120000, ""party"": ""WI"" } ]"
"180075","8","6",6A,Crow Wing,Crosslake City,35.8548438182091,R,"36.38",-36.38,45.1542895629008,"1619","[ { ""name"": ""Justin Eichorn"", ""votes"": 1104, ""votes_pct"": 68.190000, ""party"": ""R"" }, { ""name"": ""Steve Samuelson"", ""votes"": 515, ""votes_pct"": 31.810000, ""party"": ""DFL"" }, { ""name"": ""WRITE-IN"", ""votes"": 0, ""votes_pct"": 0, ""party"": ""WI"" } ]"
"180080","8","6",6B,Crow Wing,Crow Wing Twp,29.6692852492179,R,"48.04",-48.04,33.5363656940886,"995","[ { ""name"": ""Justin Eichorn"", ""votes"": 736, ""votes_pct"": 73.970000, ""party"": ""R"" }, { ""name"": ""Steve Samuelson"", ""votes"": 258, ""votes_pct"": 25.930000, ""party"": ""DFL"" }, { ""name"": ""WRITE-IN"", ""votes"": 1, ""votes_pct"": 0.100000, ""party"": ""WI"" } ]"
"180085","8","6",6A,Crow Wing,Cuyuna City,3.55865514076601,R,"20.28",-20.28,38.7786943497692,"138","[ { ""name"": ""Justin Eichorn"", ""votes"": 83, ""votes_pct"": 60.140000, ""party"": ""R"" }, { ""name"": ""Steve Samuelson"", ""votes"": 55, ""votes_pct"": 39.860000, ""party"": ""DFL"" }, { ""name"": ""WRITE-IN"", ""votes"": 0, ""votes_pct"": 0, ""party"": ""WI"" } ]"
"180090","8","10",10A,Crow Wing,Daggett Brook Twp,36.3363690135946,R,"60.76",-60.76,7.29296864804666,"265","[ { ""name"": ""Nathan Wesenberg"", ""votes"": 213, ""votes_pct"": 80.380000, ""party"": ""R"" }, { ""name"": ""Suzanne M. Cekalla"", ""votes"": 52, ""votes_pct"": 19.620000, ""party"": ""DFL"" }, { ""name"": ""WRITE-IN"", ""votes"": 0, ""votes_pct"": 0, ""party"": ""WI"" } ]"
"180100","8","6",6A,Crow Wing,Dean Lake Prec,18.136836493879,R,"52.78",-52.78,3.96982130948247,"72","[ { ""name"": ""Justin Eichorn"", ""votes"": 55, ""votes_pct"": 76.390000, ""party"": ""R"" }, { ""name"": ""Steve Samuelson"", ""votes"": 17, ""votes_pct"": 23.610000, ""party"": ""DFL"" }, { ""name"": ""WRITE-IN"", ""votes"": 0, ""votes_pct"": 0, ""party"": ""WI"" } ]"
"180105","8","6",6A,Crow Wing,Deerwood City,2.03374309749425,R,"26.88",-26.88,91.4569791185368,"186","[ { ""name"": ""Justin Eichorn"", ""votes"": 118, ""votes_pct"": 63.440000, ""party"": ""R"" }, { ""name"": ""Steve Samuelson"", ""votes"": 68, ""votes_pct"": 36.560000, ""party"": ""DFL"" }, { ""name"": ""WRITE-IN"", ""votes"": 0, ""votes_pct"": 0, ""party"": ""WI"" } ]"
"180110","8","6",6A,Crow Wing,Deerwood Twp,33.5574121137512,R,"24.48",-24.48,24.7039311967769,"829","[ { ""name"": ""Justin Eichorn"", ""votes"": 516, ""votes_pct"": 62.240000, ""party"": ""R"" }, { ""name"": ""Steve Samuelson"", ""votes"": 313, ""votes_pct"": 37.760000, ""party"": ""DFL"" }, { ""name"": ""WRITE-IN"", ""votes"": 0, ""votes_pct"": 0, ""party"": ""WI"" } ]"
"180115","8","6",6A,Crow Wing,Emily City,36.0066837890331,R,"47.00",-47,16.2469835719273,"585","[ { ""name"": ""Justin Eichorn"", ""votes"": 430, ""votes_pct"": 73.500000, ""party"": ""R"" }, { ""name"": ""Steve Samuelson"", ""votes"": 155, ""votes_pct"": 26.500000, ""party"": ""DFL"" }, { ""name"": ""WRITE-IN"", ""votes"": 0, ""votes_pct"": 0, ""party"": ""WI"" } ]"
"180120","8","6",6A,Crow Wing,Fairfield Twp,35.8225352897069,R,"18.60",-18.6,5.55516236890078,"199","[ { ""name"": ""Justin Eichorn"", ""votes"": 118, ""votes_pct"": 59.300000, ""party"": ""R"" }, { ""name"": ""Steve Samuelson"", ""votes"": 81, ""votes_pct"": 40.700000, ""party"": ""DFL"" }, { ""name"": ""WRITE-IN"", ""votes"": 0, ""votes_pct"": 0, ""party"": ""WI"" } ]"
"180125","8","6",6A,Crow Wing,Fifty Lakes City,33.5589577329006,R,"45.50",-45.5,10.6081959646495,"356","[ { ""name"": ""Justin Eichorn"", ""votes"": 259, ""votes_pct"": 72.750000, ""party"": ""R"" }, { ""name"": ""Steve Samuelson"", ""votes"": 97, ""votes_pct"": 27.250000, ""party"": ""DFL"" }, { ""name"": ""WRITE-IN"", ""votes"": 0, ""votes_pct"": 0, ""party"": ""WI"" } ]"
"180130","8","10",10A,Crow Wing,Fort Ripley City,1.42913351464884,R,"55.00",-55,27.9889874458851,"40","[ { ""name"": ""Nathan Wesenberg"", ""votes"": 31, ""votes_pct"": 77.500000, ""party"": ""R"" }, { ""name"": ""Suzanne M. Cekalla"", ""votes"": 9, ""votes_pct"": 22.500000, ""party"": ""DFL"" }, { ""name"": ""WRITE-IN"", ""votes"": 0, ""votes_pct"": 0, ""party"": ""WI"" } ]"
"180135","8","10",10A,Crow Wing,Fort Ripley Twp,23.763159776662,R,"44.68",-44.68,22.9767423664016,"546","[ { ""name"": ""Nathan Wesenberg"", ""votes"": 395, ""votes_pct"": 72.340000, ""party"": ""R"" }, { ""name"": ""Suzanne M. Cekalla"", ""votes"": 151, ""votes_pct"": 27.660000, ""party"": ""DFL"" }, { ""name"": ""WRITE-IN"", ""votes"": 0, ""votes_pct"": 0, ""party"": ""WI"" } ]"
"180140","8","6",6A,Crow Wing,Gail Lake Twp,18.0777736373048,R,"78.72",-78.72,2.59987766983718,"47","[ { ""name"": ""Justin Eichorn"", ""votes"": 42, ""votes_pct"": 89.360000, ""party"": ""R"" }, { ""name"": ""Steve Samuelson"", ""votes"": 5, ""votes_pct"": 10.640000, ""party"": ""DFL"" }, { ""name"": ""WRITE-IN"", ""votes"": 0, ""votes_pct"": 0, ""party"": ""WI"" } ]"
"180145","8","6",6A,Crow Wing,Garrison City,1.03375852544507,R,"23.08",-23.08,62.8773532697251,"65","[ { ""name"": ""Justin Eichorn"", ""votes"": 40, ""votes_pct"": 61.540000, ""party"": ""R"" }, { ""name"": ""Steve Samuelson"", ""votes"": 25, ""votes_pct"": 38.460000, ""party"": ""DFL"" }, { ""name"": ""WRITE-IN"", ""votes"": 0, ""votes_pct"": 0, ""party"": ""WI"" } ]"
"180150","8","6",6A,Crow Wing,Garrison Twp,35.5574513917795,R,"29.66",-29.66,13.752391717058,"489","[ { ""name"": ""Justin Eichorn"", ""votes"": 317, ""votes_pct"": 64.830000, ""party"": ""R"" }, { ""name"": ""Steve Samuelson"", ""votes"": 172, ""votes_pct"": 35.170000, ""party"": ""DFL"" }, { ""name"": ""WRITE-IN"", ""votes"": 0, ""votes_pct"": 0, ""party"": ""WI"" } ]"
"180155","8","6",6A,Crow Wing,Ideal Twp,36.8796468934822,R,"41.70",-41.7,22.559868927244,"832","[ { ""name"": ""Justin Eichorn"", ""votes"": 589, ""votes_pct"": 70.790000, ""party"": ""R"" }, { ""name"": ""Steve Samuelson"", ""votes"": 242, ""votes_pct"": 29.090000, ""party"": ""DFL"" }, { ""name"": ""WRITE-IN"", ""votes"": 1, ""votes_pct"": 0.120000, ""party"": ""WI"" } ]"
"180160","8","6",6A,Crow Wing,Irondale Twp,30.709870744114,R,"48.19",-48.19,18.9189985474412,"581","[ { ""name"": ""Justin Eichorn"", ""votes"": 430, ""votes_pct"": 74.010000, ""party"": ""R"" }, { ""name"": ""Steve Samuelson"", ""votes"": 150, ""votes_pct"": 25.820000, ""party"": ""DFL"" }, { ""name"": ""WRITE-IN"", ""votes"": 1, ""votes_pct"": 0.170000, ""party"": ""WI"" } ]"
"180165","8","6",6A,Crow Wing,Riverton City,0.914222413517985,R,"2.04",-2.04,53.5974608317083,"49","[ { ""name"": ""Justin Eichorn"", ""votes"": 25, ""votes_pct"": 51.020000, ""party"": ""R"" }, { ""name"": ""Steve Samuelson"", ""votes"": 24, ""votes_pct"": 48.980000, ""party"": ""DFL"" }, { ""name"": ""WRITE-IN"", ""votes"": 0, ""votes_pct"": 0, ""party"": ""WI"" } ]"
"180170","8","6",6A,Crow Wing,Ironton City,2.1634240057553,R,"20.36",-20.36,104.464034511394,"226","[ { ""name"": ""Justin Eichorn"", ""votes"": 136, ""votes_pct"": 60.180000, ""party"": ""R"" }, { ""name"": ""Steve Samuelson"", ""votes"": 90, ""votes_pct"": 39.820000, ""party"": ""DFL"" }, { ""name"": ""WRITE-IN"", ""votes"": 0, ""votes_pct"": 0, ""party"": ""WI"" } ]"
"180175","8","6",6B,Crow Wing,Jenkins City,4.46812173631395,R,"54.94",-54.94,40.7329993990146,"182","[ { ""name"": ""Justin Eichorn"", ""votes"": 141, ""votes_pct"": 77.470000, ""party"": ""R"" }, { ""name"": ""Steve Samuelson"", ""votes"": 41, ""votes_pct"": 22.530000, ""party"": ""DFL"" }, { ""name"": ""WRITE-IN"", ""votes"": 0, ""votes_pct"": 0, ""party"": ""WI"" } ]"
"180180","8","6",6B,Crow Wing,Jenkins Twp,13.7223404054837,R,"39.92",-39.92,20.6233041622337,"283","[ { ""name"": ""Justin Eichorn"", ""votes"": 198, ""votes_pct"": 69.960000, ""party"": ""R"" }, { ""name"": ""Steve Samuelson"", ""votes"": 85, ""votes_pct"": 30.040000, ""party"": ""DFL"" }, { ""name"": ""WRITE-IN"", ""votes"": 0, ""votes_pct"": 0, ""party"": ""WI"" } ]"
"180190","8","6",6B,Crow Wing,Lake Edward Twp,36.2316700181779,R,"34.94",-34.94,34.1966020163679,"1239","[ { ""name"": ""Justin Eichorn"", ""votes"": 836, ""votes_pct"": 67.470000, ""party"": ""R"" }, { ""name"": ""Steve Samuelson"", ""votes"": 403, ""votes_pct"": 32.530000, ""party"": ""DFL"" }, { ""name"": ""WRITE-IN"", ""votes"": 0, ""votes_pct"": 0, ""party"": ""WI"" } ]"
"180195","8","6",6A,Crow Wing,Little Pine Twp,35.897522764256,R,"4.16",-4.16,1.33713962145028,"48","[ { ""name"": ""Justin Eichorn"", ""votes"": 25, ""votes_pct"": 52.080000, ""party"": ""R"" }, { ""name"": ""Steve Samuelson"", ""votes"": 23, ""votes_pct"": 47.920000, ""party"": ""DFL"" }, { ""name"": ""WRITE-IN"", ""votes"": 0, ""votes_pct"": 0, ""party"": ""WI"" } ]"
"180200","8","10",10A,Crow Wing,Long Lake Twp,36.0853615704325,R,"39.52",-39.52,16.4055443602669,"592","[ { ""name"": ""Nathan Wesenberg"", ""votes"": 413, ""votes_pct"": 69.760000, ""party"": ""R"" }, { ""name"": ""Suzanne M. Cekalla"", ""votes"": 179, ""votes_pct"": 30.240000, ""party"": ""DFL"" }, { ""name"": ""WRITE-IN"", ""votes"": 0, ""votes_pct"": 0, ""party"": ""WI"" } ]"
"180205","8","6",6A,Crow Wing,Manhattan Beach City,1.53158244047008,R,"36.84",-36.84,24.8109399767843,"38","[ { ""name"": ""Justin Eichorn"", ""votes"": 26, ""votes_pct"": 68.420000, ""party"": ""R"" }, { ""name"": ""Steve Samuelson"", ""votes"": 12, ""votes_pct"": 31.580000, ""party"": ""DFL"" }, { ""name"": ""WRITE-IN"", ""votes"": 0, ""votes_pct"": 0, ""party"": ""WI"" } ]"
"180210","8","10",10A,Crow Wing,Maple Grove Twp,35.9536379187972,R,"53.54",-53.54,11.0141844587294,"396","[ { ""name"": ""Nathan Wesenberg"", ""votes"": 304, ""votes_pct"": 76.770000, ""party"": ""R"" }, { ""name"": ""Suzanne M. Cekalla"", ""votes"": 92, ""votes_pct"": 23.230000, ""party"": ""DFL"" }, { ""name"": ""WRITE-IN"", ""votes"": 0, ""votes_pct"": 0, ""party"": ""WI"" } ]"
"180215","8","6",6A,Crow Wing,Mission Twp,34.6848608264558,R,"38.39",-38.39,15.0209626789855,"521","[ { ""name"": ""Justin Eichorn"", ""votes"": 360, ""votes_pct"": 69.100000, ""party"": ""R"" }, { ""name"": ""Steve Samuelson"", ""votes"": 160, ""votes_pct"": 30.710000, ""party"": ""DFL"" }, { ""name"": ""WRITE-IN"", ""votes"": 1, ""votes_pct"": 0.190000, ""party"": ""WI"" } ]"
"180220","8","6",6B,Crow Wing,Nisswa City,18.3351600501884,R,"31.76",-31.76,69.3749057285665,"1272","[ { ""name"": ""Justin Eichorn"", ""votes"": 838, ""votes_pct"": 65.880000, ""party"": ""R"" }, { ""name"": ""Steve Samuelson"", ""votes"": 434, ""votes_pct"": 34.120000, ""party"": ""DFL"" }, { ""name"": ""WRITE-IN"", ""votes"": 0, ""votes_pct"": 0, ""party"": ""WI"" } ]"
"180225","8","6",6A,Crow Wing,Nokay Lake Twp,35.9820444312014,R,"37.86",-37.86,11.8948216191091,"428","[ { ""name"": ""Justin Eichorn"", ""votes"": 295, ""votes_pct"": 68.930000, ""party"": ""R"" }, { ""name"": ""Steve Samuelson"", ""votes"": 133, ""votes_pct"": 31.070000, ""party"": ""DFL"" }, { ""name"": ""WRITE-IN"", ""votes"": 0, ""votes_pct"": 0, ""party"": ""WI"" } ]"
"180230","8","6",6A,Crow Wing,Oak Lawn Twp,36.7409230942911,R,"37.70",-37.7,22.4545256493077,"825","[ { ""name"": ""Justin Eichorn"", ""votes"": 568, ""votes_pct"": 68.850000, ""party"": ""R"" }, { ""name"": ""Steve Samuelson"", ""votes"": 257, ""votes_pct"": 31.150000, ""party"": ""DFL"" }, { ""name"": ""WRITE-IN"", ""votes"": 0, ""votes_pct"": 0, ""party"": ""WI"" } ]"
"180235","8","6",6B,Crow Wing,Pelican Twp,22.0858733490853,R,"40.12",-40.12,15.1227888850424,"334","[ { ""name"": ""Justin Eichorn"", ""votes"": 234, ""votes_pct"": 70.060000, ""party"": ""R"" }, { ""name"": ""Steve Samuelson"", ""votes"": 100, ""votes_pct"": 29.940000, ""party"": ""DFL"" }, { ""name"": ""WRITE-IN"", ""votes"": 0, ""votes_pct"": 0, ""party"": ""WI"" } ]"
"180240","8","6",6B,Crow Wing,Pequot Lakes City,18.1585252306072,R,"35.25",-35.25,62.0094410586861,"1126","[ { ""name"": ""Justin Eichorn"", ""votes"": 761, ""votes_pct"": 67.580000, ""party"": ""R"" }, { ""name"": ""Steve Samuelson"", ""votes"": 364, ""votes_pct"": 32.330000, ""party"": ""DFL"" }, { ""name"": ""WRITE-IN"", ""votes"": 1, ""votes_pct"": 0.090000, ""party"": ""WI"" } ]"
"180245","8","6",6A,Crow Wing,Perry Lake Twp,32.5856956211444,R,"55.10",-55.1,4.51118189125335,"147","[ { ""name"": ""Justin Eichorn"", ""votes"": 114, ""votes_pct"": 77.550000, ""party"": ""R"" }, { ""name"": ""Steve Samuelson"", ""votes"": 33, ""votes_pct"": 22.450000, ""party"": ""DFL"" }, { ""name"": ""WRITE-IN"", ""votes"": 0, ""votes_pct"": 0, ""party"": ""WI"" } ]"
"180250","8","10",10A,Crow Wing,Platte Lake Twp,36.0709857365844,R,"56.46",-56.46,4.07529755558933,"147","[ { ""name"": ""Nathan Wesenberg"", ""votes"": 115, ""votes_pct"": 78.230000, ""party"": ""R"" }, { ""name"": ""Suzanne M. Cekalla"", ""votes"": 32, ""votes_pct"": 21.770000, ""party"": ""DFL"" }, { ""name"": ""WRITE-IN"", ""votes"": 0, ""votes_pct"": 0, ""party"": ""WI"" } ]"
"180255","8","6",6A,Crow Wing,Rabbit Lake Twp,23.9755712124743,R,"42.02",-42.02,7.84131474215659,"188","[ { ""name"": ""Justin Eichorn"", ""votes"": 133, ""votes_pct"": 70.740000, ""party"": ""R"" }, { ""name"": ""Steve Samuelson"", ""votes"": 54, ""votes_pct"": 28.720000, ""party"": ""DFL"" }, { ""name"": ""WRITE-IN"", ""votes"": 1, ""votes_pct"": 0.530000, ""party"": ""WI"" } ]"
"180260","8","10",10A,Crow Wing,Roosevelt Twp,36.3424927316408,R,"39.02",-39.02,9.02524772920802,"328","[ { ""name"": ""Nathan Wesenberg"", ""votes"": 228, ""votes_pct"": 69.510000, ""party"": ""R"" }, { ""name"": ""Suzanne M. Cekalla"", ""votes"": 100, ""votes_pct"": 30.490000, ""party"": ""DFL"" }, { ""name"": ""WRITE-IN"", ""votes"": 0, ""votes_pct"": 0, ""party"": ""WI"" } ]"
"180265","8","6",6A,Crow Wing,Ross Lake Twp,36.103783687686,even,"0.00",0,3.76691820382211,"136","[ { ""name"": ""Justin Eichorn"", ""votes"": 68, ""votes_pct"": 50, ""party"": ""R"" }, { ""name"": ""Steve Samuelson"", ""votes"": 68, ""votes_pct"": 50, ""party"": ""DFL"" }, { ""name"": ""WRITE-IN"", ""votes"": 0, ""votes_pct"": 0, ""party"": ""WI"" } ]"
"180275","8","10",10A,Crow Wing,Saint Mathias Twp,35.8596081671513,R,"46.67",-46.67,8.36595867421693,"300","[ { ""name"": ""Nathan Wesenberg"", ""votes"": 219, ""votes_pct"": 73, ""party"": ""R"" }, { ""name"": ""Suzanne M. Cekalla"", ""votes"": 79, ""votes_pct"": 26.330000, ""party"": ""DFL"" }, { ""name"": ""WRITE-IN"", ""votes"": 2, ""votes_pct"": 0.670000, ""party"": ""WI"" } ]"
"180280","8","6",6A,Crow Wing,Timothy Twp,35.585766797827,R,"43.16",-43.16,2.66960665874428,"95","[ { ""name"": ""Justin Eichorn"", ""votes"": 68, ""votes_pct"": 71.580000, ""party"": ""R"" }, { ""name"": ""Steve Samuelson"", ""votes"": 27, ""votes_pct"": 28.420000, ""party"": ""DFL"" }, { ""name"": ""WRITE-IN"", ""votes"": 0, ""votes_pct"": 0, ""party"": ""WI"" } ]"
"180285","8","6",6A,Crow Wing,Trommald City,3.95358041054691,R,"18.75",-18.75,12.1408938267579,"48","[ { ""name"": ""Justin Eichorn"", ""votes"": 28, ""votes_pct"": 58.330000, ""party"": ""R"" }, { ""name"": ""Steve Samuelson"", ""votes"": 19, ""votes_pct"": 39.580000, ""party"": ""DFL"" }, { ""name"": ""WRITE-IN"", ""votes"": 1, ""votes_pct"": 2.080000, ""party"": ""WI"" } ]"
"180290","8","6",6A,Crow Wing,Wolford Twp,16.9164000895675,R,"29.00",-29,13.6553875988343,"231","[ { ""name"": ""Justin Eichorn"", ""votes"": 149, ""votes_pct"": 64.500000, ""party"": ""R"" }, { ""name"": ""Steve Samuelson"", ""votes"": 82, ""votes_pct"": 35.500000, ""party"": ""DFL"" }, { ""name"": ""WRITE-IN"", ""votes"": 0, ""votes_pct"": 0, ""party"": ""WI"" } ]"
"180295","8","6",6B,Crow Wing,Precinct 1 Unorg. Terr.,2.29417629975191,R,"25.72",-25.72,164.329132002963,"377","[ { ""name"": ""Justin Eichorn"", ""votes"": 237, ""votes_pct"": 62.860000, ""party"": ""R"" }, { ""name"": ""Steve Samuelson"", ""votes"": 140, ""votes_pct"": 37.140000, ""party"": ""DFL"" }, { ""name"": ""WRITE-IN"", ""votes"": 0, ""votes_pct"": 0, ""party"": ""WI"" } ]"
"180300","8","6",6B,Crow Wing,Precinct 2 Unorg. Terr.,25.6308856480849,R,"32.02",-32.02,49.4715640110838,"1268","[ { ""name"": ""Justin Eichorn"", ""votes"": 837, ""votes_pct"": 66.010000, ""party"": ""R"" }, { ""name"": ""Steve Samuelson"", ""votes"": 431, ""votes_pct"": 33.990000, ""party"": ""DFL"" }, { ""name"": ""WRITE-IN"", ""votes"": 0, ""votes_pct"": 0, ""party"": ""WI"" } ]"
"180305","8","6",6B,Crow Wing,Precinct 3 Unorg. Terr.,12.1022198648337,R,"32.74",-32.74,88.5787906659167,"1072","[ { ""name"": ""Justin Eichorn"", ""votes"": 711, ""votes_pct"": 66.320000, ""party"": ""R"" }, { ""name"": ""Steve Samuelson"", ""votes"": 360, ""votes_pct"": 33.580000, ""party"": ""DFL"" }, { ""name"": ""WRITE-IN"", ""votes"": 1, ""votes_pct"": 0.090000, ""party"": ""WI"" } ]"
"180310","8","6",6B,Crow Wing,Precinct 4 Unorg. Terr.,4.93752874841226,R,"45.22",-45.22,63.5945664318353,"314","[ { ""name"": ""Justin Eichorn"", ""votes"": 228, ""votes_pct"": 72.610000, ""party"": ""R"" }, { ""name"": ""Steve Samuelson"", ""votes"": 86, ""votes_pct"": 27.390000, ""party"": ""DFL"" }, { ""name"": ""WRITE-IN"", ""votes"": 0, ""votes_pct"": 0, ""party"": ""WI"" } ]"
"191010","2","56",56A,Dakota,Apple Valley P-1,0.818071918614522,DFL,"14.80",14.8,1503.53529073961,"1230","[ { ""name"": ""Erin Maye Quade"", ""votes"": 706, ""votes_pct"": 57.400000, ""party"": ""DFL"" }, { ""name"": ""Jim Bean"", ""votes"": 524, ""votes_pct"": 42.600000, ""party"": ""R"" }, { ""name"": ""WRITE-IN"", ""votes"": 0, ""votes_pct"": 0, ""party"": ""WI"" } ]"
"191020","2","56",56A,Dakota,Apple Valley P-2,0.703774950274539,DFL,"12.54",12.54,1777.55687313393,"1251","[ { ""name"": ""Erin Maye Quade"", ""votes"": 704, ""votes_pct"": 56.270000, ""party"": ""DFL"" }, { ""name"": ""Jim Bean"", ""votes"": 547, ""votes_pct"": 43.730000, ""party"": ""R"" }, { ""name"": ""WRITE-IN"", ""votes"": 0, ""votes_pct"": 0, ""party"": ""WI"" } ]"
"191030","2","56",56A,Dakota,Apple Valley P-3,0.82758497924817,DFL,"20.44",20.44,1412.54376204604,"1169","[ { ""name"": ""Erin Maye Quade"", ""votes"": 702, ""votes_pct"": 60.050000, ""party"": ""DFL"" }, { ""name"": ""Jim Bean"", ""votes"": 463, ""votes_pct"": 39.610000, ""party"": ""R"" }, { ""name"": ""WRITE-IN"", ""votes"": 4, ""votes_pct"": 0.340000, ""party"": ""WI"" } ]"
"191040","2","56",56A,Dakota,Apple Valley P-4,0.855479506569831,DFL,"15.73",15.73,1604.94785609213,"1373","[ { ""name"": ""Erin Maye Quade"", ""votes"": 794, ""votes_pct"": 57.830000, ""party"": ""DFL"" }, { ""name"": ""Jim Bean"", ""votes"": 578, ""votes_pct"": 42.100000, ""party"": ""R"" }, { ""name"": ""WRITE-IN"", ""votes"": 1, ""votes_pct"": 0.070000, ""party"": ""WI"" } ]"
"191050","2","56",56A,Dakota,Apple Valley P-5,1.51147956539151,DFL,"15.98",15.98,1316.59074033498,"1990","[ { ""name"": ""Erin Maye Quade"", ""votes"": 1153, ""votes_pct"": 57.940000, ""party"": ""DFL"" }, { ""name"": ""Jim Bean"", ""votes"": 835, ""votes_pct"": 41.960000, ""party"": ""R"" }, { ""name"": ""WRITE-IN"", ""votes"": 2, ""votes_pct"": 0.100000, ""party"": ""WI"" } ]"
"191060","2","56",56A,Dakota,Apple Valley P-6,1.004067295951,DFL,"20.55",20.55,1410.2640387852,"1416","[ { ""name"": ""Erin Maye Quade"", ""votes"": 853, ""votes_pct"": 60.240000, ""party"": ""DFL"" }, { ""name"": ""Jim Bean"", ""votes"": 562, ""votes_pct"": 39.690000, ""party"": ""R"" }, { ""name"": ""WRITE-IN"", ""votes"": 1, ""votes_pct"": 0.070000, ""party"": ""WI"" } ]"
"191070","2","56",56A,Dakota,Apple Valley P-7,1.8321352697239,DFL,"22.52",22.52,891.855545276545,"1634","[ { ""name"": ""Erin Maye Quade"", ""votes"": 1001, ""votes_pct"": 61.260000, ""party"": ""DFL"" }, { ""name"": ""Jim Bean"", ""votes"": 633, ""votes_pct"": 38.740000, ""party"": ""R"" }, { ""name"": ""WRITE-IN"", ""votes"": 0, ""votes_pct"": 0, ""party"": ""WI"" } ]"
"191080","2","56",56A,Dakota,Apple Valley P-8,0.926296707976497,DFL,"21.67",21.67,1973.44974267833,"1828","[ { ""name"": ""Erin Maye Quade"", ""votes"": 1111, ""votes_pct"": 60.780000, ""party"": ""DFL"" }, { ""name"": ""Jim Bean"", ""votes"": 715, ""votes_pct"": 39.110000, ""party"": ""R"" }, { ""name"": ""WRITE-IN"", ""votes"": 2, ""votes_pct"": 0.110000, ""party"": ""WI"" } ]"
"191090","2","56",56B,Dakota,Apple Valley P-9,1.5066960196461,DFL,"10.12",10.12,1488.6878114451,"2243","[ { ""name"": ""Erin Maye Quade"", ""votes"": 1234, ""votes_pct"": 55.020000, ""party"": ""DFL"" }, { ""name"": ""Jim Bean"", ""votes"": 1007, ""votes_pct"": 44.900000, ""party"": ""R"" }, { ""name"": ""WRITE-IN"", ""votes"": 2, ""votes_pct"": 0.090000, ""party"": ""WI"" } ]"
"191100","2","56",56B,Dakota,Apple Valley P-10,2.04364989592721,DFL,"19.51",19.51,955.643138236218,"1953","[ { ""name"": ""Erin Maye Quade"", ""votes"": 1166, ""votes_pct"": 59.700000, ""party"": ""DFL"" }, { ""name"": ""Jim Bean"", ""votes"": 785, ""votes_pct"": 40.190000, ""party"": ""R"" }, { ""name"": ""WRITE-IN"", ""votes"": 2, ""votes_pct"": 0.100000, ""party"": ""WI"" } ]"
"191110","2","56",56B,Dakota,Apple Valley P-11,0.552492796981554,DFL,"15.50",15.5,2360.21176588034,"1304","[ { ""name"": ""Erin Maye Quade"", ""votes"": 753, ""votes_pct"": 57.750000, ""party"": ""DFL"" }, { ""name"": ""Jim Bean"", ""votes"": 551, ""votes_pct"": 42.250000, ""party"": ""R"" }, { ""name"": ""WRITE-IN"", ""votes"": 0, ""votes_pct"": 0, ""party"": ""WI"" } ]"
"191120","2","56",56A,Dakota,Apple Valley P-12,1.66576930733713,DFL,"14.54",14.54,986.931379248466,"1644","[ { ""name"": ""Erin Maye Quade"", ""votes"": 940, ""votes_pct"": 57.180000, ""party"": ""DFL"" }, { ""name"": ""Jim Bean"", ""votes"": 701, ""votes_pct"": 42.640000, ""party"": ""R"" }, { ""name"": ""WRITE-IN"", ""votes"": 3, ""votes_pct"": 0.180000, ""party"": ""WI"" } ]"
"191130","2","56",56B,Dakota,Apple Valley P-13,0.615364952796594,DFL,"20.10",20.1,2263.69732899048,"1393","[ { ""name"": ""Erin Maye Quade"", ""votes"": 835, ""votes_pct"": 59.940000, ""party"": ""DFL"" }, { ""name"": ""Jim Bean"", ""votes"": 555, ""votes_pct"": 39.840000, ""party"": ""R"" }, { ""name"": ""WRITE-IN"", ""votes"": 3, ""votes_pct"": 0.220000, ""party"": ""WI"" } ]"
"191140","2","56",56A,Dakota,Apple Valley P-14,0.407301554412324,DFL,"28.64",28.64,4063.32846528887,"1655","[ { ""name"": ""Erin Maye Quade"", ""votes"": 1063, ""votes_pct"": 64.230000, ""party"": ""DFL"" }, { ""name"": ""Jim Bean"", ""votes"": 589, ""votes_pct"": 35.590000, ""party"": ""R"" }, { ""name"": ""WRITE-IN"", ""votes"": 3, ""votes_pct"": 0.180000, ""party"": ""WI"" } ]"
"191150","2","56",56A,Dakota,Apple Valley P-15,1.3487258454813,DFL,"19.72",19.72,845.983639909286,"1141","[ { ""name"": ""Erin Maye Quade"", ""votes"": 683, ""votes_pct"": 59.860000, ""party"": ""DFL"" }, { ""name"": ""Jim Bean"", ""votes"": 458, ""votes_pct"": 40.140000, ""party"": ""R"" }, { ""name"": ""WRITE-IN"", ""votes"": 0, ""votes_pct"": 0, ""party"": ""WI"" } ]"
"191160","2","56",56A,Dakota,Apple Valley P-16,0.982215796736889,DFL,"13.56",13.56,1690.05630485158,"1660","[ { ""name"": ""Erin Maye Quade"", ""votes"": 942, ""votes_pct"": 56.750000, ""party"": ""DFL"" }, { ""name"": ""Jim Bean"", ""votes"": 717, ""votes_pct"": 43.190000, ""party"": ""R"" }, { ""name"": ""WRITE-IN"", ""votes"": 1, ""votes_pct"": 0.060000, ""party"": ""WI"" } ]"
"191210","2","52",52A,Dakota,Burnsville P-1,4.5186322720968,DFL,"15.04",15.04,381.088766756613,"1722","[ { ""name"": ""Jim Carlson"", ""votes"": 989, ""votes_pct"": 57.430000, ""party"": ""DFL"" }, { ""name"": ""Stephen Lowell"", ""votes"": 730, ""votes_pct"": 42.390000, ""party"": ""R"" }, { ""name"": ""WRITE-IN"", ""votes"": 3, ""votes_pct"": 0.170000, ""party"": ""WI"" } ]"
"191220","2","55",55A,Dakota,Burnsville P-2,1.07766536948799,DFL,"18.35",18.35,1122.79751605536,"1210","[ { ""name"": ""Lindsey Port"", ""votes"": 714, ""votes_pct"": 59.010000, ""party"": ""DFL"" }, { ""name"": ""Pam Myhra"", ""votes"": 492, ""votes_pct"": 40.660000, ""party"": ""R"" }, { ""name"": ""WRITE-IN"", ""votes"": 4, ""votes_pct"": 0.330000, ""party"": ""WI"" } ]"
"191230","2","55",55A,Dakota,Burnsville P-3,3.60976272015645,DFL,"8.07",8.07,326.060212608375,"1177","[ { ""name"": ""Lindsey Port"", ""votes"": 635, ""votes_pct"": 53.950000, ""party"": ""DFL"" }, { ""name"": ""Pam Myhra"", ""votes"": 540, ""votes_pct"": 45.880000, ""party"": ""R"" }, { ""name"": ""WRITE-IN"", ""votes"": 2, ""votes_pct"": 0.170000, ""party"": ""WI"" } ]"
"191240","2","55",55B,Dakota,Burnsville P-4,0.856399020383907,DFL,"20.83",20.83,1322.9814292549,"1133","[ { ""name"": ""Lindsey Port"", ""votes"": 684, ""votes_pct"": 60.370000, ""party"": ""DFL"" }, { ""name"": ""Pam Myhra"", ""votes"": 448, ""votes_pct"": 39.540000, ""party"": ""R"" }, { ""name"": ""WRITE-IN"", ""votes"": 1, ""votes_pct"": 0.090000, ""party"": ""WI"" } ]"
"191250","2","55",55B,Dakota,Burnsville P-5,1.16839592038283,DFL,"37.10",37.1,832.765660189218,"973","[ { ""name"": ""Lindsey Port"", ""votes"": 666, ""votes_pct"": 68.450000, ""party"": ""DFL"" }, { ""name"": ""Pam Myhra"", ""votes"": 305, ""votes_pct"": 31.350000, ""party"": ""R"" }, { ""name"": ""WRITE-IN"", ""votes"": 2, ""votes_pct"": 0.210000, ""party"": ""WI"" } ]"
"191260","2","52",52A,Dakota,Burnsville P-6,0.986626045183779,DFL,"27.36",27.36,1566.95640414806,"1546","[ { ""name"": ""Jim Carlson"", ""votes"": 982, ""votes_pct"": 63.520000, ""party"": ""DFL"" }, { ""name"": ""Stephen Lowell"", ""votes"": 559, ""votes_pct"": 36.160000, ""party"": ""R"" }, { ""name"": ""WRITE-IN"", ""votes"": 5, ""votes_pct"": 0.320000, ""party"": ""WI"" } ]"
"191270","2","55",55A,Dakota,Burnsville P-7,0.98629352702595,DFL,"11.02",11.02,1270.4128798029,"1253","[ { ""name"": ""Lindsey Port"", ""votes"": 694, ""votes_pct"": 55.390000, ""party"": ""DFL"" }, { ""name"": ""Pam Myhra"", ""votes"": 556, ""votes_pct"": 44.370000, ""party"": ""R"" }, { ""name"": ""WRITE-IN"", ""votes"": 3, ""votes_pct"": 0.240000, ""party"": ""WI"" } ]"
"191280","2","55",55B,Dakota,Burnsville P-8,1.10788268045598,DFL,"13.41",13.41,1756.50367528001,"1946","[ { ""name"": ""Lindsey Port"", ""votes"": 1103, ""votes_pct"": 56.680000, ""party"": ""DFL"" }, { ""name"": ""Pam Myhra"", ""votes"": 842, ""votes_pct"": 43.270000, ""party"": ""R"" }, { ""name"": ""WRITE-IN"", ""votes"": 1, ""votes_pct"": 0.050000, ""party"": ""WI"" } ]"
"191290","2","55",55B,Dakota,Burnsville P-9,0.941085268087536,DFL,"19.16",19.16,1707.602971265,"1607","[ { ""name"": ""Lindsey Port"", ""votes"": 957, ""votes_pct"": 59.550000, ""party"": ""DFL"" }, { ""name"": ""Pam Myhra"", ""votes"": 649, ""votes_pct"": 40.390000, ""party"": ""R"" }, { ""name"": ""WRITE-IN"", ""votes"": 1, ""votes_pct"": 0.060000, ""party"": ""WI"" } ]"
"191300","2","52",52A,Dakota,Burnsville P-10,1.3592374912013,DFL,"20.12",20.12,1265.41536054884,"1720","[ { ""name"": ""Jim Carlson"", ""votes"": 1032, ""votes_pct"": 60, ""party"": ""DFL"" }, { ""name"": ""Stephen Lowell"", ""votes"": 686, ""votes_pct"": 39.880000, ""party"": ""R"" }, { ""name"": ""WRITE-IN"", ""votes"": 2, ""votes_pct"": 0.120000, ""party"": ""WI"" } ]"
"191310","2","55",55B,Dakota,Burnsville P-11,2.30609554468593,DFL,"17.71",17.71,658.689100501633,"1519","[ { ""name"": ""Lindsey Port"", ""votes"": 892, ""votes_pct"": 58.720000, ""party"": ""DFL"" }, { ""name"": ""Pam Myhra"", ""votes"": 623, ""votes_pct"": 41.010000, ""party"": ""R"" }, { ""name"": ""WRITE-IN"", ""votes"": 4, ""votes_pct"": 0.260000, ""party"": ""WI"" } ]"
"191320","2","55",55B,Dakota,Burnsville P-12,1.75986908715618,DFL,"6.60",6.6,921.091240155492,"1621","[ { ""name"": ""Lindsey Port"", ""votes"": 864, ""votes_pct"": 53.300000, ""party"": ""DFL"" }, { ""name"": ""Pam Myhra"", ""votes"": 757, ""votes_pct"": 46.700000, ""party"": ""R"" }, { ""name"": ""WRITE-IN"", ""votes"": 0, ""votes_pct"": 0, ""party"": ""WI"" } ]"
"191330","2","55",55B,Dakota,Burnsville P-13,0.829329167048382,DFL,"15.52",15.52,1461.4221326781,"1212","[ { ""name"": ""Lindsey Port"", ""votes"": 700, ""votes_pct"": 57.760000, ""party"": ""DFL"" }, { ""name"": ""Pam Myhra"", ""votes"": 512, ""votes_pct"": 42.240000, ""party"": ""R"" }, { ""name"": ""WRITE-IN"", ""votes"": 0, ""votes_pct"": 0, ""party"": ""WI"" } ]"
"191340","2","55",55B,Dakota,Burnsville P-14,1.19669950976647,DFL,"31.68",31.68,1094.67747693457,"1310","[ { ""name"": ""Lindsey Port"", ""votes"": 861, ""votes_pct"": 65.730000, ""party"": ""DFL"" }, { ""name"": ""Pam Myhra"", ""votes"": 446, ""votes_pct"": 34.050000, ""party"": ""R"" }, { ""name"": ""WRITE-IN"", ""votes"": 3, ""votes_pct"": 0.230000, ""party"": ""WI"" } ]"
"191350","2","55",55B,Dakota,Burnsville P-15,1.41269263747197,DFL,"19.17",19.17,1233.81403269654,"1743","[ { ""name"": ""Lindsey Port"", ""votes"": 1037, ""votes_pct"": 59.500000, ""party"": ""DFL"" }, { ""name"": ""Pam Myhra"", ""votes"": 703, ""votes_pct"": 40.330000, ""party"": ""R"" }, { ""name"": ""WRITE-IN"", ""votes"": 3, ""votes_pct"": 0.170000, ""party"": ""WI"" } ]"
"191360","2","55",55B,Dakota,Burnsville P-16,1.70690010871208,DFL,"0.92",0.92,959.634363862059,"1638","[ { ""name"": ""Lindsey Port"", ""votes"": 826, ""votes_pct"": 50.430000, ""party"": ""DFL"" }, { ""name"": ""Pam Myhra"", ""votes"": 811, ""votes_pct"": 49.510000, ""party"": ""R"" }, { ""name"": ""WRITE-IN"", ""votes"": 1, ""votes_pct"": 0.060000, ""party"": ""WI"" } ]"
"191370","2","55",55B,Dakota,Burnsville P-17,1.06664565077799,DFL,"15.43",15.43,1233.77430830954,"1316","[ { ""name"": ""Lindsey Port"", ""votes"": 758, ""votes_pct"": 57.600000, ""party"": ""DFL"" }, { ""name"": ""Pam Myhra"", ""votes"": 555, ""votes_pct"": 42.170000, ""party"": ""R"" }, { ""name"": ""WRITE-IN"", ""votes"": 3, ""votes_pct"": 0.230000, ""party"": ""WI"" } ]"
"191410","2","58",58B,Dakota,Castle Rock Twp,35.3342556135469,R,"41.34",-41.34,20.4051277572004,"721","[ { ""name"": ""Bill Lieske"", ""votes"": 509, ""votes_pct"": 70.600000, ""party"": ""R"" }, { ""name"": ""Clarice Grabau"", ""votes"": 211, ""votes_pct"": 29.260000, ""party"": ""DFL"" }, { ""name"": ""WRITE-IN"", ""votes"": 1, ""votes_pct"": 0.140000, ""party"": ""WI"" } ]"
"191510","2","58",58B,Dakota,Coates,1.50897682332283,R,"44.82",-44.82,38.4366407114734,"58","[ { ""name"": ""Bill Lieske"", ""votes"": 42, ""votes_pct"": 72.410000, ""party"": ""R"" }, { ""name"": ""Clarice Grabau"", ""votes"": 16, ""votes_pct"": 27.590000, ""party"": ""DFL"" }, { ""name"": ""WRITE-IN"", ""votes"": 0, ""votes_pct"": 0, ""party"": ""WI"" } ]"
"191610","2","20",20A,Dakota,Douglas Twp,34.0245439079703,R,"56.94",-56.94,12.2852491757305,"418","[ { ""name"": ""Steve Drazkowski"", ""votes"": 328, ""votes_pct"": 78.470000, ""party"": ""R"" }, { ""name"": ""Bradley Robert Drenckhahn"", ""votes"": 90, ""votes_pct"": 21.530000, ""party"": ""DFL"" }, { ""name"": ""WRITE-IN"", ""votes"": 0, ""votes_pct"": 0, ""party"": ""WI"" } ]"
"191710","2","52",52B,Dakota,Eagan P-1,5.41921410487314,DFL,"17.68",17.68,411.314252742959,"2229","[ { ""name"": ""Jim Carlson"", ""votes"": 1311, ""votes_pct"": 58.820000, ""party"": ""DFL"" }, { ""name"": ""Stephen Lowell"", ""votes"": 917, ""votes_pct"": 41.140000, ""party"": ""R"" }, { ""name"": ""WRITE-IN"", ""votes"": 1, ""votes_pct"": 0.040000, ""party"": ""WI"" } ]"
"191720","2","52",52A,Dakota,Eagan P-2,2.54959378834575,DFL,"29.73",29.73,730.704635583839,"1863","[ { ""name"": ""Jim Carlson"", ""votes"": 1206, ""votes_pct"": 64.730000, ""party"": ""DFL"" }, { ""name"": ""Stephen Lowell"", ""votes"": 652, ""votes_pct"": 35, ""party"": ""R"" }, { ""name"": ""WRITE-IN"", ""votes"": 5, ""votes_pct"": 0.270000, ""party"": ""WI"" } ]"
"191730","2","52",52A,Dakota,Eagan P-3,1.29424173289211,DFL,"24.77",24.77,1437.90758148512,"1861","[ { ""name"": ""Jim Carlson"", ""votes"": 1158, ""votes_pct"": 62.220000, ""party"": ""DFL"" }, { ""name"": ""Stephen Lowell"", ""votes"": 697, ""votes_pct"": 37.450000, ""party"": ""R"" }, { ""name"": ""WRITE-IN"", ""votes"": 6, ""votes_pct"": 0.320000, ""party"": ""WI"" } ]"
"191740","2","52",52A,Dakota,Eagan P-4,1.0477716985786,DFL,"29.65",29.65,1770.42384568744,"1855","[ { ""name"": ""Jim Carlson"", ""votes"": 1201, ""votes_pct"": 64.740000, ""party"": ""DFL"" }, { ""name"": ""Stephen Lowell"", ""votes"": 651, ""votes_pct"": 35.090000, ""party"": ""R"" }, { ""name"": ""WRITE-IN"", ""votes"": 3, ""votes_pct"": 0.160000, ""party"": ""WI"" } ]"
"191750","2","52",52B,Dakota,Eagan P-5,1.30769177382429,DFL,"40.91",40.91,1198.29460685324,"1567","[ { ""name"": ""Jim Carlson"", ""votes"": 1102, ""votes_pct"": 70.330000, ""party"": ""DFL"" }, { ""name"": ""Stephen Lowell"", ""votes"": 461, ""votes_pct"": 29.420000, ""party"": ""R"" }, { ""name"": ""WRITE-IN"", ""votes"": 4, ""votes_pct"": 0.260000, ""party"": ""WI"" } ]"
"191760","2","52",52A,Dakota,Eagan P-6,4.58478903663495,DFL,"34.08",34.08,308.411137066804,"1414","[ { ""name"": ""Jim Carlson"", ""votes"": 948, ""votes_pct"": 67.040000, ""party"": ""DFL"" }, { ""name"": ""Stephen Lowell"", ""votes"": 466, ""votes_pct"": 32.960000, ""party"": ""R"" }, { ""name"": ""WRITE-IN"", ""votes"": 0, ""votes_pct"": 0, ""party"": ""WI"" } ]"
"191770","2","52",52B,Dakota,Eagan P-7,1.58842716066392,DFL,"32.05",32.05,1362.98349311472,"2165","[ { ""name"": ""Jim Carlson"", ""votes"": 1429, ""votes_pct"": 66, ""party"": ""DFL"" }, { ""name"": ""Stephen Lowell"", ""votes"": 735, ""votes_pct"": 33.950000, ""party"": ""R"" }, { ""name"": ""WRITE-IN"", ""votes"": 1, ""votes_pct"": 0.050000, ""party"": ""WI"" } ]"
"191780","2","52",52B,Dakota,Eagan P-8,0.886772101481838,DFL,"36.40",36.4,1861.80868482567,"1651","[ { ""name"": ""Jim Carlson"", ""votes"": 1125, ""votes_pct"": 68.140000, ""party"": ""DFL"" }, { ""name"": ""Stephen Lowell"", ""votes"": 524, ""votes_pct"": 31.740000, ""party"": ""R"" }, { ""name"": ""WRITE-IN"", ""votes"": 2, ""votes_pct"": 0.120000, ""party"": ""WI"" } ]"
"191790","2","52",52A,Dakota,Eagan P-9,0.671327338992453,DFL,"23.87",23.87,2072.01452884021,"1391","[ { ""name"": ""Jim Carlson"", ""votes"": 861, ""votes_pct"": 61.900000, ""party"": ""DFL"" }, { ""name"": ""Stephen Lowell"", ""votes"": 529, ""votes_pct"": 38.030000, ""party"": ""R"" }, { ""name"": ""WRITE-IN"", ""votes"": 1, ""votes_pct"": 0.070000, ""party"": ""WI"" } ]"
"191800","2","52",52B,Dakota,Eagan P-10,1.31163902155658,DFL,"25.07",25.07,1453.14371460074,"1906","[ { ""name"": ""Jim Carlson"", ""votes"": 1190, ""votes_pct"": 62.430000, ""party"": ""DFL"" }, { ""name"": ""Stephen Lowell"", ""votes"": 712, ""votes_pct"": 37.360000, ""party"": ""R"" }, { ""name"": ""WRITE-IN"", ""votes"": 4, ""votes_pct"": 0.210000, ""party"": ""WI"" } ]"
"191810","2","52",52A,Dakota,Eagan P-11,1.3177692524302,DFL,"30.94",30.94,1074.54320806821,"1416","[ { ""name"": ""Jim Carlson"", ""votes"": 927, ""votes_pct"": 65.470000, ""party"": ""DFL"" }, { ""name"": ""Stephen Lowell"", ""votes"": 489, ""votes_pct"": 34.530000, ""party"": ""R"" }, { ""name"": ""WRITE-IN"", ""votes"": 0, ""votes_pct"": 0, ""party"": ""WI"" } ]"
"191820","2","52",52A,Dakota,Eagan P-12,1.06624450238764,DFL,"22.20",22.2,1715.36640602069,"1829","[ { ""name"": ""Jim Carlson"", ""votes"": 1116, ""votes_pct"": 61.020000, ""party"": ""DFL"" }, { ""name"": ""Stephen Lowell"", ""votes"": 710, ""votes_pct"": 38.820000, ""party"": ""R"" }, { ""name"": ""WRITE-IN"", ""votes"": 3, ""votes_pct"": 0.160000, ""party"": ""WI"" } ]"
"191830","2","52",52B,Dakota,Eagan P-13,1.4297560857753,DFL,"29.86",29.86,1349.18117795874,"1929","[ { ""name"": ""Jim Carlson"", ""votes"": 1252, ""votes_pct"": 64.900000, ""party"": ""DFL"" }, { ""name"": ""Stephen Lowell"", ""votes"": 676, ""votes_pct"": 35.040000, ""party"": ""R"" }, { ""name"": ""WRITE-IN"", ""votes"": 1, ""votes_pct"": 0.050000, ""party"": ""WI"" } ]"
"191840","2","52",52B,Dakota,Eagan P-14,1.63574068418046,DFL,"32.43",32.43,1087.58070102739,"1779","[ { ""name"": ""Jim Carlson"", ""votes"": 1177, ""votes_pct"": 66.160000, ""party"": ""DFL"" }, { ""name"": ""Stephen Lowell"", ""votes"": 600, ""votes_pct"": 33.730000, ""party"": ""R"" }, { ""name"": ""WRITE-IN"", ""votes"": 2, ""votes_pct"": 0.110000, ""party"": ""WI"" } ]"
"191850","2","52",52B,Dakota,Eagan P-15,1.21561485150362,DFL,"27.85",27.85,1609.88490522252,"1957","[ { ""name"": ""Jim Carlson"", ""votes"": 1250, ""votes_pct"": 63.870000, ""party"": ""DFL"" }, { ""name"": ""Stephen Lowell"", ""votes"": 705, ""votes_pct"": 36.020000, ""party"": ""R"" }, { ""name"": ""WRITE-IN"", ""votes"": 2, ""votes_pct"": 0.100000, ""party"": ""WI"" } ]"
"191860","2","52",52B,Dakota,Eagan P-16,1.03355951612671,DFL,"27.55",27.55,1492.89903089706,"1543","[ { ""name"": ""Jim Carlson"", ""votes"": 983, ""votes_pct"": 63.710000, ""party"": ""DFL"" }, { ""name"": ""Stephen Lowell"", ""votes"": 558, ""votes_pct"": 36.160000, ""party"": ""R"" }, { ""name"": ""WRITE-IN"", ""votes"": 2, ""votes_pct"": 0.130000, ""party"": ""WI"" } ]"
"191870","2","52",52A,Dakota,Eagan P-17,1.45339294776004,DFL,"30.60",30.6,1234.35303767292,"1794","[ { ""name"": ""Jim Carlson"", ""votes"": 1170, ""votes_pct"": 65.220000, ""party"": ""DFL"" }, { ""name"": ""Stephen Lowell"", ""votes"": 621, ""votes_pct"": 34.620000, ""party"": ""R"" }, { ""name"": ""WRITE-IN"", ""votes"": 3, ""votes_pct"": 0.170000, ""party"": ""WI"" } ]"
"191880","2","56",56B,Dakota,Eagan P-18,3.65442808003159,DFL,"15.62",15.62,676.165995303605,"2471","[ { ""name"": ""Erin Maye Quade"", ""votes"": 1428, ""votes_pct"": 57.790000, ""party"": ""DFL"" }, { ""name"": ""Jim Bean"", ""votes"": 1042, ""votes_pct"": 42.170000, ""party"": ""R"" }, { ""name"": ""WRITE-IN"", ""votes"": 1, ""votes_pct"": 0.040000, ""party"": ""WI"" } ]"
"192010","2","58",58B,Dakota,Empire Twp,31.5263384201552,R,"28.73",-28.73,46.1518867370212,"1455","[ { ""name"": ""Bill Lieske"", ""votes"": 935, ""votes_pct"": 64.260000, ""party"": ""R"" }, { ""name"": ""Clarice Grabau"", ""votes"": 517, ""votes_pct"": 35.530000, ""party"": ""DFL"" }, { ""name"": ""WRITE-IN"", ""votes"": 3, ""votes_pct"": 0.210000, ""party"": ""WI"" } ]"
"192110","2","57",57A,Dakota,Eureka Twp,34.8643555644513,R,"42.38",-42.38,23.6918189545489,"826","[ { ""name"": ""Zach Duckworth"", ""votes"": 588, ""votes_pct"": 71.190000, ""party"": ""R"" }, { ""name"": ""Jackie Craig"", ""votes"": 238, ""votes_pct"": 28.810000, ""party"": ""DFL"" }, { ""name"": ""WRITE-IN"", ""votes"": 0, ""votes_pct"": 0, ""party"": ""WI"" } ]"
"192210","2","58",58B,Dakota,Farmington P-1,1.0533964566411,R,"13.18",-13.18,684.452653561232,"721","[ { ""name"": ""Bill Lieske"", ""votes"": 408, ""votes_pct"": 56.590000, ""party"": ""R"" }, { ""name"": ""Clarice Grabau"", ""votes"": 313, ""votes_pct"": 43.410000, ""party"": ""DFL"" }, { ""name"": ""WRITE-IN"", ""votes"": 0, ""votes_pct"": 0, ""party"": ""WI"" } ]"
"192220","2","58",58B,Dakota,Farmington P-2,1.75158996895654,R,"8.68",-8.68,1078.44874284437,"1889","[ { ""name"": ""Bill Lieske"", ""votes"": 1026, ""votes_pct"": 54.310000, ""party"": ""R"" }, { ""name"": ""Clarice Grabau"", ""votes"": 862, ""votes_pct"": 45.630000, ""party"": ""DFL"" }, { ""name"": ""WRITE-IN"", ""votes"": 1, ""votes_pct"": 0.050000, ""party"": ""WI"" } ]"
"192230","2","58",58B,Dakota,Farmington P-3,1.99136030464156,R,"9.48",-9.48,704.543520692772,"1403","[ { ""name"": ""Bill Lieske"", ""votes"": 766, ""votes_pct"": 54.600000, ""party"": ""R"" }, { ""name"": ""Clarice Grabau"", ""votes"": 633, ""votes_pct"": 45.120000, ""party"": ""DFL"" }, { ""name"": ""WRITE-IN"", ""votes"": 4, ""votes_pct"": 0.290000, ""party"": ""WI"" } ]"
"192240","2","58",58B,Dakota,Farmington P-4,1.81213433813412,R,"15.26",-15.26,1164.37283682433,"2110","[ { ""name"": ""Bill Lieske"", ""votes"": 1215, ""votes_pct"": 57.580000, ""party"": ""R"" }, { ""name"": ""Clarice Grabau"", ""votes"": 893, ""votes_pct"": 42.320000, ""party"": ""DFL"" }, { ""name"": ""WRITE-IN"", ""votes"": 2, ""votes_pct"": 0.090000, ""party"": ""WI"" } ]"
"192250","2","58",58B,Dakota,Farmington P-5,2.57789201936795,R,"10.10",-10.1,680.012966730003,"1753","[ { ""name"": ""Bill Lieske"", ""votes"": 964, ""votes_pct"": 54.990000, ""party"": ""R"" }, { ""name"": ""Clarice Grabau"", ""votes"": 787, ""votes_pct"": 44.890000, ""party"": ""DFL"" }, { ""name"": ""WRITE-IN"", ""votes"": 2, ""votes_pct"": 0.110000, ""party"": ""WI"" } ]"
"192260","2","58",58B,Dakota,Farmington P-6,5.66224560188001,R,"15.12",-15.12,254.669278125488,"1442","[ { ""name"": ""Bill Lieske"", ""votes"": 829, ""votes_pct"": 57.490000, ""party"": ""R"" }, { ""name"": ""Clarice Grabau"", ""votes"": 611, ""votes_pct"": 42.370000, ""party"": ""DFL"" }, { ""name"": ""WRITE-IN"", ""votes"": 2, ""votes_pct"": 0.140000, ""party"": ""WI"" } ]"
"192310","2","58",58B,Dakota,Greenvale Twp,28.5421350365623,R,"20.14",-20.14,16.0114160841362,"457","[ { ""name"": ""Bill Lieske"", ""votes"": 274, ""votes_pct"": 59.960000, ""party"": ""R"" }, { ""name"": ""Clarice Grabau"", ""votes"": 182, ""votes_pct"": 39.820000, ""party"": ""DFL"" }, { ""name"": ""WRITE-IN"", ""votes"": 1, ""votes_pct"": 0.220000, ""party"": ""WI"" } ]"
"192410","2","58",58B,Dakota,Hampton,1.24244699228536,R,"42.96",-42.96,217.313093980261,"270","[ { ""name"": ""Bill Lieske"", ""votes"": 193, ""votes_pct"": 71.480000, ""party"": ""R"" }, { ""name"": ""Clarice Grabau"", ""votes"": 77, ""votes_pct"": 28.520000, ""party"": ""DFL"" }, { ""name"": ""WRITE-IN"", ""votes"": 0, ""votes_pct"": 0, ""party"": ""WI"" } ]"
"192510","2","58",58B,Dakota,Hampton Twp,34.43624006249,R,"43.74",-43.74,13.2128246049607,"455","[ { ""name"": ""Bill Lieske"", ""votes"": 327, ""votes_pct"": 71.870000, ""party"": ""R"" }, { ""name"": ""Clarice Grabau"", ""votes"": 128, ""votes_pct"": 28.130000, ""party"": ""DFL"" }, { ""name"": ""WRITE-IN"", ""votes"": 0, ""votes_pct"": 0, ""party"": ""WI"" } ]"
"192610","2","41",41B,Dakota,Hastings W-1 P-1,3.75462093312435,DFL,"2.61",2.61,296.168380192423,"1112","[ { ""name"": ""Judy Seeberger"", ""votes"": 569, ""votes_pct"": 51.170000, ""party"": ""DFL"" }, { ""name"": ""Tom Dippel"", ""votes"": 540, ""votes_pct"": 48.560000, ""party"": ""R"" }, { ""name"": ""WRITE-IN"", ""votes"": 3, ""votes_pct"": 0.270000, ""party"": ""WI"" } ]"
"192620","2","41",41B,Dakota,Hastings W-1 P-2,0.978220389272841,R,"10.32",-10.32,1267.60800899044,"1240","[ { ""name"": ""Tom Dippel"", ""votes"": 684, ""votes_pct"": 55.160000, ""party"": ""R"" }, { ""name"": ""Judy Seeberger"", ""votes"": 556, ""votes_pct"": 44.840000, ""party"": ""DFL"" }, { ""name"": ""WRITE-IN"", ""votes"": 0, ""votes_pct"": 0, ""party"": ""WI"" } ]"
"192630","2","41",41B,Dakota,Hastings W-2 P-2,0.913840971582825,R,"3.09",-3.09,1168.69349614536,"1068","[ { ""name"": ""Tom Dippel"", ""votes"": 549, ""votes_pct"": 51.400000, ""party"": ""R"" }, { ""name"": ""Judy Seeberger"", ""votes"": 516, ""votes_pct"": 48.310000, ""party"": ""DFL"" }, { ""name"": ""WRITE-IN"", ""votes"": 3, ""votes_pct"": 0.280000, ""party"": ""WI"" } ]"
"192640","2","41",41B,Dakota,Hastings W-2 P-3,1.59586301997708,DFL,"2.32",2.32,784.528486672985,"1252","[ { ""name"": ""Judy Seeberger"", ""votes"": 640, ""votes_pct"": 51.120000, ""party"": ""DFL"" }, { ""name"": ""Tom Dippel"", ""votes"": 611, ""votes_pct"": 48.800000, ""party"": ""R"" }, { ""name"": ""WRITE-IN"", ""votes"": 1, ""votes_pct"": 0.080000, ""party"": ""WI"" } ]"
"192650","2","41",41B,Dakota,Hastings W-3 P-1,0.692271934549767,R,"2.56",-2.56,1971.76850869703,"1365","[ { ""name"": ""Tom Dippel"", ""votes"": 700, ""votes_pct"": 51.280000, ""party"": ""R"" }, { ""name"": ""Judy Seeberger"", ""votes"": 665, ""votes_pct"": 48.720000, ""party"": ""DFL"" }, { ""name"": ""WRITE-IN"", ""votes"": 0, ""votes_pct"": 0, ""party"": ""WI"" } ]"
"192660","2","41",41B,Dakota,Hastings W-3 P-2,0.905663047478904,R,"1.56",-1.56,1416.6416567083,"1283","[ { ""name"": ""Tom Dippel"", ""votes"": 651, ""votes_pct"": 50.740000, ""party"": ""R"" }, { ""name"": ""Judy Seeberger"", ""votes"": 631, ""votes_pct"": 49.180000, ""party"": ""DFL"" }, { ""name"": ""WRITE-IN"", ""votes"": 1, ""votes_pct"": 0.080000, ""party"": ""WI"" } ]"
"192670","2","41",41B,Dakota,Hastings W-4 P-1,1.0633898396284,R,"10.14",-10.14,1567.62829385555,"1667","[ { ""name"": ""Tom Dippel"", ""votes"": 916, ""votes_pct"": 54.950000, ""party"": ""R"" }, { ""name"": ""Judy Seeberger"", ""votes"": 747, ""votes_pct"": 44.810000, ""party"": ""DFL"" }, { ""name"": ""WRITE-IN"", ""votes"": 4, ""votes_pct"": 0.240000, ""party"": ""WI"" } ]"
"192680","2","41",41B,Dakota,Hastings W-4 P-2,0.982084358988018,R,"4.02",-4.02,1367.49963249989,"1343","[ { ""name"": ""Tom Dippel"", ""votes"": 698, ""votes_pct"": 51.970000, ""party"": ""R"" }, { ""name"": ""Judy Seeberger"", ""votes"": 644, ""votes_pct"": 47.950000, ""party"": ""DFL"" }, { ""name"": ""WRITE-IN"", ""votes"": 1, ""votes_pct"": 0.070000, ""party"": ""WI"" } ]"
"192710","2","53",53A,Dakota,Inver Grove Heights P-1,4.34532023853642,R,"3.83",-3.83,216.094545040085,"939","[ { ""name"": ""Chris Rausch"", ""votes"": 487, ""votes_pct"": 51.860000, ""party"": ""R"" }, { ""name"": ""Matt Klein"", ""votes"": 451, ""votes_pct"": 48.030000, ""party"": ""DFL"" }, { ""name"": ""WRITE-IN"", ""votes"": 1, ""votes_pct"": 0.110000, ""party"": ""WI"" } ]"
"192720","2","53",53A,Dakota,Inver Grove Heights P-2,6.69829858103835,R,"9.31",-9.31,208.560425173439,"1397","[ { ""name"": ""Chris Rausch"", ""votes"": 763, ""votes_pct"": 54.620000, ""party"": ""R"" }, { ""name"": ""Matt Klein"", ""votes"": 633, ""votes_pct"": 45.310000, ""party"": ""DFL"" }, { ""name"": ""WRITE-IN"", ""votes"": 1, ""votes_pct"": 0.070000, ""party"": ""WI"" } ]"
"192730","2","53",53A,Dakota,Inver Grove Heights P-3,5.2538290229997,DFL,"1.98",1.98,212.416505203059,"1116","[ { ""name"": ""Matt Klein"", ""votes"": 569, ""votes_pct"": 50.990000, ""party"": ""DFL"" }, { ""name"": ""Chris Rausch"", ""votes"": 547, ""votes_pct"": 49.010000, ""party"": ""R"" }, { ""name"": ""WRITE-IN"", ""votes"": 0, ""votes_pct"": 0, ""party"": ""WI"" } ]"
"192740","2","53",53A,Dakota,Inver Grove Heights P-4,1.13629420150003,DFL,"14.86",14.86,1765.38786993005,"2006","[ { ""name"": ""Matt Klein"", ""votes"": 1152, ""votes_pct"": 57.430000, ""party"": ""DFL"" }, { ""name"": ""Chris Rausch"", ""votes"": 854, ""votes_pct"": 42.570000, ""party"": ""R"" }, { ""name"": ""WRITE-IN"", ""votes"": 0, ""votes_pct"": 0, ""party"": ""WI"" } ]"
"192750","2","53",53A,Dakota,Inver Grove Heights P-5,1.73725616533669,DFL,"12.63",12.63,984.310796599528,"1710","[ { ""name"": ""Matt Klein"", ""votes"": 961, ""votes_pct"": 56.200000, ""party"": ""DFL"" }, { ""name"": ""Chris Rausch"", ""votes"": 745, ""votes_pct"": 43.570000, ""party"": ""R"" }, { ""name"": ""WRITE-IN"", ""votes"": 4, ""votes_pct"": 0.230000, ""party"": ""WI"" } ]"
"192760","2","53",53A,Dakota,Inver Grove Heights P-6,1.07068766037691,DFL,"14.45",14.45,1739.06926259385,"1862","[ { ""name"": ""Matt Klein"", ""votes"": 1065, ""votes_pct"": 57.200000, ""party"": ""DFL"" }, { ""name"": ""Chris Rausch"", ""votes"": 796, ""votes_pct"": 42.750000, ""party"": ""R"" }, { ""name"": ""WRITE-IN"", ""votes"": 1, ""votes_pct"": 0.050000, ""party"": ""WI"" } ]"
"192770","2","53",53B,Dakota,Inver Grove Heights P-7,1.99047198033298,DFL,"6.58",6.58,756.604471140592,"1506","[ { ""name"": ""Matt Klein"", ""votes"": 801, ""votes_pct"": 53.190000, ""party"": ""DFL"" }, { ""name"": ""Chris Rausch"", ""votes"": 702, ""votes_pct"": 46.610000, ""party"": ""R"" }, { ""name"": ""WRITE-IN"", ""votes"": 3, ""votes_pct"": 0.200000, ""party"": ""WI"" } ]"
"192780","2","53",53A,Dakota,Inver Grove Heights P-8,1.50508112545791,DFL,"20.94",20.94,1116.88331716243,"1681","[ { ""name"": ""Matt Klein"", ""votes"": 1015, ""votes_pct"": 60.380000, ""party"": ""DFL"" }, { ""name"": ""Chris Rausch"", ""votes"": 663, ""votes_pct"": 39.440000, ""party"": ""R"" }, { ""name"": ""WRITE-IN"", ""votes"": 3, ""votes_pct"": 0.180000, ""party"": ""WI"" } ]"
"192790","2","53",53A,Dakota,Inver Grove Heights P-9,1.01562839847869,DFL,"33.50",33.5,826.089543436098,"839","[ { ""name"": ""Matt Klein"", ""votes"": 560, ""votes_pct"": 66.750000, ""party"": ""DFL"" }, { ""name"": ""Chris Rausch"", ""votes"": 279, ""votes_pct"": 33.250000, ""party"": ""R"" }, { ""name"": ""WRITE-IN"", ""votes"": 0, ""votes_pct"": 0, ""party"": ""WI"" } ]"
"192800","2","53",53B,Dakota,Inver Grove Heights P-10,0.91268349766308,DFL,"23.62",23.62,1224.95914833853,"1118","[ { ""name"": ""Matt Klein"", ""votes"": 691, ""votes_pct"": 61.810000, ""party"": ""DFL"" }, { ""name"": ""Chris Rausch"", ""votes"": 427, ""votes_pct"": 38.190000, ""party"": ""R"" }, { ""name"": ""WRITE-IN"", ""votes"": 0, ""votes_pct"": 0, ""party"": ""WI"" } ]"
"192810","2","53",53A,Dakota,Inver Grove Heights P-11,1.72663137211594,DFL,"15.22",15.22,422.209402523847,"729","[ { ""name"": ""Matt Klein"", ""votes"": 420, ""votes_pct"": 57.610000, ""party"": ""DFL"" }, { ""name"": ""Chris Rausch"", ""votes"": 309, ""votes_pct"": 42.390000, ""party"": ""R"" }, { ""name"": ""WRITE-IN"", ""votes"": 0, ""votes_pct"": 0, ""party"": ""WI"" } ]"
"192820","2","53",53A,Dakota,Inver Grove Heights P-12,2.65681231968695,DFL,"11.36",11.36,371.121434771192,"986","[ { ""name"": ""Matt Klein"", ""votes"": 548, ""votes_pct"": 55.580000, ""party"": ""DFL"" }, { ""name"": ""Chris Rausch"", ""votes"": 436, ""votes_pct"": 44.220000, ""party"": ""R"" }, { ""name"": ""WRITE-IN"", ""votes"": 2, ""votes_pct"": 0.200000, ""party"": ""WI"" } ]"
"192910","2","57",57A,Dakota,Lakeville P-1,4.2296213163204,R,"12.05",-12.05,447.084941789799,"1891","[ { ""name"": ""Zach Duckworth"", ""votes"": 1059, ""votes_pct"": 56, ""party"": ""R"" }, { ""name"": ""Jackie Craig"", ""votes"": 831, ""votes_pct"": 43.950000, ""party"": ""DFL"" }, { ""name"": ""WRITE-IN"", ""votes"": 1, ""votes_pct"": 0.050000, ""party"": ""WI"" } ]"
"192920","2","57",57A,Dakota,Lakeville P-2,2.60709146414531,R,"19.16",-19.16,786.700439246915,"2051","[ { ""name"": ""Zach Duckworth"", ""votes"": 1222, ""votes_pct"": 59.580000, ""party"": ""R"" }, { ""name"": ""Jackie Craig"", ""votes"": 829, ""votes_pct"": 40.420000, ""party"": ""DFL"" }, { ""name"": ""WRITE-IN"", ""votes"": 0, ""votes_pct"": 0, ""party"": ""WI"" } ]"
"192930","2","57",57A,Dakota,Lakeville P-3,1.43319224900323,R,"20.40",-20.4,1121.9709017533,"1608","[ { ""name"": ""Zach Duckworth"", ""votes"": 967, ""votes_pct"": 60.140000, ""party"": ""R"" }, { ""name"": ""Jackie Craig"", ""votes"": 639, ""votes_pct"": 39.740000, ""party"": ""DFL"" }, { ""name"": ""WRITE-IN"", ""votes"": 2, ""votes_pct"": 0.120000, ""party"": ""WI"" } ]"
"192940","2","57",57A,Dakota,Lakeville P-4,4.58800679198862,R,"16.60",-16.6,363.556567290308,"1668","[ { ""name"": ""Zach Duckworth"", ""votes"": 972, ""votes_pct"": 58.270000, ""party"": ""R"" }, { ""name"": ""Jackie Craig"", ""votes"": 695, ""votes_pct"": 41.670000, ""party"": ""DFL"" }, { ""name"": ""WRITE-IN"", ""votes"": 1, ""votes_pct"": 0.060000, ""party"": ""WI"" } ]"
"192950","2","57",57A,Dakota,Lakeville P-5,5.32268911294263,R,"15.46",-15.46,313.375431968044,"1668","[ { ""name"": ""Zach Duckworth"", ""votes"": 963, ""votes_pct"": 57.730000, ""party"": ""R"" }, { ""name"": ""Jackie Craig"", ""votes"": 705, ""votes_pct"": 42.270000, ""party"": ""DFL"" }, { ""name"": ""WRITE-IN"", ""votes"": 0, ""votes_pct"": 0, ""party"": ""WI"" } ]"
"192960","2","57",57A,Dakota,Lakeville P-6,1.38219698462403,R,"20.56",-20.56,1020.11508901066,"1410","[ { ""name"": ""Zach Duckworth"", ""votes"": 850, ""votes_pct"": 60.280000, ""party"": ""R"" }, { ""name"": ""Jackie Craig"", ""votes"": 560, ""votes_pct"": 39.720000, ""party"": ""DFL"" }, { ""name"": ""WRITE-IN"", ""votes"": 0, ""votes_pct"": 0, ""party"": ""WI"" } ]"
"192970","2","57",57A,Dakota,Lakeville P-7,3.69885545053853,R,"16.00",-16,693.18740196422,"2564","[ { ""name"": ""Zach Duckworth"", ""votes"": 1487, ""votes_pct"": 58, ""party"": ""R"" }, { ""name"": ""Jackie Craig"", ""votes"": 1077, ""votes_pct"": 42, ""party"": ""DFL"" }, { ""name"": ""WRITE-IN"", ""votes"": 0, ""votes_pct"": 0, ""party"": ""WI"" } ]"
"192980","2","57",57B,Dakota,Lakeville P-8,1.39728424449042,R,"11.40",-11.4,1475.00410752261,"2061","[ { ""name"": ""Zach Duckworth"", ""votes"": 1148, ""votes_pct"": 55.700000, ""party"": ""R"" }, { ""name"": ""Jackie Craig"", ""votes"": 913, ""votes_pct"": 44.300000, ""party"": ""DFL"" }, { ""name"": ""WRITE-IN"", ""votes"": 0, ""votes_pct"": 0, ""party"": ""WI"" } ]"
"192990","2","57",57B,Dakota,Lakeville P-9,1.10820493737697,R,"15.67",-15.67,1387.82994744666,"1538","[ { ""name"": ""Zach Duckworth"", ""votes"": 888, ""votes_pct"": 57.740000, ""party"": ""R"" }, { ""name"": ""Jackie Craig"", ""votes"": 647, ""votes_pct"": 42.070000, ""party"": ""DFL"" }, { ""name"": ""WRITE-IN"", ""votes"": 3, ""votes_pct"": 0.200000, ""party"": ""WI"" } ]"
"193000","2","57",57B,Dakota,Lakeville P-10,1.92310234883395,R,"16.51",-16.51,1014.50658680905,"1951","[ { ""name"": ""Zach Duckworth"", ""votes"": 1136, ""votes_pct"": 58.230000, ""party"": ""R"" }, { ""name"": ""Jackie Craig"", ""votes"": 814, ""votes_pct"": 41.720000, ""party"": ""DFL"" }, { ""name"": ""WRITE-IN"", ""votes"": 1, ""votes_pct"": 0.050000, ""party"": ""WI"" } ]"
"193010","2","57",57B,Dakota,Lakeville P-11,1.43602481761853,R,"8.69",-8.69,1337.72061348197,"1921","[ { ""name"": ""Zach Duckworth"", ""votes"": 1041, ""votes_pct"": 54.190000, ""party"": ""R"" }, { ""name"": ""Jackie Craig"", ""votes"": 874, ""votes_pct"": 45.500000, ""party"": ""DFL"" }, { ""name"": ""WRITE-IN"", ""votes"": 6, ""votes_pct"": 0.310000, ""party"": ""WI"" } ]"
"193020","2","57",57B,Dakota,Lakeville P-12,1.07803072250488,R,"8.68",-8.68,1561.17999688305,"1683","[ { ""name"": ""Zach Duckworth"", ""votes"": 913, ""votes_pct"": 54.250000, ""party"": ""R"" }, { ""name"": ""Jackie Craig"", ""votes"": 767, ""votes_pct"": 45.570000, ""party"": ""DFL"" }, { ""name"": ""WRITE-IN"", ""votes"": 3, ""votes_pct"": 0.180000, ""party"": ""WI"" } ]"
"193030","2","57",57B,Dakota,Lakeville P-13,1.98242338875996,R,"1.76",-1.76,1147.58533061046,"2275","[ { ""name"": ""Zach Duckworth"", ""votes"": 1156, ""votes_pct"": 50.810000, ""party"": ""R"" }, { ""name"": ""Jackie Craig"", ""votes"": 1116, ""votes_pct"": 49.050000, ""party"": ""DFL"" }, { ""name"": ""WRITE-IN"", ""votes"": 3, ""votes_pct"": 0.130000, ""party"": ""WI"" } ]"
"193040","2","57",57B,Dakota,Lakeville P-14,1.30665856527449,R,"9.35",-9.35,1186.99715535418,"1551","[ { ""name"": ""Zach Duckworth"", ""votes"": 847, ""votes_pct"": 54.610000, ""party"": ""R"" }, { ""name"": ""Jackie Craig"", ""votes"": 702, ""votes_pct"": 45.260000, ""party"": ""DFL"" }, { ""name"": ""WRITE-IN"", ""votes"": 2, ""votes_pct"": 0.130000, ""party"": ""WI"" } ]"
"193050","2","57",57B,Dakota,Lakeville P-15,1.16126051078852,R,"1.40",-1.4,1484.59366695365,"1724","[ { ""name"": ""Zach Duckworth"", ""votes"": 874, ""votes_pct"": 50.700000, ""party"": ""R"" }, { ""name"": ""Jackie Craig"", ""votes"": 850, ""votes_pct"": 49.300000, ""party"": ""DFL"" }, { ""name"": ""WRITE-IN"", ""votes"": 0, ""votes_pct"": 0, ""party"": ""WI"" } ]"
"193060","2","57",57B,Dakota,Lakeville P-16,1.00731224415007,R,"7.02",-7.02,1795.86817345436,"1809","[ { ""name"": ""Zach Duckworth"", ""votes"": 968, ""votes_pct"": 53.510000, ""party"": ""R"" }, { ""name"": ""Jackie Craig"", ""votes"": 841, ""votes_pct"": 46.490000, ""party"": ""DFL"" }, { ""name"": ""WRITE-IN"", ""votes"": 0, ""votes_pct"": 0, ""party"": ""WI"" } ]"
"193070","2","57",57B,Dakota,Lakeville P-17,1.98767311952953,R,"8.37",-8.37,1123.92725848643,"2234","[ { ""name"": ""Zach Duckworth"", ""votes"": 1209, ""votes_pct"": 54.120000, ""party"": ""R"" }, { ""name"": ""Jackie Craig"", ""votes"": 1022, ""votes_pct"": 45.750000, ""party"": ""DFL"" }, { ""name"": ""WRITE-IN"", ""votes"": 3, ""votes_pct"": 0.130000, ""party"": ""WI"" } ]"
"193080","2","57",57B,Dakota,Lakeville P-18,0.979211657300877,DFL,"0.44",0.44,1644.17977257118,"1610","[ { ""name"": ""Jackie Craig"", ""votes"": 808, ""votes_pct"": 50.190000, ""party"": ""DFL"" }, { ""name"": ""Zach Duckworth"", ""votes"": 801, ""votes_pct"": 49.750000, ""party"": ""R"" }, { ""name"": ""WRITE-IN"", ""votes"": 1, ""votes_pct"": 0.060000, ""party"": ""WI"" } ]"
"193110","2","53",53A,Dakota,Lilydale,0.859739308433577,DFL,"33.34",33.34,739.759126704089,"636","[ { ""name"": ""Matt Klein"", ""votes"": 424, ""votes_pct"": 66.670000, ""party"": ""DFL"" }, { ""name"": ""Chris Rausch"", ""votes"": 212, ""votes_pct"": 33.330000, ""party"": ""R"" }, { ""name"": ""WRITE-IN"", ""votes"": 0, ""votes_pct"": 0, ""party"": ""WI"" } ]"
"193210","2","58",58B,Dakota,Marshan Twp,34.3716661215428,R,"39.14",-39.14,19.0272999186996,"654","[ { ""name"": ""Bill Lieske"", ""votes"": 455, ""votes_pct"": 69.570000, ""party"": ""R"" }, { ""name"": ""Clarice Grabau"", ""votes"": 199, ""votes_pct"": 30.430000, ""party"": ""DFL"" }, { ""name"": ""WRITE-IN"", ""votes"": 0, ""votes_pct"": 0, ""party"": ""WI"" } ]"
"193310","2","52",52B,Dakota,Mendota,0.295980446287984,DFL,"24.08",24.08,364.888969371031,"108","[ { ""name"": ""Jim Carlson"", ""votes"": 67, ""votes_pct"": 62.040000, ""party"": ""DFL"" }, { ""name"": ""Stephen Lowell"", ""votes"": 41, ""votes_pct"": 37.960000, ""party"": ""R"" }, { ""name"": ""WRITE-IN"", ""votes"": 0, ""votes_pct"": 0, ""party"": ""WI"" } ]"
"193410","2","53",53A,Dakota,Mendota Heights P-1,1.184304909219,DFL,"25.16",25.16,1432.90801785082,"1697","[ { ""name"": ""Matt Klein"", ""votes"": 1062, ""votes_pct"": 62.580000, ""party"": ""DFL"" }, { ""name"": ""Chris Rausch"", ""votes"": 635, ""votes_pct"": 37.420000, ""party"": ""R"" }, { ""name"": ""WRITE-IN"", ""votes"": 0, ""votes_pct"": 0, ""party"": ""WI"" } ]"
"193420","2","52",52B,Dakota,Mendota Heights P-2,1.57103468442706,DFL,"14.55",14.55,966.878716973686,"1519","[ { ""name"": ""Jim Carlson"", ""votes"": 869, ""votes_pct"": 57.210000, ""party"": ""DFL"" }, { ""name"": ""Stephen Lowell"", ""votes"": 648, ""votes_pct"": 42.660000, ""party"": ""R"" }, { ""name"": ""WRITE-IN"", ""votes"": 2, ""votes_pct"": 0.130000, ""party"": ""WI"" } ]"
"193430","2","52",52B,Dakota,Mendota Heights P-3,1.13608499115326,DFL,"24.80",24.8,1313.28202697709,"1492","[ { ""name"": ""Jim Carlson"", ""votes"": 930, ""votes_pct"": 62.330000, ""party"": ""DFL"" }, { ""name"": ""Stephen Lowell"", ""votes"": 560, ""votes_pct"": 37.530000, ""party"": ""R"" }, { ""name"": ""WRITE-IN"", ""votes"": 2, ""votes_pct"": 0.130000, ""party"": ""WI"" } ]"
"193440","2","52",52B,Dakota,Mendota Heights P-4,5.22031614346242,DFL,"23.33",23.33,292.319460749721,"1526","[ { ""name"": ""Jim Carlson"", ""votes"": 939, ""votes_pct"": 61.530000, ""party"": ""DFL"" }, { ""name"": ""Stephen Lowell"", ""votes"": 583, ""votes_pct"": 38.200000, ""party"": ""R"" }, { ""name"": ""WRITE-IN"", ""votes"": 4, ""votes_pct"": 0.260000, ""party"": ""WI"" } ]"
"193450","2","52",52B,Dakota,Mendota Heights P-5,0.95390970686154,DFL,"17.14",17.14,1418.37323833459,"1353","[ { ""name"": ""Jim Carlson"", ""votes"": 791, ""votes_pct"": 58.460000, ""party"": ""DFL"" }, { ""name"": ""Stephen Lowell"", ""votes"": 559, ""votes_pct"": 41.320000, ""party"": ""R"" }, { ""name"": ""WRITE-IN"", ""votes"": 3, ""votes_pct"": 0.220000, ""party"": ""WI"" } ]"
"193510","2","20",20A,Dakota,Miesville,1.74342302836673,R,"52.38",-52.38,36.1358081056319,"63","[ { ""name"": ""Steve Drazkowski"", ""votes"": 48, ""votes_pct"": 76.190000, ""party"": ""R"" }, { ""name"": ""Bradley Robert Drenckhahn"", ""votes"": 15, ""votes_pct"": 23.810000, ""party"": ""DFL"" }, { ""name"": ""WRITE-IN"", ""votes"": 0, ""votes_pct"": 0, ""party"": ""WI"" } ]"
"193610","2","58",58B,Dakota,New Trier,0.1902330448019,R,"60.00",-60,157.701308052135,"30","[ { ""name"": ""Bill Lieske"", ""votes"": 24, ""votes_pct"": 80, ""party"": ""R"" }, { ""name"": ""Clarice Grabau"", ""votes"": 6, ""votes_pct"": 20, ""party"": ""DFL"" }, { ""name"": ""WRITE-IN"", ""votes"": 0, ""votes_pct"": 0, ""party"": ""WI"" } ]"
"193710","2","41",41B,Dakota,Nininger Twp,17.0192032261852,R,"27.86",-27.86,29.731121561642,"506","[ { ""name"": ""Tom Dippel"", ""votes"": 323, ""votes_pct"": 63.830000, ""party"": ""R"" }, { ""name"": ""Judy Seeberger"", ""votes"": 182, ""votes_pct"": 35.970000, ""party"": ""DFL"" }, { ""name"": ""WRITE-IN"", ""votes"": 1, ""votes_pct"": 0.200000, ""party"": ""WI"" } ]"
"193810","2","58",58A,Dakota,Northfield W-3 P-2,1.47999754625194,DFL,"37.17",37.17,523.649516827018,"775","[ { ""name"": ""Clarice Grabau"", ""votes"": 531, ""votes_pct"": 68.520000, ""party"": ""DFL"" }, { ""name"": ""Bill Lieske"", ""votes"": 243, ""votes_pct"": 31.350000, ""party"": ""R"" }, { ""name"": ""WRITE-IN"", ""votes"": 1, ""votes_pct"": 0.130000, ""party"": ""WI"" } ]"
"193910","2","58",58B,Dakota,Randolph,0.980761419384318,R,"34.26",-34.26,220.23704820648,"216","[ { ""name"": ""Bill Lieske"", ""votes"": 144, ""votes_pct"": 66.670000, ""party"": ""R"" }, { ""name"": ""Clarice Grabau"", ""votes"": 70, ""votes_pct"": 32.410000, ""party"": ""DFL"" }, { ""name"": ""WRITE-IN"", ""votes"": 2, ""votes_pct"": 0.930000, ""party"": ""WI"" } ]"
"194010","2","58",58B,Dakota,Randolph Twp,10.5152160345804,R,"35.68",-35.68,40.5127197196,"426","[ { ""name"": ""Bill Lieske"", ""votes"": 289, ""votes_pct"": 67.840000, ""party"": ""R"" }, { ""name"": ""Clarice Grabau"", ""votes"": 137, ""votes_pct"": 32.160000, ""party"": ""DFL"" }, { ""name"": ""WRITE-IN"", ""votes"": 0, ""votes_pct"": 0, ""party"": ""WI"" } ]"
"194110","2","58",58B,Dakota,Ravenna Twp,21.8261039605151,R,"26.14",-26.14,59.2409897038483,"1293","[ { ""name"": ""Bill Lieske"", ""votes"": 815, ""votes_pct"": 63.030000, ""party"": ""R"" }, { ""name"": ""Clarice Grabau"", ""votes"": 477, ""votes_pct"": 36.890000, ""party"": ""DFL"" }, { ""name"": ""WRITE-IN"", ""votes"": 1, ""votes_pct"": 0.080000, ""party"": ""WI"" } ]"
"194210","2","56",56B,Dakota,Rosemount P-1,1.18337645849108,DFL,"5.50",5.5,1411.2161755604,"1670","[ { ""name"": ""Erin Maye Quade"", ""votes"": 880, ""votes_pct"": 52.690000, ""party"": ""DFL"" }, { ""name"": ""Jim Bean"", ""votes"": 788, ""votes_pct"": 47.190000, ""party"": ""R"" }, { ""name"": ""WRITE-IN"", ""votes"": 2, ""votes_pct"": 0.120000, ""party"": ""WI"" } ]"
"194220","2","56",56B,Dakota,Rosemount P-2,5.20965137995731,DFL,"2.68",2.68,321.326683478332,"1674","[ { ""name"": ""Erin Maye Quade"", ""votes"": 858, ""votes_pct"": 51.250000, ""party"": ""DFL"" }, { ""name"": ""Jim Bean"", ""votes"": 813, ""votes_pct"": 48.570000, ""party"": ""R"" }, { ""name"": ""WRITE-IN"", ""votes"": 3, ""votes_pct"": 0.180000, ""party"": ""WI"" } ]"
"194230","2","56",56B,Dakota,Rosemount P-3,1.13717500004008,DFL,"1.18",1.18,1643.54650773551,"1869","[ { ""name"": ""Erin Maye Quade"", ""votes"": 945, ""votes_pct"": 50.560000, ""party"": ""DFL"" }, { ""name"": ""Jim Bean"", ""votes"": 923, ""votes_pct"": 49.380000, ""party"": ""R"" }, { ""name"": ""WRITE-IN"", ""votes"": 1, ""votes_pct"": 0.050000, ""party"": ""WI"" } ]"
"194240","2","56",56B,Dakota,Rosemount P-4,0.855070056237969,DFL,"3.23",3.23,1885.22564699819,"1612","[ { ""name"": ""Erin Maye Quade"", ""votes"": 830, ""votes_pct"": 51.490000, ""party"": ""DFL"" }, { ""name"": ""Jim Bean"", ""votes"": 778, ""votes_pct"": 48.260000, ""party"": ""R"" }, { ""name"": ""WRITE-IN"", ""votes"": 4, ""votes_pct"": 0.250000, ""party"": ""WI"" } ]"
"194250","2","56",56B,Dakota,Rosemount P-5,0.773356633963056,DFL,"3.58",3.58,2168.46914651296,"1677","[ { ""name"": ""Erin Maye Quade"", ""votes"": 868, ""votes_pct"": 51.760000, ""party"": ""DFL"" }, { ""name"": ""Jim Bean"", ""votes"": 808, ""votes_pct"": 48.180000, ""party"": ""R"" }, { ""name"": ""WRITE-IN"", ""votes"": 1, ""votes_pct"": 0.060000, ""party"": ""WI"" } ]"
"194260","2","58",58B,Dakota,Rosemount P-6,18.2428524195618,R,"0.98",-0.98,38.9741682741234,"711","[ { ""name"": ""Bill Lieske"", ""votes"": 358, ""votes_pct"": 50.350000, ""party"": ""R"" }, { ""name"": ""Clarice Grabau"", ""votes"": 351, ""votes_pct"": 49.370000, ""party"": ""DFL"" }, { ""name"": ""WRITE-IN"", ""votes"": 2, ""votes_pct"": 0.280000, ""party"": ""WI"" } ]"
"194270","2","56",56B,Dakota,Rosemount P-7,3.49529312788484,DFL,"2.04",2.04,462.908242828584,"1618","[ { ""name"": ""Erin Maye Quade"", ""votes"": 825, ""votes_pct"": 50.990000, ""party"": ""DFL"" }, { ""name"": ""Jim Bean"", ""votes"": 792, ""votes_pct"": 48.950000, ""party"": ""R"" }, { ""name"": ""WRITE-IN"", ""votes"": 1, ""votes_pct"": 0.060000, ""party"": ""WI"" } ]"
"194280","2","56",56B,Dakota,Rosemount P-8,4.31822725508889,DFL,"8.80",8.8,428.879697755017,"1852","[ { ""name"": ""Erin Maye Quade"", ""votes"": 1007, ""votes_pct"": 54.370000, ""party"": ""DFL"" }, { ""name"": ""Jim Bean"", ""votes"": 844, ""votes_pct"": 45.570000, ""party"": ""R"" }, { ""name"": ""WRITE-IN"", ""votes"": 1, ""votes_pct"": 0.050000, ""party"": ""WI"" } ]"
"194310","2","58",58B,Dakota,Sciota Twp,14.8618139633449,R,"31.62",-31.62,17.0234939438751,"253","[ { ""name"": ""Bill Lieske"", ""votes"": 166, ""votes_pct"": 65.610000, ""party"": ""R"" }, { ""name"": ""Clarice Grabau"", ""votes"": 86, ""votes_pct"": 33.990000, ""party"": ""DFL"" }, { ""name"": ""WRITE-IN"", ""votes"": 1, ""votes_pct"": 0.400000, ""party"": ""WI"" } ]"
"194410","2","53",53B,Dakota,South Saint Paul P-1,1.5446957359977,DFL,"24.18",24.18,1215.12603178623,"1877","[ { ""name"": ""Matt Klein"", ""votes"": 1164, ""votes_pct"": 62.010000, ""party"": ""DFL"" }, { ""name"": ""Chris Rausch"", ""votes"": 710, ""votes_pct"": 37.830000, ""party"": ""R"" }, { ""name"": ""WRITE-IN"", ""votes"": 3, ""votes_pct"": 0.160000, ""party"": ""WI"" } ]"
"194420","2","53",53B,Dakota,South Saint Paul P-2,0.546512497876917,DFL,"24.82",24.82,2234.16665628567,"1221","[ { ""name"": ""Matt Klein"", ""votes"": 762, ""votes_pct"": 62.410000, ""party"": ""DFL"" }, { ""name"": ""Chris Rausch"", ""votes"": 459, ""votes_pct"": 37.590000, ""party"": ""R"" }, { ""name"": ""WRITE-IN"", ""votes"": 0, ""votes_pct"": 0, ""party"": ""WI"" } ]"
"194430","2","53",53B,Dakota,South Saint Paul P-3,0.882313705635219,DFL,"20.17",20.17,2478.7102206754,"2187","[ { ""name"": ""Matt Klein"", ""votes"": 1313, ""votes_pct"": 60.040000, ""party"": ""DFL"" }, { ""name"": ""Chris Rausch"", ""votes"": 872, ""votes_pct"": 39.870000, ""party"": ""R"" }, { ""name"": ""WRITE-IN"", ""votes"": 2, ""votes_pct"": 0.090000, ""party"": ""WI"" } ]"
"194440","2","53",53B,Dakota,South Saint Paul P-4,0.819903852709227,DFL,"33.90",33.9,575.677255864038,"472","[ { ""name"": ""Matt Klein"", ""votes"": 315, ""votes_pct"": 66.740000, ""party"": ""DFL"" }, { ""name"": ""Chris Rausch"", ""votes"": 155, ""votes_pct"": 32.840000, ""party"": ""R"" }, { ""name"": ""WRITE-IN"", ""votes"": 2, ""votes_pct"": 0.420000, ""party"": ""WI"" } ]"
"194450","2","53",53B,Dakota,South Saint Paul P-5,2.44243707334041,DFL,"21.36",21.36,943.320106441443,"2304","[ { ""name"": ""Matt Klein"", ""votes"": 1395, ""votes_pct"": 60.550000, ""party"": ""DFL"" }, { ""name"": ""Chris Rausch"", ""votes"": 903, ""votes_pct"": 39.190000, ""party"": ""R"" }, { ""name"": ""WRITE-IN"", ""votes"": 6, ""votes_pct"": 0.260000, ""party"": ""WI"" } ]"
"194510","2","53",53A,Dakota,Sunfish Lake,1.68824052845662,R,"9.90",-9.9,197.246775199992,"333","[ { ""name"": ""Chris Rausch"", ""votes"": 183, ""votes_pct"": 54.950000, ""party"": ""R"" }, { ""name"": ""Matt Klein"", ""votes"": 150, ""votes_pct"": 45.050000, ""party"": ""DFL"" }, { ""name"": ""WRITE-IN"", ""votes"": 0, ""votes_pct"": 0, ""party"": ""WI"" } ]"
"194610","2","58",58B,Dakota,Vermillion,0.993395508395004,R,"27.96",-27.96,237.569022615471,"236","[ { ""name"": ""Bill Lieske"", ""votes"": 151, ""votes_pct"": 63.980000, ""party"": ""R"" }, { ""name"": ""Clarice Grabau"", ""votes"": 85, ""votes_pct"": 36.020000, ""party"": ""DFL"" }, { ""name"": ""WRITE-IN"", ""votes"": 0, ""votes_pct"": 0, ""party"": ""WI"" } ]"
"194710","2","58",58B,Dakota,Vermillion Twp,34.0875450357027,R,"40.20",-40.2,19.6259366668764,"669","[ { ""name"": ""Bill Lieske"", ""votes"": 469, ""votes_pct"": 70.100000, ""party"": ""R"" }, { ""name"": ""Clarice Grabau"", ""votes"": 200, ""votes_pct"": 29.900000, ""party"": ""DFL"" }, { ""name"": ""WRITE-IN"", ""votes"": 0, ""votes_pct"": 0, ""party"": ""WI"" } ]"
"194810","2","58",58B,Dakota,Waterford Twp,14.7277169791795,R,"1.40",-1.4,19.4191673023264,"286","[ { ""name"": ""Bill Lieske"", ""votes"": 145, ""votes_pct"": 50.700000, ""party"": ""R"" }, { ""name"": ""Clarice Grabau"", ""votes"": 141, ""votes_pct"": 49.300000, ""party"": ""DFL"" }, { ""name"": ""WRITE-IN"", ""votes"": 0, ""votes_pct"": 0, ""party"": ""WI"" } ]"
"194910","2","65",65B,Dakota,West Saint Paul W-1 P-1,0.497619905715504,DFL,"34.78",34.78,2594.34959327789,"1291","[ { ""name"": ""Sandy Pappas"", ""votes"": 869, ""votes_pct"": 67.310000, ""party"": ""DFL"" }, { ""name"": ""Paul Holmgren"", ""votes"": 420, ""votes_pct"": 32.530000, ""party"": ""R"" }, { ""name"": ""WRITE-IN"", ""votes"": 2, ""votes_pct"": 0.150000, ""party"": ""WI"" } ]"
"194920","2","53",53A,Dakota,West Saint Paul W-1 P-2,1.0793507424088,DFL,"35.94",35.94,1041.36677341006,"1124","[ { ""name"": ""Matt Klein"", ""votes"": 761, ""votes_pct"": 67.700000, ""party"": ""DFL"" }, { ""name"": ""Chris Rausch"", ""votes"": 357, ""votes_pct"": 31.760000, ""party"": ""R"" }, { ""name"": ""WRITE-IN"", ""votes"": 6, ""votes_pct"": 0.530000, ""party"": ""WI"" } ]"
"194940","2","65",65B,Dakota,West Saint Paul W-2 P-1,0.73481537653524,DFL,"39.10",39.1,2171.97414611187,"1596","[ { ""name"": ""Sandy Pappas"", ""votes"": 1109, ""votes_pct"": 69.490000, ""party"": ""DFL"" }, { ""name"": ""Paul Holmgren"", ""votes"": 485, ""votes_pct"": 30.390000, ""party"": ""R"" }, { ""name"": ""WRITE-IN"", ""votes"": 2, ""votes_pct"": 0.130000, ""party"": ""WI"" } ]"
"194950","2","53",53A,Dakota,West Saint Paul W-2 P-2,0.54433142026263,DFL,"39.84",39.84,1600.12809765741,"871","[ { ""name"": ""Matt Klein"", ""votes"": 609, ""votes_pct"": 69.920000, ""party"": ""DFL"" }, { ""name"": ""Chris Rausch"", ""votes"": 262, ""votes_pct"": 30.080000, ""party"": ""R"" }, { ""name"": ""WRITE-IN"", ""votes"": 0, ""votes_pct"": 0, ""party"": ""WI"" } ]"
"194970","2","65",65B,Dakota,West Saint Paul W-3 P-1,0.622754411963112,DFL,"33.81",33.81,2877.53882682432,"1792","[ { ""name"": ""Sandy Pappas"", ""votes"": 1198, ""votes_pct"": 66.850000, ""party"": ""DFL"" }, { ""name"": ""Paul Holmgren"", ""votes"": 592, ""votes_pct"": 33.040000, ""party"": ""R"" }, { ""name"": ""WRITE-IN"", ""votes"": 2, ""votes_pct"": 0.110000, ""party"": ""WI"" } ]"
"194980","2","53",53A,Dakota,West Saint Paul W-3 P-2,1.53498863070868,DFL,"30.27",30.27,1246.26330236518,"1913","[ { ""name"": ""Matt Klein"", ""votes"": 1245, ""votes_pct"": 65.080000, ""party"": ""DFL"" }, { ""name"": ""Chris Rausch"", ""votes"": 666, ""votes_pct"": 34.810000, ""party"": ""R"" }, { ""name"": ""WRITE-IN"", ""votes"": 2, ""votes_pct"": 0.100000, ""party"": ""WI"" } ]"
"200005","1","24",24A,Dodge,Ashland Twp,37.2110030186895,R,"51.36",-51.36,3.97731821218756,"148","[ { ""name"": ""Carla Nelson"", ""votes"": 112, ""votes_pct"": 75.680000, ""party"": ""R"" }, { ""name"": ""Aleta Borrud"", ""votes"": 36, ""votes_pct"": 24.320000, ""party"": ""DFL"" }, { ""name"": ""WRITE-IN"", ""votes"": 0, ""votes_pct"": 0, ""party"": ""WI"" } ]"
"200007","1","24",24A,Dodge,Byron P-2,0.00220655560764682,even,"0.00",0,0,"0","[ { ""name"": ""Carla Nelson"", ""votes"": 0, ""votes_pct"": 0, ""party"": ""R"" }, { ""name"": ""Aleta Borrud"", ""votes"": 0, ""votes_pct"": 0, ""party"": ""DFL"" }, { ""name"": ""WRITE-IN"", ""votes"": 0, ""votes_pct"": 0, ""party"": ""WI"" } ]"
"200010","1","24",24A,Dodge,Canisteo Twp,35.6734923651592,R,"58.94",-58.94,9.55891832819374,"341","[ { ""name"": ""Carla Nelson"", ""votes"": 271, ""votes_pct"": 79.470000, ""party"": ""R"" }, { ""name"": ""Aleta Borrud"", ""votes"": 70, ""votes_pct"": 20.530000, ""party"": ""DFL"" }, { ""name"": ""WRITE-IN"", ""votes"": 0, ""votes_pct"": 0, ""party"": ""WI"" } ]"
"200015","1","24",24A,Dodge,Claremont,1.09351254869485,R,"45.92",-45.92,145.402995319782,"159","[ { ""name"": ""Carla Nelson"", ""votes"": 116, ""votes_pct"": 72.960000, ""party"": ""R"" }, { ""name"": ""Aleta Borrud"", ""votes"": 43, ""votes_pct"": 27.040000, ""party"": ""DFL"" }, { ""name"": ""WRITE-IN"", ""votes"": 0, ""votes_pct"": 0, ""party"": ""WI"" } ]"
"200020","1","24",24A,Dodge,Claremont Twp,34.8725826946797,R,"50.96",-50.96,5.96457113088252,"208","[ { ""name"": ""Carla Nelson"", ""votes"": 157, ""votes_pct"": 75.480000, ""party"": ""R"" }, { ""name"": ""Aleta Borrud"", ""votes"": 51, ""votes_pct"": 24.520000, ""party"": ""DFL"" }, { ""name"": ""WRITE-IN"", ""votes"": 0, ""votes_pct"": 0, ""party"": ""WI"" } ]"
"200025","1","24",24A,Dodge,Concord Twp,36.7760057447683,R,"56.58",-56.58,7.64085153646613,"281","[ { ""name"": ""Carla Nelson"", ""votes"": 220, ""votes_pct"": 78.290000, ""party"": ""R"" }, { ""name"": ""Aleta Borrud"", ""votes"": 61, ""votes_pct"": 21.710000, ""party"": ""DFL"" }, { ""name"": ""WRITE-IN"", ""votes"": 0, ""votes_pct"": 0, ""party"": ""WI"" } ]"
"200030","1","24",24A,Dodge,Dodge Center P-1,1.58326069925895,R,"32.41",-32.41,483.180060212484,"765","[ { ""name"": ""Carla Nelson"", ""votes"": 506, ""votes_pct"": 66.140000, ""party"": ""R"" }, { ""name"": ""Aleta Borrud"", ""votes"": 258, ""votes_pct"": 33.730000, ""party"": ""DFL"" }, { ""name"": ""WRITE-IN"", ""votes"": 1, ""votes_pct"": 0.130000, ""party"": ""WI"" } ]"
"200032","1","24",24A,Dodge,Dodge Center P-2,0.964183037086269,R,"45.46",-45.46,193.946577368866,"187","[ { ""name"": ""Carla Nelson"", ""votes"": 136, ""votes_pct"": 72.730000, ""party"": ""R"" }, { ""name"": ""Aleta Borrud"", ""votes"": 51, ""votes_pct"": 27.270000, ""party"": ""DFL"" }, { ""name"": ""WRITE-IN"", ""votes"": 0, ""votes_pct"": 0, ""party"": ""WI"" } ]"
"200035","1","24",24A,Dodge,Ellington Twp,35.9714146545339,R,"71.00",-71,3.64178059879245,"131","[ { ""name"": ""Carla Nelson"", ""votes"": 112, ""votes_pct"": 85.500000, ""party"": ""R"" }, { ""name"": ""Aleta Borrud"", ""votes"": 19, ""votes_pct"": 14.500000, ""party"": ""DFL"" }, { ""name"": ""WRITE-IN"", ""votes"": 0, ""votes_pct"": 0, ""party"": ""WI"" } ]"
"200040","1","24",24A,Dodge,Hayfield,1.25522693632393,R,"33.34",-33.34,415.86105659008,"522","[ { ""name"": ""Carla Nelson"", ""votes"": 347, ""votes_pct"": 66.480000, ""party"": ""R"" }, { ""name"": ""Aleta Borrud"", ""votes"": 173, ""votes_pct"": 33.140000, ""party"": ""DFL"" }, { ""name"": ""WRITE-IN"", ""votes"": 2, ""votes_pct"": 0.380000, ""party"": ""WI"" } ]"
"200045","1","24",24A,Dodge,Hayfield Twp,36.5586745377368,R,"59.34",-59.34,6.59214271434359,"241","[ { ""name"": ""Carla Nelson"", ""votes"": 192, ""votes_pct"": 79.670000, ""party"": ""R"" }, { ""name"": ""Aleta Borrud"", ""votes"": 49, ""votes_pct"": 20.330000, ""party"": ""DFL"" }, { ""name"": ""WRITE-IN"", ""votes"": 0, ""votes_pct"": 0, ""party"": ""WI"" } ]"
"200050","1","24",24A,Dodge,Kasson P-1,0.601867784289915,R,"35.60",-35.6,438.634542155247,"264","[ { ""name"": ""Carla Nelson"", ""votes"": 179, ""votes_pct"": 67.800000, ""party"": ""R"" }, { ""name"": ""Aleta Borrud"", ""votes"": 85, ""votes_pct"": 32.200000, ""party"": ""DFL"" }, { ""name"": ""WRITE-IN"", ""votes"": 0, ""votes_pct"": 0, ""party"": ""WI"" } ]"
"200051","1","24",24A,Dodge,Kasson P-2,1.46656172289241,R,"28.74",-28.74,1245.77095629956,"1827","[ { ""name"": ""Carla Nelson"", ""votes"": 1174, ""votes_pct"": 64.260000, ""party"": ""R"" }, { ""name"": ""Aleta Borrud"", ""votes"": 649, ""votes_pct"": 35.520000, ""party"": ""DFL"" }, { ""name"": ""WRITE-IN"", ""votes"": 4, ""votes_pct"": 0.220000, ""party"": ""WI"" } ]"
"200052","1","24",24A,Dodge,Kasson P-3,1.08333039788474,R,"33.08",-33.08,602.770864064204,"653","[ { ""name"": ""Carla Nelson"", ""votes"": 434, ""votes_pct"": 66.460000, ""party"": ""R"" }, { ""name"": ""Aleta Borrud"", ""votes"": 218, ""votes_pct"": 33.380000, ""party"": ""DFL"" }, { ""name"": ""WRITE-IN"", ""votes"": 1, ""votes_pct"": 0.150000, ""party"": ""WI"" } ]"
"200055","1","24",24A,Dodge,Mantorville,1.51770263838851,R,"35.38",-35.38,396.652140395039,"602","[ { ""name"": ""Carla Nelson"", ""votes"": 407, ""votes_pct"": 67.610000, ""party"": ""R"" }, { ""name"": ""Aleta Borrud"", ""votes"": 194, ""votes_pct"": 32.230000, ""party"": ""DFL"" }, { ""name"": ""WRITE-IN"", ""votes"": 1, ""votes_pct"": 0.170000, ""party"": ""WI"" } ]"
"200060","1","24",24A,Dodge,Mantorville Twp,31.6299739982183,R,"37.34",-37.34,33.6073624360196,"1063","[ { ""name"": ""Carla Nelson"", ""votes"": 730, ""votes_pct"": 68.670000, ""party"": ""R"" }, { ""name"": ""Aleta Borrud"", ""votes"": 333, ""votes_pct"": 31.330000, ""party"": ""DFL"" }, { ""name"": ""WRITE-IN"", ""votes"": 0, ""votes_pct"": 0, ""party"": ""WI"" } ]"
"200065","1","24",24A,Dodge,Milton Twp,35.966388255236,R,"40.98",-40.98,11.3995321712714,"410","[ { ""name"": ""Carla Nelson"", ""votes"": 289, ""votes_pct"": 70.490000, ""party"": ""R"" }, { ""name"": ""Aleta Borrud"", ""votes"": 121, ""votes_pct"": 29.510000, ""party"": ""DFL"" }, { ""name"": ""WRITE-IN"", ""votes"": 0, ""votes_pct"": 0, ""party"": ""WI"" } ]"
"200070","1","24",24A,Dodge,Ripley Twp,36.159474319949,R,"79.06",-79.06,2.3783531596463,"86","[ { ""name"": ""Carla Nelson"", ""votes"": 77, ""votes_pct"": 89.530000, ""party"": ""R"" }, { ""name"": ""Aleta Borrud"", ""votes"": 9, ""votes_pct"": 10.470000, ""party"": ""DFL"" }, { ""name"": ""WRITE-IN"", ""votes"": 0, ""votes_pct"": 0, ""party"": ""WI"" } ]"
"200075","1","24",24A,Dodge,Vernon Twp,36.0827391363754,R,"51.80",-51.8,10.0047836899409,"361","[ { ""name"": ""Carla Nelson"", ""votes"": 273, ""votes_pct"": 75.620000, ""party"": ""R"" }, { ""name"": ""Aleta Borrud"", ""votes"": 86, ""votes_pct"": 23.820000, ""party"": ""DFL"" }, { ""name"": ""WRITE-IN"", ""votes"": 2, ""votes_pct"": 0.550000, ""party"": ""WI"" } ]"
"200080","1","24",24A,Dodge,Wasioja Twp,35.5967455086243,R,"55.50",-55.5,12.248310730945,"436","[ { ""name"": ""Carla Nelson"", ""votes"": 339, ""votes_pct"": 77.750000, ""party"": ""R"" }, { ""name"": ""Aleta Borrud"", ""votes"": 97, ""votes_pct"": 22.250000, ""party"": ""DFL"" }, { ""name"": ""WRITE-IN"", ""votes"": 0, ""votes_pct"": 0, ""party"": ""WI"" } ]"
"200085","1","24",24A,Dodge,West Concord,1.08358845499347,R,"35.48",-35.48,273.166439376454,"296","[ { ""name"": ""Carla Nelson"", ""votes"": 200, ""votes_pct"": 67.570000, ""party"": ""R"" }, { ""name"": ""Aleta Borrud"", ""votes"": 95, ""votes_pct"": 32.090000, ""party"": ""DFL"" }, { ""name"": ""WRITE-IN"", ""votes"": 1, ""votes_pct"": 0.340000, ""party"": ""WI"" } ]"
"200090","1","24",24A,Dodge,Westfield Twp,36.1612540957754,R,"52.36",-52.36,6.44336060311638,"233","[ { ""name"": ""Carla Nelson"", ""votes"": 177, ""votes_pct"": 75.970000, ""party"": ""R"" }, { ""name"": ""Aleta Borrud"", ""votes"": 55, ""votes_pct"": 23.610000, ""party"": ""DFL"" }, { ""name"": ""WRITE-IN"", ""votes"": 1, ""votes_pct"": 0.430000, ""party"": ""WI"" } ]"
"210005","7","12",12B,Douglas,Alexandria W-1,3.70848815734597,R,"31.87",-31.87,411.218786550308,"1525","[ { ""name"": ""Torrey Westrom"", ""votes"": 983, ""votes_pct"": 64.460000, ""party"": ""R"" }, { ""name"": ""Kari Dorry"", ""votes"": 497, ""votes_pct"": 32.590000, ""party"": ""DFL"" }, { ""name"": ""Ashley Klingbeil"", ""votes"": 45, ""votes_pct"": 2.950000, ""party"": ""WTP"" }, { ""name"": ""WRITE-IN"", ""votes"": 0, ""votes_pct"": 0, ""party"": ""WI"" } ]"
"210010","7","12",12B,Douglas,Alexandria W-2,3.19296925591558,R,"39.57",-39.57,417.166559788265,"1332","[ { ""name"": ""Torrey Westrom"", ""votes"": 892, ""votes_pct"": 66.970000, ""party"": ""R"" }, { ""name"": ""Kari Dorry"", ""votes"": 365, ""votes_pct"": 27.400000, ""party"": ""DFL"" }, { ""name"": ""Ashley Klingbeil"", ""votes"": 75, ""votes_pct"": 5.630000, ""party"": ""WTP"" }, { ""name"": ""WRITE-IN"", ""votes"": 0, ""votes_pct"": 0, ""party"": ""WI"" } ]"
"210015","7","12",12B,Douglas,Alexandria W-3,3.2018676972681,R,"29.10",-29.1,336.990813493208,"1079","[ { ""name"": ""Torrey Westrom"", ""votes"": 661, ""votes_pct"": 61.260000, ""party"": ""R"" }, { ""name"": ""Kari Dorry"", ""votes"": 347, ""votes_pct"": 32.160000, ""party"": ""DFL"" }, { ""name"": ""Ashley Klingbeil"", ""votes"": 71, ""votes_pct"": 6.580000, ""party"": ""WTP"" }, { ""name"": ""WRITE-IN"", ""votes"": 0, ""votes_pct"": 0, ""party"": ""WI"" } ]"
"210020","7","12",12B,Douglas,Alexandria W-4,2.79999344843618,R,"27.23",-27.23,323.92932937274,"907","[ { ""name"": ""Torrey Westrom"", ""votes"": 555, ""votes_pct"": 61.190000, ""party"": ""R"" }, { ""name"": ""Kari Dorry"", ""votes"": 308, ""votes_pct"": 33.960000, ""party"": ""DFL"" }, { ""name"": ""Ashley Klingbeil"", ""votes"": 43, ""votes_pct"": 4.740000, ""party"": ""WTP"" }, { ""name"": ""WRITE-IN"", ""votes"": 1, ""votes_pct"": 0.110000, ""party"": ""WI"" } ]"
"210025","7","12",12B,Douglas,Alexandria W-5,6.16295547321597,R,"23.29",-23.29,168.587945266758,"1039","[ { ""name"": ""Torrey Westrom"", ""votes"": 615, ""votes_pct"": 59.190000, ""party"": ""R"" }, { ""name"": ""Kari Dorry"", ""votes"": 373, ""votes_pct"": 35.900000, ""party"": ""DFL"" }, { ""name"": ""Ashley Klingbeil"", ""votes"": 51, ""votes_pct"": 4.910000, ""party"": ""WTP"" }, { ""name"": ""WRITE-IN"", ""votes"": 0, ""votes_pct"": 0, ""party"": ""WI"" } ]"
"210030","7","12",12B,Douglas,Alexandria Twp,22.3798650992631,R,"39.12",-39.12,75.1568426592251,"1682","[ { ""name"": ""Torrey Westrom"", ""votes"": 1146, ""votes_pct"": 68.130000, ""party"": ""R"" }, { ""name"": ""Kari Dorry"", ""votes"": 488, ""votes_pct"": 29.010000, ""party"": ""DFL"" }, { ""name"": ""Ashley Klingbeil"", ""votes"": 48, ""votes_pct"": 2.850000, ""party"": ""WTP"" }, { ""name"": ""WRITE-IN"", ""votes"": 0, ""votes_pct"": 0, ""party"": ""WI"" } ]"
"210035","7","12",12B,Douglas,Belle River Twp,35.9843859980877,R,"57.63",-57.63,5.64133566182811,"203","[ { ""name"": ""Torrey Westrom"", ""votes"": 155, ""votes_pct"": 76.350000, ""party"": ""R"" }, { ""name"": ""Kari Dorry"", ""votes"": 38, ""votes_pct"": 18.720000, ""party"": ""DFL"" }, { ""name"": ""Ashley Klingbeil"", ""votes"": 10, ""votes_pct"": 4.930000, ""party"": ""WTP"" }, { ""name"": ""WRITE-IN"", ""votes"": 0, ""votes_pct"": 0, ""party"": ""WI"" } ]"
"210040","7","9",9B,Douglas,Brandon City,0.49038835887756,R,"34.41",-34.41,444.545626040096,"218","[ { ""name"": ""Jordan Rasmusson"", ""votes"": 136, ""votes_pct"": 62.390000, ""party"": ""R"" }, { ""name"": ""Cornel Walker"", ""votes"": 61, ""votes_pct"": 27.980000, ""party"": ""DFL"" }, { ""name"": ""WRITE-IN"", ""votes"": 21, ""votes_pct"": 9.630000, ""party"": ""WI"" } ]"
"210045","7","9",9B,Douglas,Brandon Twp,35.4699843109455,R,"43.04",-43.04,12.7713617245726,"453","[ { ""name"": ""Jordan Rasmusson"", ""votes"": 309, ""votes_pct"": 68.210000, ""party"": ""R"" }, { ""name"": ""Cornel Walker"", ""votes"": 114, ""votes_pct"": 25.170000, ""party"": ""DFL"" }, { ""name"": ""WRITE-IN"", ""votes"": 30, ""votes_pct"": 6.620000, ""party"": ""WI"" } ]"
"210050","7","12",12B,Douglas,Carlos City,0.466286940886338,R,"31.02",-31.02,463.234075544595,"216","[ { ""name"": ""Torrey Westrom"", ""votes"": 128, ""votes_pct"": 59.260000, ""party"": ""R"" }, { ""name"": ""Kari Dorry"", ""votes"": 61, ""votes_pct"": 28.240000, ""party"": ""DFL"" }, { ""name"": ""Ashley Klingbeil"", ""votes"": 27, ""votes_pct"": 12.500000, ""party"": ""WTP"" }, { ""name"": ""WRITE-IN"", ""votes"": 0, ""votes_pct"": 0, ""party"": ""WI"" } ]"
"210055","7","12",12B,Douglas,Carlos Twp,35.3605997517587,R,"45.13",-45.13,39.7334889640869,"1405","[ { ""name"": ""Torrey Westrom"", ""votes"": 993, ""votes_pct"": 70.680000, ""party"": ""R"" }, { ""name"": ""Kari Dorry"", ""votes"": 359, ""votes_pct"": 25.550000, ""party"": ""DFL"" }, { ""name"": ""Ashley Klingbeil"", ""votes"": 53, ""votes_pct"": 3.770000, ""party"": ""WTP"" }, { ""name"": ""WRITE-IN"", ""votes"": 0, ""votes_pct"": 0, ""party"": ""WI"" } ]"
"210060","7","9",9B,Douglas,Evansville City,0.786433870372293,R,"27.49",-27.49,319.16224549329,"251","[ { ""name"": ""Jordan Rasmusson"", ""votes"": 136, ""votes_pct"": 54.180000, ""party"": ""R"" }, { ""name"": ""Cornel Walker"", ""votes"": 67, ""votes_pct"": 26.690000, ""party"": ""DFL"" }, { ""name"": ""WRITE-IN"", ""votes"": 48, ""votes_pct"": 19.120000, ""party"": ""WI"" } ]"
"210065","7","9",9B,Douglas,Evansville Twp,35.2466181391767,R,"37.79",-37.79,3.60318256629674,"127","[ { ""name"": ""Jordan Rasmusson"", ""votes"": 76, ""votes_pct"": 59.840000, ""party"": ""R"" }, { ""name"": ""Cornel Walker"", ""votes"": 28, ""votes_pct"": 22.050000, ""party"": ""DFL"" }, { ""name"": ""WRITE-IN"", ""votes"": 23, ""votes_pct"": 18.110000, ""party"": ""WI"" } ]"
"210070","7","12",12B,Douglas,Forada,0.515074947828012,R,"39.18",-39.18,188.322108091324,"97","[ { ""name"": ""Torrey Westrom"", ""votes"": 63, ""votes_pct"": 64.950000, ""party"": ""R"" }, { ""name"": ""Kari Dorry"", ""votes"": 25, ""votes_pct"": 25.770000, ""party"": ""DFL"" }, { ""name"": ""Ashley Klingbeil"", ""votes"": 9, ""votes_pct"": 9.280000, ""party"": ""WTP"" }, { ""name"": ""WRITE-IN"", ""votes"": 0, ""votes_pct"": 0, ""party"": ""WI"" } ]"
"210075","7","9",9B,Douglas,Garfield,0.810291350592009,R,"43.79",-43.79,169.074987533689,"137","[ { ""name"": ""Jordan Rasmusson"", ""votes"": 95, ""votes_pct"": 69.340000, ""party"": ""R"" }, { ""name"": ""Cornel Walker"", ""votes"": 35, ""votes_pct"": 25.550000, ""party"": ""DFL"" }, { ""name"": ""WRITE-IN"", ""votes"": 7, ""votes_pct"": 5.110000, ""party"": ""WI"" } ]"
"210080","7","9",9B,Douglas,Holmes City Twp,36.4253158327172,R,"39.14",-39.14,14.0287047158839,"511","[ { ""name"": ""Jordan Rasmusson"", ""votes"": 349, ""votes_pct"": 68.300000, ""party"": ""R"" }, { ""name"": ""Cornel Walker"", ""votes"": 149, ""votes_pct"": 29.160000, ""party"": ""DFL"" }, { ""name"": ""WRITE-IN"", ""votes"": 13, ""votes_pct"": 2.540000, ""party"": ""WI"" } ]"
"210085","7","12",12B,Douglas,Hudson Twp,35.0807041730059,R,"52.93",-52.93,15.0795148635317,"529","[ { ""name"": ""Torrey Westrom"", ""votes"": 392, ""votes_pct"": 74.100000, ""party"": ""R"" }, { ""name"": ""Kari Dorry"", ""votes"": 112, ""votes_pct"": 21.170000, ""party"": ""DFL"" }, { ""name"": ""Ashley Klingbeil"", ""votes"": 24, ""votes_pct"": 4.540000, ""party"": ""WTP"" }, { ""name"": ""WRITE-IN"", ""votes"": 1, ""votes_pct"": 0.190000, ""party"": ""WI"" } ]"
"210090","7","9",9B,Douglas,Ida Twp,35.4919997944126,R,"41.12",-41.12,25.216950444728,"895","[ { ""name"": ""Jordan Rasmusson"", ""votes"": 623, ""votes_pct"": 69.610000, ""party"": ""R"" }, { ""name"": ""Cornel Walker"", ""votes"": 255, ""votes_pct"": 28.490000, ""party"": ""DFL"" }, { ""name"": ""WRITE-IN"", ""votes"": 17, ""votes_pct"": 1.900000, ""party"": ""WI"" } ]"
"210095","7","9",9B,Douglas,Kensington,0.353766844677203,R,"26.77",-26.77,358.993506347046,"127","[ { ""name"": ""Jordan Rasmusson"", ""votes"": 74, ""votes_pct"": 58.270000, ""party"": ""R"" }, { ""name"": ""Cornel Walker"", ""votes"": 40, ""votes_pct"": 31.500000, ""party"": ""DFL"" }, { ""name"": ""WRITE-IN"", ""votes"": 13, ""votes_pct"": 10.240000, ""party"": ""WI"" } ]"
"210100","7","12",12B,Douglas,La Grand Twp,31.4982734512317,R,"35.80",-35.8,78.5757353917193,"2475","[ { ""name"": ""Torrey Westrom"", ""votes"": 1639, ""votes_pct"": 66.220000, ""party"": ""R"" }, { ""name"": ""Kari Dorry"", ""votes"": 753, ""votes_pct"": 30.420000, ""party"": ""DFL"" }, { ""name"": ""Ashley Klingbeil"", ""votes"": 80, ""votes_pct"": 3.230000, ""party"": ""WTP"" }, { ""name"": ""WRITE-IN"", ""votes"": 3, ""votes_pct"": 0.120000, ""party"": ""WI"" } ]"
"210105","7","12",12B,Douglas,Lake Mary Twp,33.9775037658213,R,"46.61",-46.61,20.8373165044629,"708","[ { ""name"": ""Torrey Westrom"", ""votes"": 510, ""votes_pct"": 72.030000, ""party"": ""R"" }, { ""name"": ""Kari Dorry"", ""votes"": 180, ""votes_pct"": 25.420000, ""party"": ""DFL"" }, { ""name"": ""Ashley Klingbeil"", ""votes"": 17, ""votes_pct"": 2.400000, ""party"": ""WTP"" }, { ""name"": ""WRITE-IN"", ""votes"": 1, ""votes_pct"": 0.140000, ""party"": ""WI"" } ]"
"210110","7","9",9B,Douglas,Leaf Valley Twp,36.2788072957124,R,"45.24",-45.24,8.10390478395761,"294","[ { ""name"": ""Jordan Rasmusson"", ""votes"": 211, ""votes_pct"": 71.770000, ""party"": ""R"" }, { ""name"": ""Cornel Walker"", ""votes"": 78, ""votes_pct"": 26.530000, ""party"": ""DFL"" }, { ""name"": ""WRITE-IN"", ""votes"": 5, ""votes_pct"": 1.700000, ""party"": ""WI"" } ]"
"210115","7","9",9B,Douglas,Lund Twp,36.0450179994247,R,"27.91",-27.91,4.77181062866289,"172","[ { ""name"": ""Jordan Rasmusson"", ""votes"": 97, ""votes_pct"": 56.400000, ""party"": ""R"" }, { ""name"": ""Cornel Walker"", ""votes"": 49, ""votes_pct"": 28.490000, ""party"": ""DFL"" }, { ""name"": ""WRITE-IN"", ""votes"": 26, ""votes_pct"": 15.120000, ""party"": ""WI"" } ]"
"210120","7","9",9B,Douglas,Millerville City,0.913740964497504,R,"19.52",-19.52,44.8704847358433,"41","[ { ""name"": ""Jordan Rasmusson"", ""votes"": 24, ""votes_pct"": 58.540000, ""party"": ""R"" }, { ""name"": ""Cornel Walker"", ""votes"": 16, ""votes_pct"": 39.020000, ""party"": ""DFL"" }, { ""name"": ""WRITE-IN"", ""votes"": 1, ""votes_pct"": 2.440000, ""party"": ""WI"" } ]"
"210125","7","9",9B,Douglas,Millerville Twp,35.2270584349527,R,"63.83",-63.83,5.33680665807351,"188","[ { ""name"": ""Jordan Rasmusson"", ""votes"": 149, ""votes_pct"": 79.260000, ""party"": ""R"" }, { ""name"": ""Cornel Walker"", ""votes"": 29, ""votes_pct"": 15.430000, ""party"": ""DFL"" }, { ""name"": ""WRITE-IN"", ""votes"": 10, ""votes_pct"": 5.320000, ""party"": ""WI"" } ]"
"210130","7","9",9B,Douglas,Miltona City,0.660877673859117,R,"37.38",-37.38,311.706701782022,"206","[ { ""name"": ""Jordan Rasmusson"", ""votes"": 138, ""votes_pct"": 66.990000, ""party"": ""R"" }, { ""name"": ""Cornel Walker"", ""votes"": 61, ""votes_pct"": 29.610000, ""party"": ""DFL"" }, { ""name"": ""WRITE-IN"", ""votes"": 7, ""votes_pct"": 3.400000, ""party"": ""WI"" } ]"
"210135","7","9",9B,Douglas,Miltona Twp,35.7113896667986,R,"32.33",-32.33,15.7652783958567,"563","[ { ""name"": ""Jordan Rasmusson"", ""votes"": 371, ""votes_pct"": 65.900000, ""party"": ""R"" }, { ""name"": ""Cornel Walker"", ""votes"": 189, ""votes_pct"": 33.570000, ""party"": ""DFL"" }, { ""name"": ""WRITE-IN"", ""votes"": 3, ""votes_pct"": 0.530000, ""party"": ""WI"" } ]"
"210140","7","9",9B,Douglas,Moe Twp,35.8989377756981,R,"45.68",-45.68,13.2315892734172,"475","[ { ""name"": ""Jordan Rasmusson"", ""votes"": 342, ""votes_pct"": 72, ""party"": ""R"" }, { ""name"": ""Cornel Walker"", ""votes"": 125, ""votes_pct"": 26.320000, ""party"": ""DFL"" }, { ""name"": ""WRITE-IN"", ""votes"": 8, ""votes_pct"": 1.680000, ""party"": ""WI"" } ]"
"210145","7","12",12B,Douglas,Nelson,0.646917950158623,R,"73.85",-73.85,100.476420516794,"65","[ { ""name"": ""Torrey Westrom"", ""votes"": 54, ""votes_pct"": 83.080000, ""party"": ""R"" }, { ""name"": ""Kari Dorry"", ""votes"": 6, ""votes_pct"": 9.230000, ""party"": ""DFL"" }, { ""name"": ""Ashley Klingbeil"", ""votes"": 5, ""votes_pct"": 7.690000, ""party"": ""WTP"" }, { ""name"": ""WRITE-IN"", ""votes"": 0, ""votes_pct"": 0, ""party"": ""WI"" } ]"
"210150","7","12",12B,Douglas,Orange Twp,35.8143223980356,R,"58.95",-58.95,5.30514015840828,"190","[ { ""name"": ""Torrey Westrom"", ""votes"": 147, ""votes_pct"": 77.370000, ""party"": ""R"" }, { ""name"": ""Kari Dorry"", ""votes"": 35, ""votes_pct"": 18.420000, ""party"": ""DFL"" }, { ""name"": ""Ashley Klingbeil"", ""votes"": 8, ""votes_pct"": 4.210000, ""party"": ""WTP"" }, { ""name"": ""WRITE-IN"", ""votes"": 0, ""votes_pct"": 0, ""party"": ""WI"" } ]"
"210155","7","12",12B,Douglas,Osakis City,1.65322316436978,R,"38.27",-38.27,384.098174817232,"635","[ { ""name"": ""Torrey Westrom"", ""votes"": 414, ""votes_pct"": 65.200000, ""party"": ""R"" }, { ""name"": ""Kari Dorry"", ""votes"": 171, ""votes_pct"": 26.930000, ""party"": ""DFL"" }, { ""name"": ""Ashley Klingbeil"", ""votes"": 50, ""votes_pct"": 7.870000, ""party"": ""WTP"" }, { ""name"": ""WRITE-IN"", ""votes"": 0, ""votes_pct"": 0, ""party"": ""WI"" } ]"
"210160","7","12",12B,Douglas,Osakis Twp,34.2478752728241,R,"47.93",-47.93,9.86922538427385,"338","[ { ""name"": ""Torrey Westrom"", ""votes"": 237, ""votes_pct"": 70.120000, ""party"": ""R"" }, { ""name"": ""Kari Dorry"", ""votes"": 75, ""votes_pct"": 22.190000, ""party"": ""DFL"" }, { ""name"": ""Ashley Klingbeil"", ""votes"": 26, ""votes_pct"": 7.690000, ""party"": ""WTP"" }, { ""name"": ""WRITE-IN"", ""votes"": 0, ""votes_pct"": 0, ""party"": ""WI"" } ]"
"210165","7","9",9B,Douglas,Solem Twp,35.7304142192798,R,"38.93",-38.93,3.66634428574057,"131","[ { ""name"": ""Jordan Rasmusson"", ""votes"": 84, ""votes_pct"": 64.120000, ""party"": ""R"" }, { ""name"": ""Cornel Walker"", ""votes"": 33, ""votes_pct"": 25.190000, ""party"": ""DFL"" }, { ""name"": ""WRITE-IN"", ""votes"": 14, ""votes_pct"": 10.690000, ""party"": ""WI"" } ]"
"210170","7","12",12B,Douglas,Spruce Hill Twp,36.1527498423105,R,"58.48",-58.48,6.19593256327757,"224","[ { ""name"": ""Torrey Westrom"", ""votes"": 170, ""votes_pct"": 75.890000, ""party"": ""R"" }, { ""name"": ""Kari Dorry"", ""votes"": 39, ""votes_pct"": 17.410000, ""party"": ""DFL"" }, { ""name"": ""Ashley Klingbeil"", ""votes"": 15, ""votes_pct"": 6.700000, ""party"": ""WTP"" }, { ""name"": ""WRITE-IN"", ""votes"": 0, ""votes_pct"": 0, ""party"": ""WI"" } ]"
"210175","7","9",9B,Douglas,Urness Twp,35.8942678173951,R,"49.39",-49.39,4.56897465729952,"164","[ { ""name"": ""Jordan Rasmusson"", ""votes"": 115, ""votes_pct"": 70.120000, ""party"": ""R"" }, { ""name"": ""Cornel Walker"", ""votes"": 34, ""votes_pct"": 20.730000, ""party"": ""DFL"" }, { ""name"": ""WRITE-IN"", ""votes"": 15, ""votes_pct"": 9.150000, ""party"": ""WI"" } ]"
"220005","1","23",23A,Faribault,Barber Twp,36.1369400798191,R,"54.34",-54.34,3.51440934731836,"127","[ { ""name"": ""Gene Dornink"", ""votes"": 98, ""votes_pct"": 77.170000, ""party"": ""R"" }, { ""name"": ""Brandon Lawhead"", ""votes"": 29, ""votes_pct"": 22.830000, ""party"": ""DFL"" }, { ""name"": ""WRITE-IN"", ""votes"": 0, ""votes_pct"": 0, ""party"": ""WI"" } ]"
"220010","1","22",22A,Faribault,Blue Earth W-1,0.906092569555173,R,"89.22",-89.22,368.615758723163,"334","[ { ""name"": ""Rich Draheim"", ""votes"": 316, ""votes_pct"": 94.610000, ""party"": ""R"" }, { ""name"": ""WRITE-IN"", ""votes"": 18, ""votes_pct"": 5.390000, ""party"": ""WI"" } ]"
"220015","1","22",22A,Faribault,Blue Earth W-2,0.703791802219077,R,"94.16",-94.16,632.289263098691,"445","[ { ""name"": ""Rich Draheim"", ""votes"": 432, ""votes_pct"": 97.080000, ""party"": ""R"" }, { ""name"": ""WRITE-IN"", ""votes"": 13, ""votes_pct"": 2.920000, ""party"": ""WI"" } ]"
"220020","1","22",22A,Faribault,Blue Earth W-3,1.75289785823939,R,"88.58",-88.58,189.971137470877,"333","[ { ""name"": ""Rich Draheim"", ""votes"": 314, ""votes_pct"": 94.290000, ""party"": ""R"" }, { ""name"": ""WRITE-IN"", ""votes"": 19, ""votes_pct"": 5.710000, ""party"": ""WI"" } ]"
"220025","1","22",22A,Faribault,Blue Earth City Twp,32.7591974625072,R,"94.50",-94.5,5.55569165600892,"182","[ { ""name"": ""Rich Draheim"", ""votes"": 177, ""votes_pct"": 97.250000, ""party"": ""R"" }, { ""name"": ""WRITE-IN"", ""votes"": 5, ""votes_pct"": 2.750000, ""party"": ""WI"" } ]"
"220030","1","23",23A,Faribault,Bricelyn,0.295474394972028,R,"5.89",-5.89,460.276769541655,"136","[ { ""name"": ""Gene Dornink"", ""votes"": 71, ""votes_pct"": 52.210000, ""party"": ""R"" }, { ""name"": ""Brandon Lawhead"", ""votes"": 63, ""votes_pct"": 46.320000, ""party"": ""DFL"" }, { ""name"": ""WRITE-IN"", ""votes"": 2, ""votes_pct"": 1.470000, ""party"": ""WI"" } ]"
"220035","1","23",23A,Faribault,Brush Creek Twp,36.0867377429945,R,"52.00",-52,2.77110113727066,"100","[ { ""name"": ""Gene Dornink"", ""votes"": 76, ""votes_pct"": 76, ""party"": ""R"" }, { ""name"": ""Brandon Lawhead"", ""votes"": 24, ""votes_pct"": 24, ""party"": ""DFL"" }, { ""name"": ""WRITE-IN"", ""votes"": 0, ""votes_pct"": 0, ""party"": ""WI"" } ]"
"220040","1","23",23A,Faribault,Clark Twp,33.7160490239945,R,"57.14",-57.14,3.52947641982938,"119","[ { ""name"": ""Gene Dornink"", ""votes"": 93, ""votes_pct"": 78.150000, ""party"": ""R"" }, { ""name"": ""Brandon Lawhead"", ""votes"": 25, ""votes_pct"": 21.010000, ""party"": ""DFL"" }, { ""name"": ""WRITE-IN"", ""votes"": 1, ""votes_pct"": 0.840000, ""party"": ""WI"" } ]"
"220045","1","22",22A,Faribault,Delavan,0.998594052084486,R,"96.88",-96.88,64.0901073528378,"64","[ { ""name"": ""Rich Draheim"", ""votes"": 63, ""votes_pct"": 98.440000, ""party"": ""R"" }, { ""name"": ""WRITE-IN"", ""votes"": 1, ""votes_pct"": 1.560000, ""party"": ""WI"" } ]"
"220050","1","22",22A,Faribault,Delavan Twp,35.4918317145421,R,"98.64",-98.64,4.11362257023718,"146","[ { ""name"": ""Rich Draheim"", ""votes"": 145, ""votes_pct"": 99.320000, ""party"": ""R"" }, { ""name"": ""WRITE-IN"", ""votes"": 1, ""votes_pct"": 0.680000, ""party"": ""WI"" } ]"
"220055","1","23",23A,Faribault,Dunbar Twp,35.9013798742985,R,"70.74",-70.74,3.42605215818055,"123","[ { ""name"": ""Gene Dornink"", ""votes"": 105, ""votes_pct"": 85.370000, ""party"": ""R"" }, { ""name"": ""Brandon Lawhead"", ""votes"": 18, ""votes_pct"": 14.630000, ""party"": ""DFL"" }, { ""name"": ""WRITE-IN"", ""votes"": 0, ""votes_pct"": 0, ""party"": ""WI"" } ]"
"220060","1","23",23A,Faribault,Easton,0.944311031186094,R,"28.26",-28.26,97.4255271427298,"92","[ { ""name"": ""Gene Dornink"", ""votes"": 59, ""votes_pct"": 64.130000, ""party"": ""R"" }, { ""name"": ""Brandon Lawhead"", ""votes"": 33, ""votes_pct"": 35.870000, ""party"": ""DFL"" }, { ""name"": ""WRITE-IN"", ""votes"": 0, ""votes_pct"": 0, ""party"": ""WI"" } ]"
"220065","1","23",23A,Faribault,Elmore,0.837768209493501,R,"48.80",-48.8,200.532794269634,"168","[ { ""name"": ""Gene Dornink"", ""votes"": 125, ""votes_pct"": 74.400000, ""party"": ""R"" }, { ""name"": ""Brandon Lawhead"", ""votes"": 43, ""votes_pct"": 25.600000, ""party"": ""DFL"" }, { ""name"": ""WRITE-IN"", ""votes"": 0, ""votes_pct"": 0, ""party"": ""WI"" } ]"
"220070","1","23",23A,Faribault,Elmore Twp,35.1394922748741,R,"56.04",-56.04,2.58967885159422,"91","[ { ""name"": ""Gene Dornink"", ""votes"": 71, ""votes_pct"": 78.020000, ""party"": ""R"" }, { ""name"": ""Brandon Lawhead"", ""votes"": 20, ""votes_pct"": 21.980000, ""party"": ""DFL"" }, { ""name"": ""WRITE-IN"", ""votes"": 0, ""votes_pct"": 0, ""party"": ""WI"" } ]"
"220075","1","23",23A,Faribault,Emerald Twp,35.8768684802771,R,"65.04",-65.04,3.42839286733227,"123","[ { ""name"": ""Gene Dornink"", ""votes"": 101, ""votes_pct"": 82.110000, ""party"": ""R"" }, { ""name"": ""Brandon Lawhead"", ""votes"": 21, ""votes_pct"": 17.070000, ""party"": ""DFL"" }, { ""name"": ""WRITE-IN"", ""votes"": 1, ""votes_pct"": 0.810000, ""party"": ""WI"" } ]"
"220080","1","23",23A,Faribault,Foster Twp,35.8183833280673,R,"52.86",-52.86,3.90860745214862,"140","[ { ""name"": ""Gene Dornink"", ""votes"": 107, ""votes_pct"": 76.430000, ""party"": ""R"" }, { ""name"": ""Brandon Lawhead"", ""votes"": 33, ""votes_pct"": 23.570000, ""party"": ""DFL"" }, { ""name"": ""WRITE-IN"", ""votes"": 0, ""votes_pct"": 0, ""party"": ""WI"" } ]"
"220085","1","23",23A,Faribault,Frost,0.429859677908232,R,"51.80",-51.8,193.086265741164,"83","[ { ""name"": ""Gene Dornink"", ""votes"": 63, ""votes_pct"": 75.900000, ""party"": ""R"" }, { ""name"": ""Brandon Lawhead"", ""votes"": 20, ""votes_pct"": 24.100000, ""party"": ""DFL"" }, { ""name"": ""WRITE-IN"", ""votes"": 0, ""votes_pct"": 0, ""party"": ""WI"" } ]"
"220090","1","22",22A,Faribault,Jo Daviess Twp,35.8751505515703,R,"97.84",-97.84,2.59232361593335,"93","[ { ""name"": ""Rich Draheim"", ""votes"": 92, ""votes_pct"": 98.920000, ""party"": ""R"" }, { ""name"": ""WRITE-IN"", ""votes"": 1, ""votes_pct"": 1.080000, ""party"": ""WI"" } ]"
"220095","1","23",23A,Faribault,Kiester,0.432930463327791,R,"5.72",-5.72,485.066350807935,"210","[ { ""name"": ""Gene Dornink"", ""votes"": 111, ""votes_pct"": 52.860000, ""party"": ""R"" }, { ""name"": ""Brandon Lawhead"", ""votes"": 99, ""votes_pct"": 47.140000, ""party"": ""DFL"" }, { ""name"": ""WRITE-IN"", ""votes"": 0, ""votes_pct"": 0, ""party"": ""WI"" } ]"
"220100","1","23",23A,Faribault,Kiester Twp,35.7245116931746,R,"35.00",-35,3.35903821529146,"120","[ { ""name"": ""Gene Dornink"", ""votes"": 81, ""votes_pct"": 67.500000, ""party"": ""R"" }, { ""name"": ""Brandon Lawhead"", ""votes"": 39, ""votes_pct"": 32.500000, ""party"": ""DFL"" }, { ""name"": ""WRITE-IN"", ""votes"": 0, ""votes_pct"": 0, ""party"": ""WI"" } ]"
"220105","1","23",23A,Faribault,Lura Twp,35.2055876261532,R,"30.76",-30.76,2.21555739470333,"78","[ { ""name"": ""Gene Dornink"", ""votes"": 51, ""votes_pct"": 65.380000, ""party"": ""R"" }, { ""name"": ""Brandon Lawhead"", ""votes"": 27, ""votes_pct"": 34.620000, ""party"": ""DFL"" }, { ""name"": ""WRITE-IN"", ""votes"": 0, ""votes_pct"": 0, ""party"": ""WI"" } ]"
"220110","1","23",23A,Faribault,Minnesota Lake,2.05896271276496,R,"21.96",-21.96,128.21990333447,"264","[ { ""name"": ""Gene Dornink"", ""votes"": 161, ""votes_pct"": 60.980000, ""party"": ""R"" }, { ""name"": ""Brandon Lawhead"", ""votes"": 103, ""votes_pct"": 39.020000, ""party"": ""DFL"" }, { ""name"": ""WRITE-IN"", ""votes"": 0, ""votes_pct"": 0, ""party"": ""WI"" } ]"
"220115","1","23",23A,Faribault,Minnesota Lake Twp,33.9368854674049,R,"48.32",-48.32,2.62251525955383,"89","[ { ""name"": ""Gene Dornink"", ""votes"": 66, ""votes_pct"": 74.160000, ""party"": ""R"" }, { ""name"": ""Brandon Lawhead"", ""votes"": 23, ""votes_pct"": 25.840000, ""party"": ""DFL"" }, { ""name"": ""WRITE-IN"", ""votes"": 0, ""votes_pct"": 0, ""party"": ""WI"" } ]"
"220120","1","22",22A,Faribault,Pilot Grove Twp,36.1205439818523,R,"100.00",-100,1.55036424778474,"56","[ { ""name"": ""Rich Draheim"", ""votes"": 56, ""votes_pct"": 100, ""party"": ""R"" }, { ""name"": ""WRITE-IN"", ""votes"": 0, ""votes_pct"": 0, ""party"": ""WI"" } ]"
"220125","1","22",22A,Faribault,Prescott Twp,36.0475915838009,R,"100.00",-100,2.52444049662651,"91","[ { ""name"": ""Rich Draheim"", ""votes"": 91, ""votes_pct"": 100, ""party"": ""R"" }, { ""name"": ""WRITE-IN"", ""votes"": 0, ""votes_pct"": 0, ""party"": ""WI"" } ]"
"220130","1","23",23A,Faribault,Rome Twp,35.7538319519624,R,"67.74",-67.74,1.73407986263685,"62","[ { ""name"": ""Gene Dornink"", ""votes"": 52, ""votes_pct"": 83.870000, ""party"": ""R"" }, { ""name"": ""Brandon Lawhead"", ""votes"": 10, ""votes_pct"": 16.130000, ""party"": ""DFL"" }, { ""name"": ""WRITE-IN"", ""votes"": 0, ""votes_pct"": 0, ""party"": ""WI"" } ]"
"220135","1","23",23A,Faribault,Seely Twp,35.9291016028702,R,"34.10",-34.1,2.4492680327128,"88","[ { ""name"": ""Gene Dornink"", ""votes"": 59, ""votes_pct"": 67.050000, ""party"": ""R"" }, { ""name"": ""Brandon Lawhead"", ""votes"": 29, ""votes_pct"": 32.950000, ""party"": ""DFL"" }, { ""name"": ""WRITE-IN"", ""votes"": 0, ""votes_pct"": 0, ""party"": ""WI"" } ]"
"220140","1","22",22A,Faribault,Verona Twp,35.4142581793744,R,"98.70",-98.7,4.34853101312994,"154","[ { ""name"": ""Rich Draheim"", ""votes"": 153, ""votes_pct"": 99.350000, ""party"": ""R"" }, { ""name"": ""WRITE-IN"", ""votes"": 1, ""votes_pct"": 0.650000, ""party"": ""WI"" } ]"
"220145","1","23",23A,Faribault,Walnut Lake Twp,35.9311411922206,R,"63.26",-63.26,2.72743911682989,"98","[ { ""name"": ""Gene Dornink"", ""votes"": 80, ""votes_pct"": 81.630000, ""party"": ""R"" }, { ""name"": ""Brandon Lawhead"", ""votes"": 18, ""votes_pct"": 18.370000, ""party"": ""DFL"" }, { ""name"": ""WRITE-IN"", ""votes"": 0, ""votes_pct"": 0, ""party"": ""WI"" } ]"
"220150","1","23",23A,Faribault,Walters,0.201780375978496,R,"30.76",-30.76,128.852966369588,"26","[ { ""name"": ""Gene Dornink"", ""votes"": 17, ""votes_pct"": 65.380000, ""party"": ""R"" }, { ""name"": ""Brandon Lawhead"", ""votes"": 9, ""votes_pct"": 34.620000, ""party"": ""DFL"" }, { ""name"": ""WRITE-IN"", ""votes"": 0, ""votes_pct"": 0, ""party"": ""WI"" } ]"
"220155","1","23",23A,Faribault,Wells,2.22291783865523,R,"30.63",-30.63,371.583684127388,"826","[ { ""name"": ""Gene Dornink"", ""votes"": 539, ""votes_pct"": 65.250000, ""party"": ""R"" }, { ""name"": ""Brandon Lawhead"", ""votes"": 286, ""votes_pct"": 34.620000, ""party"": ""DFL"" }, { ""name"": ""WRITE-IN"", ""votes"": 1, ""votes_pct"": 0.120000, ""party"": ""WI"" } ]"
"220160","1","22",22A,Faribault,Winnebago,2.32000105278427,R,"93.54",-93.54,187.068880627942,"434","[ { ""name"": ""Rich Draheim"", ""votes"": 420, ""votes_pct"": 96.770000, ""party"": ""R"" }, { ""name"": ""WRITE-IN"", ""votes"": 14, ""votes_pct"": 3.230000, ""party"": ""WI"" } ]"
"220165","1","22",22A,Faribault,Winnebago Twp,34.4882382193335,R,"94.52",-94.52,2.11666364445017,"73","[ { ""name"": ""Rich Draheim"", ""votes"": 71, ""votes_pct"": 97.260000, ""party"": ""R"" }, { ""name"": ""WRITE-IN"", ""votes"": 2, ""votes_pct"": 2.740000, ""party"": ""WI"" } ]"
"230005","1","26",26B,Fillmore,Amherst Twp,35.7799473282408,R,"17.34",-17.34,4.19229236488021,"150","[ { ""name"": ""Jeremy Miller"", ""votes"": 85, ""votes_pct"": 56.670000, ""party"": ""R"" }, { ""name"": ""Daniel Wilson"", ""votes"": 59, ""votes_pct"": 39.330000, ""party"": ""DFL"" }, { ""name"": ""Eric M. Leitzen"", ""votes"": 6, ""votes_pct"": 4, ""party"": ""LMN"" }, { ""name"": ""WRITE-IN"", ""votes"": 0, ""votes_pct"": 0, ""party"": ""WI"" } ]"
"230010","1","26",26B,Fillmore,Arendahl Twp,35.7556230975458,R,"37.50",-37.5,4.92230269683317,"176","[ { ""name"": ""Jeremy Miller"", ""votes"": 120, ""votes_pct"": 68.180000, ""party"": ""R"" }, { ""name"": ""Daniel Wilson"", ""votes"": 54, ""votes_pct"": 30.680000, ""party"": ""DFL"" }, { ""name"": ""Eric M. Leitzen"", ""votes"": 2, ""votes_pct"": 1.140000, ""party"": ""LMN"" }, { ""name"": ""WRITE-IN"", ""votes"": 0, ""votes_pct"": 0, ""party"": ""WI"" } ]"
"230015","1","26",26B,Fillmore,Beaver Twp,36.1362118542925,R,"37.70",-37.7,3.37611480948598,"122","[ { ""name"": ""Jeremy Miller"", ""votes"": 83, ""votes_pct"": 68.030000, ""party"": ""R"" }, { ""name"": ""Daniel Wilson"", ""votes"": 37, ""votes_pct"": 30.330000, ""party"": ""DFL"" }, { ""name"": ""Eric M. Leitzen"", ""votes"": 2, ""votes_pct"": 1.640000, ""party"": ""LMN"" }, { ""name"": ""WRITE-IN"", ""votes"": 0, ""votes_pct"": 0, ""party"": ""WI"" } ]"
"230020","1","26",26B,Fillmore,Bloomfield Twp,35.6913051809757,R,"54.43",-54.43,4.73504678921299,"169","[ { ""name"": ""Jeremy Miller"", ""votes"": 130, ""votes_pct"": 76.920000, ""party"": ""R"" }, { ""name"": ""Daniel Wilson"", ""votes"": 38, ""votes_pct"": 22.490000, ""party"": ""DFL"" }, { ""name"": ""Eric M. Leitzen"", ""votes"": 1, ""votes_pct"": 0.590000, ""party"": ""LMN"" }, { ""name"": ""WRITE-IN"", ""votes"": 0, ""votes_pct"": 0, ""party"": ""WI"" } ]"
"230025","1","26",26B,Fillmore,Bristol Twp,35.9961480383333,R,"41.80",-41.8,3.38925153519423,"122","[ { ""name"": ""Jeremy Miller"", ""votes"": 83, ""votes_pct"": 68.030000, ""party"": ""R"" }, { ""name"": ""Daniel Wilson"", ""votes"": 32, ""votes_pct"": 26.230000, ""party"": ""DFL"" }, { ""name"": ""Eric M. Leitzen"", ""votes"": 7, ""votes_pct"": 5.740000, ""party"": ""LMN"" }, { ""name"": ""WRITE-IN"", ""votes"": 0, ""votes_pct"": 0, ""party"": ""WI"" } ]"
"230030","1","26",26B,Fillmore,Canton,1.01974981595573,R,"40.82",-40.82,96.1020031252986,"98","[ { ""name"": ""Jeremy Miller"", ""votes"": 66, ""votes_pct"": 67.350000, ""party"": ""R"" }, { ""name"": ""Daniel Wilson"", ""votes"": 26, ""votes_pct"": 26.530000, ""party"": ""DFL"" }, { ""name"": ""Eric M. Leitzen"", ""votes"": 6, ""votes_pct"": 6.120000, ""party"": ""LMN"" }, { ""name"": ""WRITE-IN"", ""votes"": 0, ""votes_pct"": 0, ""party"": ""WI"" } ]"
"230035","1","26",26B,Fillmore,Canton Twp,35.0243866605204,R,"41.91",-41.91,3.88300875382065,"136","[ { ""name"": ""Jeremy Miller"", ""votes"": 96, ""votes_pct"": 70.590000, ""party"": ""R"" }, { ""name"": ""Daniel Wilson"", ""votes"": 39, ""votes_pct"": 28.680000, ""party"": ""DFL"" }, { ""name"": ""Eric M. Leitzen"", ""votes"": 1, ""votes_pct"": 0.740000, ""party"": ""LMN"" }, { ""name"": ""WRITE-IN"", ""votes"": 0, ""votes_pct"": 0, ""party"": ""WI"" } ]"
"230040","1","26",26B,Fillmore,Carimona Twp,35.6037889749013,R,"29.94",-29.94,4.97138099893737,"177","[ { ""name"": ""Jeremy Miller"", ""votes"": 115, ""votes_pct"": 64.970000, ""party"": ""R"" }, { ""name"": ""Daniel Wilson"", ""votes"": 62, ""votes_pct"": 35.030000, ""party"": ""DFL"" }, { ""name"": ""Eric M. Leitzen"", ""votes"": 0, ""votes_pct"": 0, ""party"": ""LMN"" }, { ""name"": ""WRITE-IN"", ""votes"": 0, ""votes_pct"": 0, ""party"": ""WI"" } ]"
"230045","1","26",26B,Fillmore,Carrolton Twp,37.8643588748311,R,"22.80",-22.8,5.097141632267,"193","[ { ""name"": ""Jeremy Miller"", ""votes"": 117, ""votes_pct"": 60.620000, ""party"": ""R"" }, { ""name"": ""Daniel Wilson"", ""votes"": 73, ""votes_pct"": 37.820000, ""party"": ""DFL"" }, { ""name"": ""Eric M. Leitzen"", ""votes"": 3, ""votes_pct"": 1.550000, ""party"": ""LMN"" }, { ""name"": ""WRITE-IN"", ""votes"": 0, ""votes_pct"": 0, ""party"": ""WI"" } ]"
"230050","1","26",26B,Fillmore,Chatfield,1.6152635129897,R,"28.41",-28.41,472.987839975354,"764","[ { ""name"": ""Jeremy Miller"", ""votes"": 481, ""votes_pct"": 62.960000, ""party"": ""R"" }, { ""name"": ""Daniel Wilson"", ""votes"": 264, ""votes_pct"": 34.550000, ""party"": ""DFL"" }, { ""name"": ""Eric M. Leitzen"", ""votes"": 19, ""votes_pct"": 2.490000, ""party"": ""LMN"" }, { ""name"": ""WRITE-IN"", ""votes"": 0, ""votes_pct"": 0, ""party"": ""WI"" } ]"
"230055","1","26",26B,Fillmore,Chatfield Twp,34.1055434031097,R,"28.21",-28.21,8.00456385559621,"273","[ { ""name"": ""Jeremy Miller"", ""votes"": 173, ""votes_pct"": 63.370000, ""party"": ""R"" }, { ""name"": ""Daniel Wilson"", ""votes"": 96, ""votes_pct"": 35.160000, ""party"": ""DFL"" }, { ""name"": ""Eric M. Leitzen"", ""votes"": 3, ""votes_pct"": 1.100000, ""party"": ""LMN"" }, { ""name"": ""WRITE-IN"", ""votes"": 1, ""votes_pct"": 0.370000, ""party"": ""WI"" } ]"
"230060","1","26",26B,Fillmore,Fillmore Twp,34.9303090244437,R,"56.70",-56.7,6.41276891776847,"224","[ { ""name"": ""Jeremy Miller"", ""votes"": 172, ""votes_pct"": 76.790000, ""party"": ""R"" }, { ""name"": ""Daniel Wilson"", ""votes"": 45, ""votes_pct"": 20.090000, ""party"": ""DFL"" }, { ""name"": ""Eric M. Leitzen"", ""votes"": 7, ""votes_pct"": 3.130000, ""party"": ""LMN"" }, { ""name"": ""WRITE-IN"", ""votes"": 0, ""votes_pct"": 0, ""party"": ""WI"" } ]"
"230065","1","26",26B,Fillmore,Forestville Twp,36.0715270461975,R,"53.27",-53.27,5.51681662229428,"199","[ { ""name"": ""Jeremy Miller"", ""votes"": 150, ""votes_pct"": 75.380000, ""party"": ""R"" }, { ""name"": ""Daniel Wilson"", ""votes"": 44, ""votes_pct"": 22.110000, ""party"": ""DFL"" }, { ""name"": ""Eric M. Leitzen"", ""votes"": 5, ""votes_pct"": 2.510000, ""party"": ""LMN"" }, { ""name"": ""WRITE-IN"", ""votes"": 0, ""votes_pct"": 0, ""party"": ""WI"" } ]"
"230070","1","26",26B,Fillmore,Fountain,0.992554763065866,R,"41.91",-41.91,168.25268107541,"167","[ { ""name"": ""Jeremy Miller"", ""votes"": 115, ""votes_pct"": 68.860000, ""party"": ""R"" }, { ""name"": ""Daniel Wilson"", ""votes"": 45, ""votes_pct"": 26.950000, ""party"": ""DFL"" }, { ""name"": ""Eric M. Leitzen"", ""votes"": 7, ""votes_pct"": 4.190000, ""party"": ""LMN"" }, { ""name"": ""WRITE-IN"", ""votes"": 0, ""votes_pct"": 0, ""party"": ""WI"" } ]"
"230075","1","26",26B,Fillmore,Fountain Twp,34.6054626018001,R,"52.18",-52.18,4.65244466899931,"161","[ { ""name"": ""Jeremy Miller"", ""votes"": 122, ""votes_pct"": 75.780000, ""party"": ""R"" }, { ""name"": ""Daniel Wilson"", ""votes"": 38, ""votes_pct"": 23.600000, ""party"": ""DFL"" }, { ""name"": ""Eric M. Leitzen"", ""votes"": 1, ""votes_pct"": 0.620000, ""party"": ""LMN"" }, { ""name"": ""WRITE-IN"", ""votes"": 0, ""votes_pct"": 0, ""party"": ""WI"" } ]"
"230080","1","26",26B,Fillmore,Harmony,1.13741275542395,R,"16.86",-16.86,443.110909031564,"504","[ { ""name"": ""Jeremy Miller"", ""votes"": 288, ""votes_pct"": 57.140000, ""party"": ""R"" }, { ""name"": ""Daniel Wilson"", ""votes"": 203, ""votes_pct"": 40.280000, ""party"": ""DFL"" }, { ""name"": ""Eric M. Leitzen"", ""votes"": 12, ""votes_pct"": 2.380000, ""party"": ""LMN"" }, { ""name"": ""WRITE-IN"", ""votes"": 1, ""votes_pct"": 0.200000, ""party"": ""WI"" } ]"
"230085","1","26",26B,Fillmore,Harmony Twp,34.8067485868459,R,"38.41",-38.41,4.33823916713282,"151","[ { ""name"": ""Jeremy Miller"", ""votes"": 104, ""votes_pct"": 68.870000, ""party"": ""R"" }, { ""name"": ""Daniel Wilson"", ""votes"": 46, ""votes_pct"": 30.460000, ""party"": ""DFL"" }, { ""name"": ""Eric M. Leitzen"", ""votes"": 1, ""votes_pct"": 0.660000, ""party"": ""LMN"" }, { ""name"": ""WRITE-IN"", ""votes"": 0, ""votes_pct"": 0, ""party"": ""WI"" } ]"
"230090","1","26",26B,Fillmore,Holt Twp,32.4802867882522,R,"28.67",-28.67,4.61818582384727,"150","[ { ""name"": ""Jeremy Miller"", ""votes"": 96, ""votes_pct"": 64, ""party"": ""R"" }, { ""name"": ""Daniel Wilson"", ""votes"": 53, ""votes_pct"": 35.330000, ""party"": ""DFL"" }, { ""name"": ""Eric M. Leitzen"", ""votes"": 1, ""votes_pct"": 0.670000, ""party"": ""LMN"" }, { ""name"": ""WRITE-IN"", ""votes"": 0, ""votes_pct"": 0, ""party"": ""WI"" } ]"
"230095","1","26",26B,Fillmore,Jordan Twp,35.9318609294159,R,"55.69",-55.69,4.89815989062555,"176","[ { ""name"": ""Jeremy Miller"", ""votes"": 134, ""votes_pct"": 76.140000, ""party"": ""R"" }, { ""name"": ""Daniel Wilson"", ""votes"": 36, ""votes_pct"": 20.450000, ""party"": ""DFL"" }, { ""name"": ""Eric M. Leitzen"", ""votes"": 6, ""votes_pct"": 3.410000, ""party"": ""LMN"" }, { ""name"": ""WRITE-IN"", ""votes"": 0, ""votes_pct"": 0, ""party"": ""WI"" } ]"
"230100","1","26",26B,Fillmore,Laneboro,1.63473664162852,DFL,"15.40",15.4,282.00261024354,"461","[ { ""name"": ""Daniel Wilson"", ""votes"": 254, ""votes_pct"": 55.100000, ""party"": ""DFL"" }, { ""name"": ""Jeremy Miller"", ""votes"": 183, ""votes_pct"": 39.700000, ""party"": ""R"" }, { ""name"": ""Eric M. Leitzen"", ""votes"": 23, ""votes_pct"": 4.990000, ""party"": ""LMN"" }, { ""name"": ""WRITE-IN"", ""votes"": 1, ""votes_pct"": 0.220000, ""party"": ""WI"" } ]"
"230105","1","26",26B,Fillmore,Mabel,0.480614515554888,R,"1.92",-1.92,543.054759173608,"261","[ { ""name"": ""Jeremy Miller"", ""votes"": 129, ""votes_pct"": 49.430000, ""party"": ""R"" }, { ""name"": ""Daniel Wilson"", ""votes"": 124, ""votes_pct"": 47.510000, ""party"": ""DFL"" }, { ""name"": ""Eric M. Leitzen"", ""votes"": 8, ""votes_pct"": 3.070000, ""party"": ""LMN"" }, { ""name"": ""WRITE-IN"", ""votes"": 0, ""votes_pct"": 0, ""party"": ""WI"" } ]"
"230110","1","26",26B,Fillmore,Newburg Twp,35.3832065535534,R,"41.61",-41.61,4.55018116451154,"161","[ { ""name"": ""Jeremy Miller"", ""votes"": 110, ""votes_pct"": 68.320000, ""party"": ""R"" }, { ""name"": ""Daniel Wilson"", ""votes"": 43, ""votes_pct"": 26.710000, ""party"": ""DFL"" }, { ""name"": ""Eric M. Leitzen"", ""votes"": 8, ""votes_pct"": 4.970000, ""party"": ""LMN"" }, { ""name"": ""WRITE-IN"", ""votes"": 0, ""votes_pct"": 0, ""party"": ""WI"" } ]"
"230115","1","26",26B,Fillmore,Norway Twp,35.6994805794026,R,"30.41",-30.41,4.78998565874544,"171","[ { ""name"": ""Jeremy Miller"", ""votes"": 108, ""votes_pct"": 63.160000, ""party"": ""R"" }, { ""name"": ""Daniel Wilson"", ""votes"": 56, ""votes_pct"": 32.750000, ""party"": ""DFL"" }, { ""name"": ""Eric M. Leitzen"", ""votes"": 7, ""votes_pct"": 4.090000, ""party"": ""LMN"" }, { ""name"": ""WRITE-IN"", ""votes"": 0, ""votes_pct"": 0, ""party"": ""WI"" } ]"
"230120","1","26",26B,Fillmore,Ostrander,0.326087835206047,R,"41.52",-41.52,361.865691571839,"118","[ { ""name"": ""Jeremy Miller"", ""votes"": 82, ""votes_pct"": 69.490000, ""party"": ""R"" }, { ""name"": ""Daniel Wilson"", ""votes"": 33, ""votes_pct"": 27.970000, ""party"": ""DFL"" }, { ""name"": ""Eric M. Leitzen"", ""votes"": 3, ""votes_pct"": 2.540000, ""party"": ""LMN"" }, { ""name"": ""WRITE-IN"", ""votes"": 0, ""votes_pct"": 0, ""party"": ""WI"" } ]"
"230125","1","26",26B,Fillmore,Peterson,0.494538606789084,R,"11.49",-11.49,175.921553556494,"87","[ { ""name"": ""Jeremy Miller"", ""votes"": 45, ""votes_pct"": 51.720000, ""party"": ""R"" }, { ""name"": ""Daniel Wilson"", ""votes"": 35, ""votes_pct"": 40.230000, ""party"": ""DFL"" }, { ""name"": ""Eric M. Leitzen"", ""votes"": 7, ""votes_pct"": 8.050000, ""party"": ""LMN"" }, { ""name"": ""WRITE-IN"", ""votes"": 0, ""votes_pct"": 0, ""party"": ""WI"" } ]"
"230130","1","26",26B,Fillmore,Pilot Mound Twp,34.3544812612373,R,"22.92",-22.92,5.58879054351016,"192","[ { ""name"": ""Jeremy Miller"", ""votes"": 114, ""votes_pct"": 59.380000, ""party"": ""R"" }, { ""name"": ""Daniel Wilson"", ""votes"": 70, ""votes_pct"": 36.460000, ""party"": ""DFL"" }, { ""name"": ""Eric M. Leitzen"", ""votes"": 8, ""votes_pct"": 4.170000, ""party"": ""LMN"" }, { ""name"": ""WRITE-IN"", ""votes"": 0, ""votes_pct"": 0, ""party"": ""WI"" } ]"
"230135","1","26",26B,Fillmore,Preble Twp,35.7001246847045,R,"13.34",-13.34,2.52099959859692,"90","[ { ""name"": ""Jeremy Miller"", ""votes"": 50, ""votes_pct"": 55.560000, ""party"": ""R"" }, { ""name"": ""Daniel Wilson"", ""votes"": 38, ""votes_pct"": 42.220000, ""party"": ""DFL"" }, { ""name"": ""Eric M. Leitzen"", ""votes"": 2, ""votes_pct"": 2.220000, ""party"": ""LMN"" }, { ""name"": ""WRITE-IN"", ""votes"": 0, ""votes_pct"": 0, ""party"": ""WI"" } ]"
"230140","1","26",26B,Fillmore,Preston,2.49606032942366,R,"14.56",-14.56,228.359865056472,"570","[ { ""name"": ""Jeremy Miller"", ""votes"": 320, ""votes_pct"": 56.140000, ""party"": ""R"" }, { ""name"": ""Daniel Wilson"", ""votes"": 237, ""votes_pct"": 41.580000, ""party"": ""DFL"" }, { ""name"": ""Eric M. Leitzen"", ""votes"": 13, ""votes_pct"": 2.280000, ""party"": ""LMN"" }, { ""name"": ""WRITE-IN"", ""votes"": 0, ""votes_pct"": 0, ""party"": ""WI"" } ]"
"230150","1","26",26B,Fillmore,Preston Twp,34.5474677216097,R,"40.62",-40.62,3.70504724199901,"128","[ { ""name"": ""Jeremy Miller"", ""votes"": 90, ""votes_pct"": 70.310000, ""party"": ""R"" }, { ""name"": ""Daniel Wilson"", ""votes"": 38, ""votes_pct"": 29.690000, ""party"": ""DFL"" }, { ""name"": ""Eric M. Leitzen"", ""votes"": 0, ""votes_pct"": 0, ""party"": ""LMN"" }, { ""name"": ""WRITE-IN"", ""votes"": 0, ""votes_pct"": 0, ""party"": ""WI"" } ]"
"230155","1","26",26B,Fillmore,Rushford,1.66713956909815,R,"27.40",-27.4,444.473884331622,"741","[ { ""name"": ""Jeremy Miller"", ""votes"": 464, ""votes_pct"": 62.620000, ""party"": ""R"" }, { ""name"": ""Daniel Wilson"", ""votes"": 261, ""votes_pct"": 35.220000, ""party"": ""DFL"" }, { ""name"": ""Eric M. Leitzen"", ""votes"": 16, ""votes_pct"": 2.160000, ""party"": ""LMN"" }, { ""name"": ""WRITE-IN"", ""votes"": 0, ""votes_pct"": 0, ""party"": ""WI"" } ]"
"230160","1","26",26B,Fillmore,Rushford Village,33.7284587697314,R,"45.03",-45.03,12.8378234818302,"433","[ { ""name"": ""Jeremy Miller"", ""votes"": 308, ""votes_pct"": 71.130000, ""party"": ""R"" }, { ""name"": ""Daniel Wilson"", ""votes"": 113, ""votes_pct"": 26.100000, ""party"": ""DFL"" }, { ""name"": ""Eric M. Leitzen"", ""votes"": 12, ""votes_pct"": 2.770000, ""party"": ""LMN"" }, { ""name"": ""WRITE-IN"", ""votes"": 0, ""votes_pct"": 0, ""party"": ""WI"" } ]"
"230165","1","26",26B,Fillmore,Spring Valley,2.95898542048652,R,"34.05",-34.05,348.430239926792,"1031","[ { ""name"": ""Jeremy Miller"", ""votes"": 672, ""votes_pct"": 65.180000, ""party"": ""R"" }, { ""name"": ""Daniel Wilson"", ""votes"": 321, ""votes_pct"": 31.130000, ""party"": ""DFL"" }, { ""name"": ""Eric M. Leitzen"", ""votes"": 37, ""votes_pct"": 3.590000, ""party"": ""LMN"" }, { ""name"": ""WRITE-IN"", ""votes"": 1, ""votes_pct"": 0.100000, ""party"": ""WI"" } ]"
"230175","1","26",26B,Fillmore,Spring Valley Twp,31.6193048378064,R,"44.13",-44.13,9.17161213655951,"290","[ { ""name"": ""Jeremy Miller"", ""votes"": 206, ""votes_pct"": 71.030000, ""party"": ""R"" }, { ""name"": ""Daniel Wilson"", ""votes"": 78, ""votes_pct"": 26.900000, ""party"": ""DFL"" }, { ""name"": ""Eric M. Leitzen"", ""votes"": 6, ""votes_pct"": 2.070000, ""party"": ""LMN"" }, { ""name"": ""WRITE-IN"", ""votes"": 0, ""votes_pct"": 0, ""party"": ""WI"" } ]"
"230180","1","26",26B,Fillmore,Sumner Twp,37.4759037022442,R,"46.22",-46.22,6.35074745337623,"238","[ { ""name"": ""Jeremy Miller"", ""votes"": 173, ""votes_pct"": 72.690000, ""party"": ""R"" }, { ""name"": ""Daniel Wilson"", ""votes"": 63, ""votes_pct"": 26.470000, ""party"": ""DFL"" }, { ""name"": ""Eric M. Leitzen"", ""votes"": 2, ""votes_pct"": 0.840000, ""party"": ""LMN"" }, { ""name"": ""WRITE-IN"", ""votes"": 0, ""votes_pct"": 0, ""party"": ""WI"" } ]"
"230185","1","26",26B,Fillmore,Whalan,0.446946905025621,R,"15.00",-15,89.4960890213727,"40","[ { ""name"": ""Jeremy Miller"", ""votes"": 23, ""votes_pct"": 57.500000, ""party"": ""R"" }, { ""name"": ""Daniel Wilson"", ""votes"": 17, ""votes_pct"": 42.500000, ""party"": ""DFL"" }, { ""name"": ""Eric M. Leitzen"", ""votes"": 0, ""votes_pct"": 0, ""party"": ""LMN"" }, { ""name"": ""WRITE-IN"", ""votes"": 0, ""votes_pct"": 0, ""party"": ""WI"" } ]"
"230190","1","26",26B,Fillmore,Wykoff,0.93213260547264,R,"44.96",-44.96,233.8723039191,"218","[ { ""name"": ""Jeremy Miller"", ""votes"": 151, ""votes_pct"": 69.270000, ""party"": ""R"" }, { ""name"": ""Daniel Wilson"", ""votes"": 53, ""votes_pct"": 24.310000, ""party"": ""DFL"" }, { ""name"": ""Eric M. Leitzen"", ""votes"": 14, ""votes_pct"": 6.420000, ""party"": ""LMN"" }, { ""name"": ""WRITE-IN"", ""votes"": 0, ""votes_pct"": 0, ""party"": ""WI"" } ]"
"230195","1","26",26B,Fillmore,York Twp,36.110335222563,R,"37.85",-37.85,3.87700637884201,"140","[ { ""name"": ""Jeremy Miller"", ""votes"": 92, ""votes_pct"": 65.710000, ""party"": ""R"" }, { ""name"": ""Daniel Wilson"", ""votes"": 39, ""votes_pct"": 27.860000, ""party"": ""DFL"" }, { ""name"": ""Eric M. Leitzen"", ""votes"": 9, ""votes_pct"": 6.430000, ""party"": ""LMN"" }, { ""name"": ""WRITE-IN"", ""votes"": 0, ""votes_pct"": 0, ""party"": ""WI"" } ]"
"240005","1","23",23A,Freeborn,Albert Lea W-1 P-1,3.13923723753182,R,"11.13",-11.13,509.359401348459,"1599","[ { ""name"": ""Gene Dornink"", ""votes"": 887, ""votes_pct"": 55.470000, ""party"": ""R"" }, { ""name"": ""Brandon Lawhead"", ""votes"": 709, ""votes_pct"": 44.340000, ""party"": ""DFL"" }, { ""name"": ""WRITE-IN"", ""votes"": 3, ""votes_pct"": 0.190000, ""party"": ""WI"" } ]"
"240015","1","23",23A,Freeborn,Albert Lea W-2 P-1,1.46234908855678,R,"7.50",-7.5,737.853914939614,"1079","[ { ""name"": ""Gene Dornink"", ""votes"": 580, ""votes_pct"": 53.750000, ""party"": ""R"" }, { ""name"": ""Brandon Lawhead"", ""votes"": 499, ""votes_pct"": 46.250000, ""party"": ""DFL"" }, { ""name"": ""WRITE-IN"", ""votes"": 0, ""votes_pct"": 0, ""party"": ""WI"" } ]"
"240025","1","23",23A,Freeborn,Albert Lea W-3 P-1,2.91515656891387,R,"13.74",-13.74,456.922284793875,"1332","[ { ""name"": ""Gene Dornink"", ""votes"": 757, ""votes_pct"": 56.830000, ""party"": ""R"" }, { ""name"": ""Brandon Lawhead"", ""votes"": 574, ""votes_pct"": 43.090000, ""party"": ""DFL"" }, { ""name"": ""WRITE-IN"", ""votes"": 1, ""votes_pct"": 0.080000, ""party"": ""WI"" } ]"
"240035","1","23",23A,Freeborn,Albert Lea W-4 P-1,1.80407992728506,R,"14.68",-14.68,690.656761463495,"1246","[ { ""name"": ""Gene Dornink"", ""votes"": 714, ""votes_pct"": 57.300000, ""party"": ""R"" }, { ""name"": ""Brandon Lawhead"", ""votes"": 531, ""votes_pct"": 42.620000, ""party"": ""DFL"" }, { ""name"": ""WRITE-IN"", ""votes"": 1, ""votes_pct"": 0.080000, ""party"": ""WI"" } ]"
"240045","1","23",23A,Freeborn,Albert Lea W-5 P-1,3.39874965856355,DFL,"0.15",0.15,198.602447314488,"675","[ { ""name"": ""Brandon Lawhead"", ""votes"": 336, ""votes_pct"": 49.780000, ""party"": ""DFL"" }, { ""name"": ""Gene Dornink"", ""votes"": 335, ""votes_pct"": 49.630000, ""party"": ""R"" }, { ""name"": ""WRITE-IN"", ""votes"": 4, ""votes_pct"": 0.590000, ""party"": ""WI"" } ]"
"240050","1","23",23A,Freeborn,Albert Lea W-6 P-1,2.45301143734904,R,"17.71",-17.71,331.429355616297,"813","[ { ""name"": ""Gene Dornink"", ""votes"": 476, ""votes_pct"": 58.550000, ""party"": ""R"" }, { ""name"": ""Brandon Lawhead"", ""votes"": 332, ""votes_pct"": 40.840000, ""party"": ""DFL"" }, { ""name"": ""WRITE-IN"", ""votes"": 5, ""votes_pct"": 0.610000, ""party"": ""WI"" } ]"
"240060","1","23",23A,Freeborn,Albert Lea Twp P-1,22.7918754596075,R,"35.98",-35.98,14.3910930270434,"328","[ { ""name"": ""Gene Dornink"", ""votes"": 223, ""votes_pct"": 67.990000, ""party"": ""R"" }, { ""name"": ""Brandon Lawhead"", ""votes"": 105, ""votes_pct"": 32.010000, ""party"": ""DFL"" }, { ""name"": ""WRITE-IN"", ""votes"": 0, ""votes_pct"": 0, ""party"": ""WI"" } ]"
"240061","1","23",23A,Freeborn,Albert Lea Twp P-2,0.503719114253355,R,"55.56",-55.56,17.8671004242918,"9","[ { ""name"": ""Gene Dornink"", ""votes"": 7, ""votes_pct"": 77.780000, ""party"": ""R"" }, { ""name"": ""Brandon Lawhead"", ""votes"": 2, ""votes_pct"": 22.220000, ""party"": ""DFL"" }, { ""name"": ""WRITE-IN"", ""votes"": 0, ""votes_pct"": 0, ""party"": ""WI"" } ]"
"240062","1","23",23A,Freeborn,Albert Lea Twp P-3,0.00769459793442912,even,"0.00",0,0,"0","[ { ""name"": ""Gene Dornink"", ""votes"": 0, ""votes_pct"": 0, ""party"": ""R"" }, { ""name"": ""Brandon Lawhead"", ""votes"": 0, ""votes_pct"": 0, ""party"": ""DFL"" }, { ""name"": ""WRITE-IN"", ""votes"": 0, ""votes_pct"": 0, ""party"": ""WI"" } ]"
"240063","1","23",23A,Freeborn,Albert Lea Twp P-4,0.563752678934016,WI,"100.00",100,3.54765498193595,"2","[ { ""name"": ""WRITE-IN"", ""votes"": 2, ""votes_pct"": 100, ""party"": ""WI"" }, { ""name"": ""Gene Dornink"", ""votes"": 0, ""votes_pct"": 0, ""party"": ""R"" }, { ""name"": ""Brandon Lawhead"", ""votes"": 0, ""votes_pct"": 0, ""party"": ""DFL"" } ]"
"240065","1","23",23A,Freeborn,Alden,0.994858380461088,R,"30.32",-30.32,288.483271223974,"287","[ { ""name"": ""Gene Dornink"", ""votes"": 187, ""votes_pct"": 65.160000, ""party"": ""R"" }, { ""name"": ""Brandon Lawhead"", ""votes"": 100, ""votes_pct"": 34.840000, ""party"": ""DFL"" }, { ""name"": ""WRITE-IN"", ""votes"": 0, ""votes_pct"": 0, ""party"": ""WI"" } ]"
"240070","1","23",23A,Freeborn,Alden Twp,35.2665570008595,R,"49.02",-49.02,4.33838778183737,"153","[ { ""name"": ""Gene Dornink"", ""votes"": 114, ""votes_pct"": 74.510000, ""party"": ""R"" }, { ""name"": ""Brandon Lawhead"", ""votes"": 39, ""votes_pct"": 25.490000, ""party"": ""DFL"" }, { ""name"": ""WRITE-IN"", ""votes"": 0, ""votes_pct"": 0, ""party"": ""WI"" } ]"
"240075","1","23",23A,Freeborn,Bancroft Twp P-1,14.8909642289823,R,"26.60",-26.6,17.9303365379347,"267","[ { ""name"": ""Gene Dornink"", ""votes"": 169, ""votes_pct"": 63.300000, ""party"": ""R"" }, { ""name"": ""Brandon Lawhead"", ""votes"": 98, ""votes_pct"": 36.700000, ""party"": ""DFL"" }, { ""name"": ""WRITE-IN"", ""votes"": 0, ""votes_pct"": 0, ""party"": ""WI"" } ]"
"240077","1","23",23A,Freeborn,Bancroft Twp P-2,18.3750039064449,R,"25.00",-25,9.57822925622722,"176","[ { ""name"": ""Gene Dornink"", ""votes"": 110, ""votes_pct"": 62.500000, ""party"": ""R"" }, { ""name"": ""Brandon Lawhead"", ""votes"": 66, ""votes_pct"": 37.500000, ""party"": ""DFL"" }, { ""name"": ""WRITE-IN"", ""votes"": 0, ""votes_pct"": 0, ""party"": ""WI"" } ]"
"240080","1","23",23A,Freeborn,Bath Twp,35.7668996874275,R,"29.90",-29.9,5.98318562330477,"214","[ { ""name"": ""Gene Dornink"", ""votes"": 139, ""votes_pct"": 64.950000, ""party"": ""R"" }, { ""name"": ""Brandon Lawhead"", ""votes"": 75, ""votes_pct"": 35.050000, ""party"": ""DFL"" }, { ""name"": ""WRITE-IN"", ""votes"": 0, ""votes_pct"": 0, ""party"": ""WI"" } ]"
"240085","1","23",23A,Freeborn,Carlston Twp,35.9589410428763,R,"55.70",-55.7,4.39390024894242,"158","[ { ""name"": ""Gene Dornink"", ""votes"": 123, ""votes_pct"": 77.850000, ""party"": ""R"" }, { ""name"": ""Brandon Lawhead"", ""votes"": 35, ""votes_pct"": 22.150000, ""party"": ""DFL"" }, { ""name"": ""WRITE-IN"", ""votes"": 0, ""votes_pct"": 0, ""party"": ""WI"" } ]"
"240090","1","23",23A,Freeborn,Clarks Grove,0.540603283098879,R,"50.00",-50,521.639451361639,"282","[ { ""name"": ""Gene Dornink"", ""votes"": 211, ""votes_pct"": 74.820000, ""party"": ""R"" }, { ""name"": ""Brandon Lawhead"", ""votes"": 70, ""votes_pct"": 24.820000, ""party"": ""DFL"" }, { ""name"": ""WRITE-IN"", ""votes"": 1, ""votes_pct"": 0.350000, ""party"": ""WI"" } ]"
"240095","1","23",23A,Freeborn,Conger,0.129003037101467,R,"21.22",-21.22,511.615861788493,"66","[ { ""name"": ""Gene Dornink"", ""votes"": 40, ""votes_pct"": 60.610000, ""party"": ""R"" }, { ""name"": ""Brandon Lawhead"", ""votes"": 26, ""votes_pct"": 39.390000, ""party"": ""DFL"" }, { ""name"": ""WRITE-IN"", ""votes"": 0, ""votes_pct"": 0, ""party"": ""WI"" } ]"
"240100","1","23",23A,Freeborn,Emmons,0.848015000968707,R,"21.42",-21.42,198.109703021868,"168","[ { ""name"": ""Gene Dornink"", ""votes"": 102, ""votes_pct"": 60.710000, ""party"": ""R"" }, { ""name"": ""Brandon Lawhead"", ""votes"": 66, ""votes_pct"": 39.290000, ""party"": ""DFL"" }, { ""name"": ""WRITE-IN"", ""votes"": 0, ""votes_pct"": 0, ""party"": ""WI"" } ]"
"240105","1","23",23A,Freeborn,Freeborn,0.172778869554162,R,"52.54",-52.54,682.953883796593,"118","[ { ""name"": ""Gene Dornink"", ""votes"": 90, ""votes_pct"": 76.270000, ""party"": ""R"" }, { ""name"": ""Brandon Lawhead"", ""votes"": 28, ""votes_pct"": 23.730000, ""party"": ""DFL"" }, { ""name"": ""WRITE-IN"", ""votes"": 0, ""votes_pct"": 0, ""party"": ""WI"" } ]"
"240110","1","23",23A,Freeborn,Freeborn Twp,36.0545969384944,R,"50.00",-50,3.4392285735861,"124","[ { ""name"": ""Gene Dornink"", ""votes"": 93, ""votes_pct"": 75, ""party"": ""R"" }, { ""name"": ""Brandon Lawhead"", ""votes"": 31, ""votes_pct"": 25, ""party"": ""DFL"" }, { ""name"": ""WRITE-IN"", ""votes"": 0, ""votes_pct"": 0, ""party"": ""WI"" } ]"
"240115","1","23",23A,Freeborn,Freeman Twp,35.9220888392266,R,"49.04",-49.04,7.21004842338607,"259","[ { ""name"": ""Gene Dornink"", ""votes"": 193, ""votes_pct"": 74.520000, ""party"": ""R"" }, { ""name"": ""Brandon Lawhead"", ""votes"": 66, ""votes_pct"": 25.480000, ""party"": ""DFL"" }, { ""name"": ""WRITE-IN"", ""votes"": 0, ""votes_pct"": 0, ""party"": ""WI"" } ]"
"240120","1","23",23A,Freeborn,Geneva,0.471777375913272,R,"37.94",-37.94,491.757366598794,"232","[ { ""name"": ""Gene Dornink"", ""votes"": 160, ""votes_pct"": 68.970000, ""party"": ""R"" }, { ""name"": ""Brandon Lawhead"", ""votes"": 72, ""votes_pct"": 31.030000, ""party"": ""DFL"" }, { ""name"": ""WRITE-IN"", ""votes"": 0, ""votes_pct"": 0, ""party"": ""WI"" } ]"
"240125","1","23",23A,Freeborn,Geneva Twp,35.5211740158947,R,"49.34",-49.34,6.33425009824616,"225","[ { ""name"": ""Gene Dornink"", ""votes"": 168, ""votes_pct"": 74.670000, ""party"": ""R"" }, { ""name"": ""Brandon Lawhead"", ""votes"": 57, ""votes_pct"": 25.330000, ""party"": ""DFL"" }, { ""name"": ""WRITE-IN"", ""votes"": 0, ""votes_pct"": 0, ""party"": ""WI"" } ]"
"240130","1","23",23A,Freeborn,Glenville,1.20451224242478,R,"29.62",-29.62,238.270720621524,"287","[ { ""name"": ""Gene Dornink"", ""votes"": 185, ""votes_pct"": 64.460000, ""party"": ""R"" }, { ""name"": ""Brandon Lawhead"", ""votes"": 100, ""votes_pct"": 34.840000, ""party"": ""DFL"" }, { ""name"": ""WRITE-IN"", ""votes"": 2, ""votes_pct"": 0.700000, ""party"": ""WI"" } ]"
"240135","1","23",23A,Freeborn,Hartland,0.263565579283964,R,"53.64",-53.64,572.912443310033,"151","[ { ""name"": ""Gene Dornink"", ""votes"": 116, ""votes_pct"": 76.820000, ""party"": ""R"" }, { ""name"": ""Brandon Lawhead"", ""votes"": 35, ""votes_pct"": 23.180000, ""party"": ""DFL"" }, { ""name"": ""WRITE-IN"", ""votes"": 0, ""votes_pct"": 0, ""party"": ""WI"" } ]"
"240140","1","23",23A,Freeborn,Hartland Twp,35.8673304151434,R,"45.22",-45.22,4.37724241483313,"157","[ { ""name"": ""Gene Dornink"", ""votes"": 114, ""votes_pct"": 72.610000, ""party"": ""R"" }, { ""name"": ""Brandon Lawhead"", ""votes"": 43, ""votes_pct"": 27.390000, ""party"": ""DFL"" }, { ""name"": ""WRITE-IN"", ""votes"": 0, ""votes_pct"": 0, ""party"": ""WI"" } ]"
"240145","1","23",23B,Freeborn,Hayward,0.609891407223813,R,"12.96",-12.96,177.080704402131,"108","[ { ""name"": ""Gene Dornink"", ""votes"": 61, ""votes_pct"": 56.480000, ""party"": ""R"" }, { ""name"": ""Brandon Lawhead"", ""votes"": 47, ""votes_pct"": 43.520000, ""party"": ""DFL"" }, { ""name"": ""WRITE-IN"", ""votes"": 0, ""votes_pct"": 0, ""party"": ""WI"" } ]"
"240150","1","23",23B,Freeborn,Hayward Twp,35.4968543629557,R,"37.62",-37.62,5.69064509025357,"202","[ { ""name"": ""Gene Dornink"", ""votes"": 137, ""votes_pct"": 67.820000, ""party"": ""R"" }, { ""name"": ""Brandon Lawhead"", ""votes"": 61, ""votes_pct"": 30.200000, ""party"": ""DFL"" }, { ""name"": ""WRITE-IN"", ""votes"": 4, ""votes_pct"": 1.980000, ""party"": ""WI"" } ]"
"240155","1","23",23A,Freeborn,Hollandale,0.441860554563714,R,"54.54",-54.54,298.736781630881,"132","[ { ""name"": ""Gene Dornink"", ""votes"": 102, ""votes_pct"": 77.270000, ""party"": ""R"" }, { ""name"": ""Brandon Lawhead"", ""votes"": 30, ""votes_pct"": 22.730000, ""party"": ""DFL"" }, { ""name"": ""WRITE-IN"", ""votes"": 0, ""votes_pct"": 0, ""party"": ""WI"" } ]"
"240160","1","23",23B,Freeborn,London Twp,36.0695965788229,R,"41.42",-41.42,3.88138524627127,"140","[ { ""name"": ""Gene Dornink"", ""votes"": 99, ""votes_pct"": 70.710000, ""party"": ""R"" }, { ""name"": ""Brandon Lawhead"", ""votes"": 41, ""votes_pct"": 29.290000, ""party"": ""DFL"" }, { ""name"": ""WRITE-IN"", ""votes"": 0, ""votes_pct"": 0, ""party"": ""WI"" } ]"
"240165","1","23",23A,Freeborn,Manchester,0.0763933498139097,R,"47.36",-47.36,248.712748508647,"19","[ { ""name"": ""Gene Dornink"", ""votes"": 14, ""votes_pct"": 73.680000, ""party"": ""R"" }, { ""name"": ""Brandon Lawhead"", ""votes"": 5, ""votes_pct"": 26.320000, ""party"": ""DFL"" }, { ""name"": ""WRITE-IN"", ""votes"": 0, ""votes_pct"": 0, ""party"": ""WI"" } ]"
"240170","1","23",23A,Freeborn,Manchester Twp,35.9996821207838,R,"28.16",-28.16,5.72227274976601,"206","[ { ""name"": ""Gene Dornink"", ""votes"": 132, ""votes_pct"": 64.080000, ""party"": ""R"" }, { ""name"": ""Brandon Lawhead"", ""votes"": 74, ""votes_pct"": 35.920000, ""party"": ""DFL"" }, { ""name"": ""WRITE-IN"", ""votes"": 0, ""votes_pct"": 0, ""party"": ""WI"" } ]"
"240175","1","23",23A,Freeborn,Mansfield Twp,36.0588611514117,R,"33.62",-33.62,3.30015968891301,"119","[ { ""name"": ""Gene Dornink"", ""votes"": 79, ""votes_pct"": 66.390000, ""party"": ""R"" }, { ""name"": ""Brandon Lawhead"", ""votes"": 39, ""votes_pct"": 32.770000, ""party"": ""DFL"" }, { ""name"": ""WRITE-IN"", ""votes"": 1, ""votes_pct"": 0.840000, ""party"": ""WI"" } ]"
"240180","1","23",23B,Freeborn,Moscow Twp,36.1958016843938,R,"24.38",-24.38,7.81858632301046,"283","[ { ""name"": ""Gene Dornink"", ""votes"": 176, ""votes_pct"": 62.190000, ""party"": ""R"" }, { ""name"": ""Brandon Lawhead"", ""votes"": 107, ""votes_pct"": 37.810000, ""party"": ""DFL"" }, { ""name"": ""WRITE-IN"", ""votes"": 0, ""votes_pct"": 0, ""party"": ""WI"" } ]"
"240185","1","23",23B,Freeborn,Myrtle,0.0980768790569997,R,"20.00",-20,203.92166015373,"20","[ { ""name"": ""Gene Dornink"", ""votes"": 12, ""votes_pct"": 60, ""party"": ""R"" }, { ""name"": ""Brandon Lawhead"", ""votes"": 8, ""votes_pct"": 40, ""party"": ""DFL"" }, { ""name"": ""WRITE-IN"", ""votes"": 0, ""votes_pct"": 0, ""party"": ""WI"" } ]"
"240190","1","23",23B,Freeborn,Newry Twp,36.0781226289455,R,"54.92",-54.92,5.90385487046129,"213","[ { ""name"": ""Gene Dornink"", ""votes"": 165, ""votes_pct"": 77.460000, ""party"": ""R"" }, { ""name"": ""Brandon Lawhead"", ""votes"": 48, ""votes_pct"": 22.540000, ""party"": ""DFL"" }, { ""name"": ""WRITE-IN"", ""votes"": 0, ""votes_pct"": 0, ""party"": ""WI"" } ]"
"240195","1","23",23A,Freeborn,Nunda Twp,34.6652060183887,R,"21.30",-21.3,4.87520541231896,"169","[ { ""name"": ""Gene Dornink"", ""votes"": 102, ""votes_pct"": 60.350000, ""party"": ""R"" }, { ""name"": ""Brandon Lawhead"", ""votes"": 66, ""votes_pct"": 39.050000, ""party"": ""DFL"" }, { ""name"": ""WRITE-IN"", ""votes"": 1, ""votes_pct"": 0.590000, ""party"": ""WI"" } ]"
"240200","1","23",23B,Freeborn,Oakland Twp,35.9931769789878,R,"18.41",-18.41,4.52863608275414,"163","[ { ""name"": ""Gene Dornink"", ""votes"": 96, ""votes_pct"": 58.900000, ""party"": ""R"" }, { ""name"": ""Brandon Lawhead"", ""votes"": 66, ""votes_pct"": 40.490000, ""party"": ""DFL"" }, { ""name"": ""WRITE-IN"", ""votes"": 1, ""votes_pct"": 0.610000, ""party"": ""WI"" } ]"
"240205","1","23",23A,Freeborn,Pickerel Lake Twp,35.6138917973853,R,"43.36",-43.36,9.71531002476405,"346","[ { ""name"": ""Gene Dornink"", ""votes"": 248, ""votes_pct"": 71.680000, ""party"": ""R"" }, { ""name"": ""Brandon Lawhead"", ""votes"": 98, ""votes_pct"": 28.320000, ""party"": ""DFL"" }, { ""name"": ""WRITE-IN"", ""votes"": 0, ""votes_pct"": 0, ""party"": ""WI"" } ]"
"240210","1","23",23A,Freeborn,Riceland Twp,35.9381605816104,R,"31.01",-31.01,6.01032430442551,"216","[ { ""name"": ""Gene Dornink"", ""votes"": 140, ""votes_pct"": 64.810000, ""party"": ""R"" }, { ""name"": ""Brandon Lawhead"", ""votes"": 73, ""votes_pct"": 33.800000, ""party"": ""DFL"" }, { ""name"": ""WRITE-IN"", ""votes"": 3, ""votes_pct"": 1.390000, ""party"": ""WI"" } ]"
"240215","1","23",23B,Freeborn,Shell Rock Twp,34.673565976438,R,"46.52",-46.52,5.39315743085305,"187","[ { ""name"": ""Gene Dornink"", ""votes"": 137, ""votes_pct"": 73.260000, ""party"": ""R"" }, { ""name"": ""Brandon Lawhead"", ""votes"": 50, ""votes_pct"": 26.740000, ""party"": ""DFL"" }, { ""name"": ""WRITE-IN"", ""votes"": 0, ""votes_pct"": 0, ""party"": ""WI"" } ]"
"240220","1","23",23A,Freeborn,Twin Lakes,0.507895711065171,R,"11.12",-11.12,88.6008663188451,"45","[ { ""name"": ""Gene Dornink"", ""votes"": 25, ""votes_pct"": 55.560000, ""party"": ""R"" }, { ""name"": ""Brandon Lawhead"", ""votes"": 20, ""votes_pct"": 44.440000, ""party"": ""DFL"" }, { ""name"": ""WRITE-IN"", ""votes"": 0, ""votes_pct"": 0, ""party"": ""WI"" } ]"
"250005","1","20",20A,Goodhue,Bellechester,0.251811749835103,R,"44.23",-44.23,206.503469492793,"52","[ { ""name"": ""Steve Drazkowski"", ""votes"": 37, ""votes_pct"": 71.150000, ""party"": ""R"" }, { ""name"": ""Bradley Robert Drenckhahn"", ""votes"": 14, ""votes_pct"": 26.920000, ""party"": ""DFL"" }, { ""name"": ""WRITE-IN"", ""votes"": 1, ""votes_pct"": 1.920000, ""party"": ""WI"" } ]"
"250010","1","20",20A,Goodhue,Belle Creek Twp,35.4152952254802,R,"52.66",-52.66,6.91791494155696,"245","[ { ""name"": ""Steve Drazkowski"", ""votes"": 187, ""votes_pct"": 76.330000, ""party"": ""R"" }, { ""name"": ""Bradley Robert Drenckhahn"", ""votes"": 58, ""votes_pct"": 23.670000, ""party"": ""DFL"" }, { ""name"": ""WRITE-IN"", ""votes"": 0, ""votes_pct"": 0, ""party"": ""WI"" } ]"
"250015","1","20",20A,Goodhue,Belvidere Twp,35.5768456272887,R,"61.18",-61.18,6.66163612375496,"237","[ { ""name"": ""Steve Drazkowski"", ""votes"": 191, ""votes_pct"": 80.590000, ""party"": ""R"" }, { ""name"": ""Bradley Robert Drenckhahn"", ""votes"": 46, ""votes_pct"": 19.410000, ""party"": ""DFL"" }, { ""name"": ""WRITE-IN"", ""votes"": 0, ""votes_pct"": 0, ""party"": ""WI"" } ]"
"250020","1","20",20A,Goodhue,Cannon Falls P-1,2.27191764546232,R,"9.42",-9.42,406.70488291928,"924","[ { ""name"": ""Steve Drazkowski"", ""votes"": 504, ""votes_pct"": 54.550000, ""party"": ""R"" }, { ""name"": ""Bradley Robert Drenckhahn"", ""votes"": 417, ""votes_pct"": 45.130000, ""party"": ""DFL"" }, { ""name"": ""WRITE-IN"", ""votes"": 3, ""votes_pct"": 0.320000, ""party"": ""WI"" } ]"
"250025","1","20",20A,Goodhue,Cannon Falls P-2,2.38847319364797,R,"23.87",-23.87,406.954535887188,"972","[ { ""name"": ""Steve Drazkowski"", ""votes"": 600, ""votes_pct"": 61.730000, ""party"": ""R"" }, { ""name"": ""Bradley Robert Drenckhahn"", ""votes"": 368, ""votes_pct"": 37.860000, ""party"": ""DFL"" }, { ""name"": ""WRITE-IN"", ""votes"": 4, ""votes_pct"": 0.410000, ""party"": ""WI"" } ]"
"250030","1","20",20A,Goodhue,Cannon Falls Twp,33.3573203927621,R,"23.42",-23.42,17.5373798947872,"585","[ { ""name"": ""Steve Drazkowski"", ""votes"": 361, ""votes_pct"": 61.710000, ""party"": ""R"" }, { ""name"": ""Bradley Robert Drenckhahn"", ""votes"": 224, ""votes_pct"": 38.290000, ""party"": ""DFL"" }, { ""name"": ""WRITE-IN"", ""votes"": 0, ""votes_pct"": 0, ""party"": ""WI"" } ]"
"250035","1","19",19A,Goodhue,Cherry Grove Twp,38.261061571989,R,"52.50",-52.5,5.22724649507427,"200","[ { ""name"": ""John R. Jasinski"", ""votes"": 152, ""votes_pct"": 76, ""party"": ""R"" }, { ""name"": ""Kate E. Falvey"", ""votes"": 47, ""votes_pct"": 23.500000, ""party"": ""DFL"" }, { ""name"": ""WRITE-IN"", ""votes"": 1, ""votes_pct"": 0.500000, ""party"": ""WI"" } ]"
"250040","1","58",58B,Goodhue,Dennison,1.23173041216025,R,"33.34",-33.34,77.9391326642915,"96","[ { ""name"": ""Bill Lieske"", ""votes"": 64, ""votes_pct"": 66.670000, ""party"": ""R"" }, { ""name"": ""Clarice Grabau"", ""votes"": 32, ""votes_pct"": 33.330000, ""party"": ""DFL"" }, { ""name"": ""WRITE-IN"", ""votes"": 0, ""votes_pct"": 0, ""party"": ""WI"" } ]"
"250045","1","20",20A,Goodhue,Featherstone Twp,35.7994425769695,R,"23.86",-23.86,12.765561894363,"457","[ { ""name"": ""Steve Drazkowski"", ""votes"": 283, ""votes_pct"": 61.930000, ""party"": ""R"" }, { ""name"": ""Bradley Robert Drenckhahn"", ""votes"": 174, ""votes_pct"": 38.070000, ""party"": ""DFL"" }, { ""name"": ""WRITE-IN"", ""votes"": 0, ""votes_pct"": 0, ""party"": ""WI"" } ]"
"250050","1","20",20A,Goodhue,Florence Twp,40.4365625622387,R,"22.60",-22.6,23.1968283297142,"938","[ { ""name"": ""Steve Drazkowski"", ""votes"": 575, ""votes_pct"": 61.300000, ""party"": ""R"" }, { ""name"": ""Bradley Robert Drenckhahn"", ""votes"": 363, ""votes_pct"": 38.700000, ""party"": ""DFL"" }, { ""name"": ""WRITE-IN"", ""votes"": 0, ""votes_pct"": 0, ""party"": ""WI"" } ]"
"250055","1","20",20A,Goodhue,Goodhue,1.09407427462347,R,"38.68",-38.68,467.975540487144,"512","[ { ""name"": ""Steve Drazkowski"", ""votes"": 355, ""votes_pct"": 69.340000, ""party"": ""R"" }, { ""name"": ""Bradley Robert Drenckhahn"", ""votes"": 157, ""votes_pct"": 30.660000, ""party"": ""DFL"" }, { ""name"": ""WRITE-IN"", ""votes"": 0, ""votes_pct"": 0, ""party"": ""WI"" } ]"
"250060","1","20",20A,Goodhue,Goodhue Twp,34.809608486766,R,"59.42",-59.42,7.92884528146677,"276","[ { ""name"": ""Steve Drazkowski"", ""votes"": 219, ""votes_pct"": 79.350000, ""party"": ""R"" }, { ""name"": ""Bradley Robert Drenckhahn"", ""votes"": 55, ""votes_pct"": 19.930000, ""party"": ""DFL"" }, { ""name"": ""WRITE-IN"", ""votes"": 2, ""votes_pct"": 0.720000, ""party"": ""WI"" } ]"
"250065","1","20",20A,Goodhue,Hay Creek Twp,34.3003706133789,R,"29.78",-29.78,14.7811813963971,"507","[ { ""name"": ""Steve Drazkowski"", ""votes"": 328, ""votes_pct"": 64.690000, ""party"": ""R"" }, { ""name"": ""Bradley Robert Drenckhahn"", ""votes"": 177, ""votes_pct"": 34.910000, ""party"": ""DFL"" }, { ""name"": ""WRITE-IN"", ""votes"": 2, ""votes_pct"": 0.390000, ""party"": ""WI"" } ]"
"250070","1","19",19A,Goodhue,Holden Twp,35.9660776683265,R,"44.98",-44.98,6.367110756747,"229","[ { ""name"": ""John R. Jasinski"", ""votes"": 166, ""votes_pct"": 72.490000, ""party"": ""R"" }, { ""name"": ""Kate E. Falvey"", ""votes"": 63, ""votes_pct"": 27.510000, ""party"": ""DFL"" }, { ""name"": ""WRITE-IN"", ""votes"": 0, ""votes_pct"": 0, ""party"": ""WI"" } ]"
"250075","1","19",19A,Goodhue,Kenyon,2.31759263219269,R,"28.75",-28.75,336.124644676222,"779","[ { ""name"": ""John R. Jasinski"", ""votes"": 501, ""votes_pct"": 64.310000, ""party"": ""R"" }, { ""name"": ""Kate E. Falvey"", ""votes"": 277, ""votes_pct"": 35.560000, ""party"": ""DFL"" }, { ""name"": ""WRITE-IN"", ""votes"": 1, ""votes_pct"": 0.130000, ""party"": ""WI"" } ]"
"250080","1","19",19A,Goodhue,Kenyon Twp,33.6819378221984,R,"51.53",-51.53,5.81914262281027,"196","[ { ""name"": ""John R. Jasinski"", ""votes"": 148, ""votes_pct"": 75.510000, ""party"": ""R"" }, { ""name"": ""Kate E. Falvey"", ""votes"": 47, ""votes_pct"": 23.980000, ""party"": ""DFL"" }, { ""name"": ""WRITE-IN"", ""votes"": 1, ""votes_pct"": 0.510000, ""party"": ""WI"" } ]"
"250085","1","20",20A,Goodhue,Lake City,0.824717997146043,R,"6.41",-6.41,529.878093496503,"437","[ { ""name"": ""Steve Drazkowski"", ""votes"": 232, ""votes_pct"": 53.090000, ""party"": ""R"" }, { ""name"": ""Bradley Robert Drenckhahn"", ""votes"": 204, ""votes_pct"": 46.680000, ""party"": ""DFL"" }, { ""name"": ""WRITE-IN"", ""votes"": 1, ""votes_pct"": 0.230000, ""party"": ""WI"" } ]"
"250090","1","20",20A,Goodhue,Leon Twp,37.8530066262219,R,"22.69",-22.69,13.9751118114233,"529","[ { ""name"": ""Steve Drazkowski"", ""votes"": 323, ""votes_pct"": 61.060000, ""party"": ""R"" }, { ""name"": ""Bradley Robert Drenckhahn"", ""votes"": 203, ""votes_pct"": 38.370000, ""party"": ""DFL"" }, { ""name"": ""WRITE-IN"", ""votes"": 3, ""votes_pct"": 0.570000, ""party"": ""WI"" } ]"
"250095","1","20",20B,Goodhue,Minneola Twp,32.9136602692412,R,"27.22",-27.22,10.9377078409122,"360","[ { ""name"": ""Steve Drazkowski"", ""votes"": 229, ""votes_pct"": 63.610000, ""party"": ""R"" }, { ""name"": ""Bradley Robert Drenckhahn"", ""votes"": 131, ""votes_pct"": 36.390000, ""party"": ""DFL"" }, { ""name"": ""WRITE-IN"", ""votes"": 0, ""votes_pct"": 0, ""party"": ""WI"" } ]"
"250100","1","20",20B,Goodhue,Pine Island,3.37326496394016,R,"21.02",-21.02,365.22479353681,"1232","[ { ""name"": ""Steve Drazkowski"", ""votes"": 745, ""votes_pct"": 60.470000, ""party"": ""R"" }, { ""name"": ""Bradley Robert Drenckhahn"", ""votes"": 486, ""votes_pct"": 39.450000, ""party"": ""DFL"" }, { ""name"": ""WRITE-IN"", ""votes"": 1, ""votes_pct"": 0.080000, ""party"": ""WI"" } ]"
"250105","1","20",20B,Goodhue,Pine Island Twp,32.1143682497309,R,"35.86",-35.86,10.6805775325465,"343","[ { ""name"": ""Steve Drazkowski"", ""votes"": 233, ""votes_pct"": 67.930000, ""party"": ""R"" }, { ""name"": ""Bradley Robert Drenckhahn"", ""votes"": 110, ""votes_pct"": 32.070000, ""party"": ""DFL"" }, { ""name"": ""WRITE-IN"", ""votes"": 0, ""votes_pct"": 0, ""party"": ""WI"" } ]"
"250110","1","20",20A,Goodhue,Red Wing W-1 P-1,12.8571177628694,R,"7.66",-7.66,81.2779364141705,"1045","[ { ""name"": ""Steve Drazkowski"", ""votes"": 562, ""votes_pct"": 53.780000, ""party"": ""R"" }, { ""name"": ""Bradley Robert Drenckhahn"", ""votes"": 482, ""votes_pct"": 46.120000, ""party"": ""DFL"" }, { ""name"": ""WRITE-IN"", ""votes"": 1, ""votes_pct"": 0.100000, ""party"": ""WI"" } ]"
"250115","1","20",20A,Goodhue,Red Wing W-1 P-2,20.5640917834552,R,"8.26",-8.26,50.6222210522097,"1041","[ { ""name"": ""Steve Drazkowski"", ""votes"": 562, ""votes_pct"": 53.990000, ""party"": ""R"" }, { ""name"": ""Bradley Robert Drenckhahn"", ""votes"": 476, ""votes_pct"": 45.730000, ""party"": ""DFL"" }, { ""name"": ""WRITE-IN"", ""votes"": 3, ""votes_pct"": 0.290000, ""party"": ""WI"" } ]"
"250125","1","20",20A,Goodhue,Red Wing W-2 P-1,0.766499489325999,DFL,"12.24",12.24,1204.17562288478,"923","[ { ""name"": ""Bradley Robert Drenckhahn"", ""votes"": 516, ""votes_pct"": 55.900000, ""party"": ""DFL"" }, { ""name"": ""Steve Drazkowski"", ""votes"": 403, ""votes_pct"": 43.660000, ""party"": ""R"" }, { ""name"": ""WRITE-IN"", ""votes"": 4, ""votes_pct"": 0.430000, ""party"": ""WI"" } ]"
"250130","1","20",20A,Goodhue,Red Wing W-2 P-2,0.903145079379114,R,"6.19",-6.19,930.083127483212,"840","[ { ""name"": ""Steve Drazkowski"", ""votes"": 444, ""votes_pct"": 52.860000, ""party"": ""R"" }, { ""name"": ""Bradley Robert Drenckhahn"", ""votes"": 392, ""votes_pct"": 46.670000, ""party"": ""DFL"" }, { ""name"": ""WRITE-IN"", ""votes"": 4, ""votes_pct"": 0.480000, ""party"": ""WI"" } ]"
"250140","1","20",20A,Goodhue,Red Wing W-3 P-1,0.810156312503109,DFL,"16.76",16.76,1201.00280030376,"973","[ { ""name"": ""Bradley Robert Drenckhahn"", ""votes"": 568, ""votes_pct"": 58.380000, ""party"": ""DFL"" }, { ""name"": ""Steve Drazkowski"", ""votes"": 405, ""votes_pct"": 41.620000, ""party"": ""R"" }, { ""name"": ""WRITE-IN"", ""votes"": 0, ""votes_pct"": 0, ""party"": ""WI"" } ]"
"250145","1","20",20A,Goodhue,Red Wing W-3 P-2,0.998066720828034,R,"3.70",-3.7,865.673588718791,"864","[ { ""name"": ""Steve Drazkowski"", ""votes"": 445, ""votes_pct"": 51.500000, ""party"": ""R"" }, { ""name"": ""Bradley Robert Drenckhahn"", ""votes"": 413, ""votes_pct"": 47.800000, ""party"": ""DFL"" }, { ""name"": ""WRITE-IN"", ""votes"": 6, ""votes_pct"": 0.690000, ""party"": ""WI"" } ]"
"250155","1","20",20A,Goodhue,Red Wing W-4 P-1,1.98787452476441,DFL,"24.63",24.63,373.766045464089,"743","[ { ""name"": ""Bradley Robert Drenckhahn"", ""votes"": 461, ""votes_pct"": 62.050000, ""party"": ""DFL"" }, { ""name"": ""Steve Drazkowski"", ""votes"": 278, ""votes_pct"": 37.420000, ""party"": ""R"" }, { ""name"": ""WRITE-IN"", ""votes"": 4, ""votes_pct"": 0.540000, ""party"": ""WI"" } ]"
"250160","1","20",20A,Goodhue,Red Wing W-4 P-2,2.53365564156962,DFL,"9.62",9.62,303.908703048129,"770","[ { ""name"": ""Bradley Robert Drenckhahn"", ""votes"": 422, ""votes_pct"": 54.810000, ""party"": ""DFL"" }, { ""name"": ""Steve Drazkowski"", ""votes"": 348, ""votes_pct"": 45.190000, ""party"": ""R"" }, { ""name"": ""WRITE-IN"", ""votes"": 0, ""votes_pct"": 0, ""party"": ""WI"" } ]"
"250170","1","20",20B,Goodhue,Roscoe Twp,35.7519809657825,R,"47.90",-47.9,12.0273055753622,"430","[ { ""name"": ""Steve Drazkowski"", ""votes"": 318, ""votes_pct"": 73.950000, ""party"": ""R"" }, { ""name"": ""Bradley Robert Drenckhahn"", ""votes"": 112, ""votes_pct"": 26.050000, ""party"": ""DFL"" }, { ""name"": ""WRITE-IN"", ""votes"": 0, ""votes_pct"": 0, ""party"": ""WI"" } ]"
"250175","1","58",58B,Goodhue,Stanton Twp,23.9225636042851,R,"17.46",-17.46,27.7562225764576,"664","[ { ""name"": ""Bill Lieske"", ""votes"": 390, ""votes_pct"": 58.730000, ""party"": ""R"" }, { ""name"": ""Clarice Grabau"", ""votes"": 274, ""votes_pct"": 41.270000, ""party"": ""DFL"" }, { ""name"": ""WRITE-IN"", ""votes"": 0, ""votes_pct"": 0, ""party"": ""WI"" } ]"
"250180","1","20",20A,Goodhue,Vasa Twp,41.0255750226465,R,"32.03",-32.03,12.4068949604979,"509","[ { ""name"": ""Steve Drazkowski"", ""votes"": 335, ""votes_pct"": 65.820000, ""party"": ""R"" }, { ""name"": ""Bradley Robert Drenckhahn"", ""votes"": 172, ""votes_pct"": 33.790000, ""party"": ""DFL"" }, { ""name"": ""WRITE-IN"", ""votes"": 2, ""votes_pct"": 0.390000, ""party"": ""WI"" } ]"
"250185","1","20",20A,Goodhue,Wacouta Twp,9.68413740573708,DFL,"3.93",3.93,26.228458907401,"254","[ { ""name"": ""Bradley Robert Drenckhahn"", ""votes"": 128, ""votes_pct"": 50.390000, ""party"": ""DFL"" }, { ""name"": ""Steve Drazkowski"", ""votes"": 118, ""votes_pct"": 46.460000, ""party"": ""R"" }, { ""name"": ""WRITE-IN"", ""votes"": 8, ""votes_pct"": 3.150000, ""party"": ""WI"" } ]"
"250190","1","19",19A,Goodhue,Wanamingo,1.4341406195954,R,"47.89",-47.89,380.018522977026,"545","[ { ""name"": ""John R. Jasinski"", ""votes"": 403, ""votes_pct"": 73.940000, ""party"": ""R"" }, { ""name"": ""Kate E. Falvey"", ""votes"": 142, ""votes_pct"": 26.050000, ""party"": ""DFL"" }, { ""name"": ""WRITE-IN"", ""votes"": 0, ""votes_pct"": 0, ""party"": ""WI"" } ]"
"250195","1","19",19A,Goodhue,Wanamingo Twp,37.5967979138209,R,"63.60",-63.6,6.64950245425284,"250","[ { ""name"": ""John R. Jasinski"", ""votes"": 204, ""votes_pct"": 81.600000, ""party"": ""R"" }, { ""name"": ""Kate E. Falvey"", ""votes"": 45, ""votes_pct"": 18, ""party"": ""DFL"" }, { ""name"": ""WRITE-IN"", ""votes"": 1, ""votes_pct"": 0.400000, ""party"": ""WI"" } ]"
"250200","1","58",58B,Goodhue,Warsaw Twp,34.3739441142068,R,"21.04",-21.04,10.6475997861628,"366","[ { ""name"": ""Bill Lieske"", ""votes"": 221, ""votes_pct"": 60.380000, ""party"": ""R"" }, { ""name"": ""Clarice Grabau"", ""votes"": 144, ""votes_pct"": 39.340000, ""party"": ""DFL"" }, { ""name"": ""WRITE-IN"", ""votes"": 1, ""votes_pct"": 0.270000, ""party"": ""WI"" } ]"
"250205","1","20",20A,Goodhue,Welch Twp,42.8344136925705,R,"20.58",-20.58,9.7585087308549,"418","[ { ""name"": ""Steve Drazkowski"", ""votes"": 252, ""votes_pct"": 60.290000, ""party"": ""R"" }, { ""name"": ""Bradley Robert Drenckhahn"", ""votes"": 166, ""votes_pct"": 39.710000, ""party"": ""DFL"" }, { ""name"": ""WRITE-IN"", ""votes"": 0, ""votes_pct"": 0, ""party"": ""WI"" } ]"
"250210","1","20",20B,Goodhue,Zumbrota P-1,0.901677553479846,R,"16.23",-16.23,888.344172380358,"801","[ { ""name"": ""Steve Drazkowski"", ""votes"": 465, ""votes_pct"": 58.050000, ""party"": ""R"" }, { ""name"": ""Bradley Robert Drenckhahn"", ""votes"": 335, ""votes_pct"": 41.820000, ""party"": ""DFL"" }, { ""name"": ""WRITE-IN"", ""votes"": 1, ""votes_pct"": 0.120000, ""party"": ""WI"" } ]"
"250215","1","20",20B,Goodhue,Zumbrota P-2,1.93772913088669,R,"16.44",-16.44,511.423389473701,"991","[ { ""name"": ""Steve Drazkowski"", ""votes"": 577, ""votes_pct"": 58.220000, ""party"": ""R"" }, { ""name"": ""Bradley Robert Drenckhahn"", ""votes"": 414, ""votes_pct"": 41.780000, ""party"": ""DFL"" }, { ""name"": ""WRITE-IN"", ""votes"": 0, ""votes_pct"": 0, ""party"": ""WI"" } ]"
"250220","1","20",20B,Goodhue,Zumbrota Twp,34.8006782789008,R,"43.10",-43.1,10.2009506008747,"355","[ { ""name"": ""Steve Drazkowski"", ""votes"": 254, ""votes_pct"": 71.550000, ""party"": ""R"" }, { ""name"": ""Bradley Robert Drenckhahn"", ""votes"": 101, ""votes_pct"": 28.450000, ""party"": ""DFL"" }, { ""name"": ""WRITE-IN"", ""votes"": 0, ""votes_pct"": 0, ""party"": ""WI"" } ]"
"260005","7","9",9A,Grant,Ashby,0.581486221273815,R,"4.81",-4.81,357.704090639244,"208","[ { ""name"": ""Jordan Rasmusson"", ""votes"": 91, ""votes_pct"": 43.750000, ""party"": ""R"" }, { ""name"": ""Cornel Walker"", ""votes"": 81, ""votes_pct"": 38.940000, ""party"": ""DFL"" }, { ""name"": ""WRITE-IN"", ""votes"": 36, ""votes_pct"": 17.310000, ""party"": ""WI"" } ]"
"260010","7","9",9A,Grant,Barrett,2.10768830311654,R,"14.57",-14.57,71.6424718857734,"151","[ { ""name"": ""Jordan Rasmusson"", ""votes"": 78, ""votes_pct"": 51.660000, ""party"": ""R"" }, { ""name"": ""Cornel Walker"", ""votes"": 56, ""votes_pct"": 37.090000, ""party"": ""DFL"" }, { ""name"": ""WRITE-IN"", ""votes"": 17, ""votes_pct"": 11.260000, ""party"": ""WI"" } ]"
"260015","7","9",9A,Grant,Delaware Twp,36.2620084361406,DFL,"10.00",10,1.37885357585895,"50","[ { ""name"": ""Cornel Walker"", ""votes"": 24, ""votes_pct"": 48, ""party"": ""DFL"" }, { ""name"": ""Jordan Rasmusson"", ""votes"": 19, ""votes_pct"": 38, ""party"": ""R"" }, { ""name"": ""WRITE-IN"", ""votes"": 7, ""votes_pct"": 14, ""party"": ""WI"" } ]"
"260020","7","9",9A,Grant,Elbow Lake,1.69463884246757,R,"7.36",-7.36,304.489657069733,"516","[ { ""name"": ""Jordan Rasmusson"", ""votes"": 232, ""votes_pct"": 44.960000, ""party"": ""R"" }, { ""name"": ""Cornel Walker"", ""votes"": 194, ""votes_pct"": 37.600000, ""party"": ""DFL"" }, { ""name"": ""WRITE-IN"", ""votes"": 90, ""votes_pct"": 17.440000, ""party"": ""WI"" } ]"
"260025","7","9",9A,Grant,Elbow Lake Twp,35.876538786128,R,"40.00",-40,2.09050266657829,"75","[ { ""name"": ""Jordan Rasmusson"", ""votes"": 47, ""votes_pct"": 62.670000, ""party"": ""R"" }, { ""name"": ""Cornel Walker"", ""votes"": 17, ""votes_pct"": 22.670000, ""party"": ""DFL"" }, { ""name"": ""WRITE-IN"", ""votes"": 11, ""votes_pct"": 14.670000, ""party"": ""WI"" } ]"
"260030","7","9",9A,Grant,Elk Lake Twp,35.3802331798859,R,"37.50",-37.5,5.4267590330398,"192","[ { ""name"": ""Jordan Rasmusson"", ""votes"": 121, ""votes_pct"": 63.020000, ""party"": ""R"" }, { ""name"": ""Cornel Walker"", ""votes"": 49, ""votes_pct"": 25.520000, ""party"": ""DFL"" }, { ""name"": ""WRITE-IN"", ""votes"": 22, ""votes_pct"": 11.460000, ""party"": ""WI"" } ]"
"260035","7","9",9A,Grant,Erdahl Twp,35.8854522917319,R,"7.35",-7.35,6.82727914387883,"245","[ { ""name"": ""Jordan Rasmusson"", ""votes"": 111, ""votes_pct"": 45.310000, ""party"": ""R"" }, { ""name"": ""Cornel Walker"", ""votes"": 93, ""votes_pct"": 37.960000, ""party"": ""DFL"" }, { ""name"": ""WRITE-IN"", ""votes"": 41, ""votes_pct"": 16.730000, ""party"": ""WI"" } ]"
"260040","7","9",9A,Grant,Gorton Twp,34.6074624872519,R,"47.06",-47.06,0.982447066511285,"34","[ { ""name"": ""Jordan Rasmusson"", ""votes"": 24, ""votes_pct"": 70.590000, ""party"": ""R"" }, { ""name"": ""Cornel Walker"", ""votes"": 8, ""votes_pct"": 23.530000, ""party"": ""DFL"" }, { ""name"": ""WRITE-IN"", ""votes"": 2, ""votes_pct"": 5.880000, ""party"": ""WI"" } ]"
"260045","7","9",9A,Grant,Herman,1.10937273751804,R,"6.25",-6.25,144.225646249395,"160","[ { ""name"": ""Jordan Rasmusson"", ""votes"": 73, ""votes_pct"": 45.630000, ""party"": ""R"" }, { ""name"": ""Cornel Walker"", ""votes"": 63, ""votes_pct"": 39.380000, ""party"": ""DFL"" }, { ""name"": ""WRITE-IN"", ""votes"": 24, ""votes_pct"": 15, ""party"": ""WI"" } ]"
"260050","7","9",9A,Grant,Hoffman,2.06605283663622,R,"16.80",-16.8,115.195505061474,"238","[ { ""name"": ""Jordan Rasmusson"", ""votes"": 134, ""votes_pct"": 56.300000, ""party"": ""R"" }, { ""name"": ""Cornel Walker"", ""votes"": 94, ""votes_pct"": 39.500000, ""party"": ""DFL"" }, { ""name"": ""WRITE-IN"", ""votes"": 10, ""votes_pct"": 4.200000, ""party"": ""WI"" } ]"
"260055","7","9",9A,Grant,Land Twp,33.8306548735198,R,"37.98",-37.98,3.81310975156357,"129","[ { ""name"": ""Jordan Rasmusson"", ""votes"": 83, ""votes_pct"": 64.340000, ""party"": ""R"" }, { ""name"": ""Cornel Walker"", ""votes"": 34, ""votes_pct"": 26.360000, ""party"": ""DFL"" }, { ""name"": ""WRITE-IN"", ""votes"": 12, ""votes_pct"": 9.300000, ""party"": ""WI"" } ]"
"260060","7","9",9A,Grant,Lawrence Twp,35.8440119073808,R,"47.22",-47.22,1.00435185918982,"36","[ { ""name"": ""Jordan Rasmusson"", ""votes"": 25, ""votes_pct"": 69.440000, ""party"": ""R"" }, { ""name"": ""WRITE-IN"", ""votes"": 8, ""votes_pct"": 22.220000, ""party"": ""WI"" }, { ""name"": ""Cornel Walker"", ""votes"": 3, ""votes_pct"": 8.330000, ""party"": ""DFL"" } ]"
"260065","7","9",9A,Grant,Lien Twp,34.5056310737167,R,"32.10",-32.1,2.34744293842806,"81","[ { ""name"": ""Jordan Rasmusson"", ""votes"": 50, ""votes_pct"": 61.730000, ""party"": ""R"" }, { ""name"": ""Cornel Walker"", ""votes"": 24, ""votes_pct"": 29.630000, ""party"": ""DFL"" }, { ""name"": ""WRITE-IN"", ""votes"": 7, ""votes_pct"": 8.640000, ""party"": ""WI"" } ]"
"260070","7","9",9A,Grant,Logan Twp,34.8630026868852,R,"22.50",-22.5,1.1473481030665,"40","[ { ""name"": ""Jordan Rasmusson"", ""votes"": 23, ""votes_pct"": 57.500000, ""party"": ""R"" }, { ""name"": ""Cornel Walker"", ""votes"": 14, ""votes_pct"": 35, ""party"": ""DFL"" }, { ""name"": ""WRITE-IN"", ""votes"": 3, ""votes_pct"": 7.500000, ""party"": ""WI"" } ]"
"260075","7","9",9A,Grant,Macsville Twp,36.1545536991167,R,"10.29",-10.29,1.88081425554041,"68","[ { ""name"": ""Jordan Rasmusson"", ""votes"": 36, ""votes_pct"": 52.940000, ""party"": ""R"" }, { ""name"": ""Cornel Walker"", ""votes"": 29, ""votes_pct"": 42.650000, ""party"": ""DFL"" }, { ""name"": ""WRITE-IN"", ""votes"": 3, ""votes_pct"": 4.410000, ""party"": ""WI"" } ]"
"260080","7","9",9A,Grant,Norcross,1.56319101824757,R,"34.48",-34.48,18.5517954373296,"29","[ { ""name"": ""Jordan Rasmusson"", ""votes"": 17, ""votes_pct"": 58.620000, ""party"": ""R"" }, { ""name"": ""Cornel Walker"", ""votes"": 7, ""votes_pct"": 24.140000, ""party"": ""DFL"" }, { ""name"": ""WRITE-IN"", ""votes"": 5, ""votes_pct"": 17.240000, ""party"": ""WI"" } ]"
"260085","7","9",9A,Grant,North Ottawa Twp,35.9617375978403,R,"48.15",-48.15,0.750797981508587,"27","[ { ""name"": ""Jordan Rasmusson"", ""votes"": 18, ""votes_pct"": 66.670000, ""party"": ""R"" }, { ""name"": ""Cornel Walker"", ""votes"": 5, ""votes_pct"": 18.520000, ""party"": ""DFL"" }, { ""name"": ""WRITE-IN"", ""votes"": 4, ""votes_pct"": 14.810000, ""party"": ""WI"" } ]"
"260090","7","9",9A,Grant,Pelican Lake Twp,35.3656500165154,R,"20.86",-20.86,8.5393595157722,"302","[ { ""name"": ""Jordan Rasmusson"", ""votes"": 161, ""votes_pct"": 53.310000, ""party"": ""R"" }, { ""name"": ""Cornel Walker"", ""votes"": 98, ""votes_pct"": 32.450000, ""party"": ""DFL"" }, { ""name"": ""WRITE-IN"", ""votes"": 43, ""votes_pct"": 14.240000, ""party"": ""WI"" } ]"
"260095","7","9",9A,Grant,Pomme de Terre Twp,36.0074879041363,R,"31.32",-31.32,2.30507610586368,"83","[ { ""name"": ""Jordan Rasmusson"", ""votes"": 46, ""votes_pct"": 55.420000, ""party"": ""R"" }, { ""name"": ""WRITE-IN"", ""votes"": 20, ""votes_pct"": 24.100000, ""party"": ""WI"" }, { ""name"": ""Cornel Walker"", ""votes"": 17, ""votes_pct"": 20.480000, ""party"": ""DFL"" } ]"
"260100","7","9",9A,Grant,Roseville Twp,36.079196355671,R,"33.33",-33.33,1.66300821693799,"60","[ { ""name"": ""Jordan Rasmusson"", ""votes"": 35, ""votes_pct"": 58.330000, ""party"": ""R"" }, { ""name"": ""Cornel Walker"", ""votes"": 15, ""votes_pct"": 25, ""party"": ""DFL"" }, { ""name"": ""WRITE-IN"", ""votes"": 10, ""votes_pct"": 16.670000, ""party"": ""WI"" } ]"
"260105","7","9",9A,Grant,Sanford Twp,34.3022384103528,R,"8.75",-8.75,2.33220931657495,"80","[ { ""name"": ""Jordan Rasmusson"", ""votes"": 37, ""votes_pct"": 46.250000, ""party"": ""R"" }, { ""name"": ""Cornel Walker"", ""votes"": 30, ""votes_pct"": 37.500000, ""party"": ""DFL"" }, { ""name"": ""WRITE-IN"", ""votes"": 13, ""votes_pct"": 16.250000, ""party"": ""WI"" } ]"
"260110","7","9",9A,Grant,Stony Brook Twp,34.7012857711506,R,"28.36",-28.36,1.93076419248135,"67","[ { ""name"": ""Jordan Rasmusson"", ""votes"": 38, ""votes_pct"": 56.720000, ""party"": ""R"" }, { ""name"": ""Cornel Walker"", ""votes"": 19, ""votes_pct"": 28.360000, ""party"": ""DFL"" }, { ""name"": ""WRITE-IN"", ""votes"": 10, ""votes_pct"": 14.930000, ""party"": ""WI"" } ]"
"260115","7","9",9A,Grant,Wendell,0.994524377111694,R,"20.59",-20.59,68.3743923879334,"68","[ { ""name"": ""Jordan Rasmusson"", ""votes"": 34, ""votes_pct"": 50, ""party"": ""R"" }, { ""name"": ""Cornel Walker"", ""votes"": 20, ""votes_pct"": 29.410000, ""party"": ""DFL"" }, { ""name"": ""WRITE-IN"", ""votes"": 14, ""votes_pct"": 20.590000, ""party"": ""WI"" } ]"
"270005","3","51",51B,Hennepin,Bloomington W-01 P-01,1.96682568370903,DFL,"19.81",19.81,654.353871143772,"1287","[ { ""name"": ""Melissa Halvorson Wiklund"", ""votes"": 770, ""votes_pct"": 59.830000, ""party"": ""DFL"" }, { ""name"": ""Frank Pafko"", ""votes"": 515, ""votes_pct"": 40.020000, ""party"": ""R"" }, { ""name"": ""WRITE-IN"", ""votes"": 2, ""votes_pct"": 0.160000, ""party"": ""WI"" } ]"
"270010","3","51",51B,Hennepin,Bloomington W-01 P-02,1.46153924780678,DFL,"20.14",20.14,1070.1046874704,"1564","[ { ""name"": ""Melissa Halvorson Wiklund"", ""votes"": 939, ""votes_pct"": 60.040000, ""party"": ""DFL"" }, { ""name"": ""Frank Pafko"", ""votes"": 624, ""votes_pct"": 39.900000, ""party"": ""R"" }, { ""name"": ""WRITE-IN"", ""votes"": 1, ""votes_pct"": 0.060000, ""party"": ""WI"" } ]"
"270015","3","51",51B,Hennepin,Bloomington W-01 P-03,0.708490787929353,DFL,"28.80",28.8,1474.96624910838,"1045","[ { ""name"": ""Melissa Halvorson Wiklund"", ""votes"": 673, ""votes_pct"": 64.400000, ""party"": ""DFL"" }, { ""name"": ""Frank Pafko"", ""votes"": 372, ""votes_pct"": 35.600000, ""party"": ""R"" }, { ""name"": ""WRITE-IN"", ""votes"": 0, ""votes_pct"": 0, ""party"": ""WI"" } ]"
"270020","3","51",51B,Hennepin,Bloomington W-01 P-04,1.03162804255239,DFL,"37.40",37.4,1381.31181125549,"1425","[ { ""name"": ""Melissa Halvorson Wiklund"", ""votes"": 978, ""votes_pct"": 68.630000, ""party"": ""DFL"" }, { ""name"": ""Frank Pafko"", ""votes"": 445, ""votes_pct"": 31.230000, ""party"": ""R"" }, { ""name"": ""WRITE-IN"", ""votes"": 2, ""votes_pct"": 0.140000, ""party"": ""WI"" } ]"
"270025","3","51",51B,Hennepin,Bloomington W-01 P-05,1.61584405556359,DFL,"19.82",19.82,827.431332495551,"1337","[ { ""name"": ""Melissa Halvorson Wiklund"", ""votes"": 800, ""votes_pct"": 59.840000, ""party"": ""DFL"" }, { ""name"": ""Frank Pafko"", ""votes"": 535, ""votes_pct"": 40.020000, ""party"": ""R"" }, { ""name"": ""WRITE-IN"", ""votes"": 2, ""votes_pct"": 0.150000, ""party"": ""WI"" } ]"
"270030","3","50",50B,Hennepin,Bloomington W-01 P-06,0.880309003284711,DFL,"20.55",20.55,2023.15322614505,"1781","[ { ""name"": ""Alice Mann"", ""votes"": 1073, ""votes_pct"": 60.250000, ""party"": ""DFL"" }, { ""name"": ""Doug Fulton"", ""votes"": 707, ""votes_pct"": 39.700000, ""party"": ""R"" }, { ""name"": ""WRITE-IN"", ""votes"": 1, ""votes_pct"": 0.060000, ""party"": ""WI"" } ]"
"270035","3","50",50B,Hennepin,Bloomington W-01 P-07,0.713382910149195,DFL,"33.70",33.7,2279.28084184123,"1626","[ { ""name"": ""Alice Mann"", ""votes"": 1087, ""votes_pct"": 66.850000, ""party"": ""DFL"" }, { ""name"": ""Doug Fulton"", ""votes"": 539, ""votes_pct"": 33.150000, ""party"": ""R"" }, { ""name"": ""WRITE-IN"", ""votes"": 0, ""votes_pct"": 0, ""party"": ""WI"" } ]"
"270040","3","50",50B,Hennepin,Bloomington W-02 P-08,1.03266499278957,DFL,"25.88",25.88,1695.61281947785,"1751","[ { ""name"": ""Alice Mann"", ""votes"": 1102, ""votes_pct"": 62.940000, ""party"": ""DFL"" }, { ""name"": ""Doug Fulton"", ""votes"": 649, ""votes_pct"": 37.060000, ""party"": ""R"" }, { ""name"": ""WRITE-IN"", ""votes"": 0, ""votes_pct"": 0, ""party"": ""WI"" } ]"
"270045","3","50",50B,Hennepin,Bloomington W-02 P-09,0.845737595481636,DFL,"22.68",22.68,2017.17413192263,"1706","[ { ""name"": ""Alice Mann"", ""votes"": 1046, ""votes_pct"": 61.310000, ""party"": ""DFL"" }, { ""name"": ""Doug Fulton"", ""votes"": 659, ""votes_pct"": 38.630000, ""party"": ""R"" }, { ""name"": ""WRITE-IN"", ""votes"": 1, ""votes_pct"": 0.060000, ""party"": ""WI"" } ]"
"270050","3","50",50B,Hennepin,Bloomington W-02 P-10,2.76689772708792,DFL,"13.12",13.12,580.794867937283,"1607","[ { ""name"": ""Alice Mann"", ""votes"": 909, ""votes_pct"": 56.560000, ""party"": ""DFL"" }, { ""name"": ""Doug Fulton"", ""votes"": 698, ""votes_pct"": 43.440000, ""party"": ""R"" }, { ""name"": ""WRITE-IN"", ""votes"": 0, ""votes_pct"": 0, ""party"": ""WI"" } ]"
"270055","3","50",50B,Hennepin,Bloomington W-02 P-11,0.8605087336989,DFL,"28.54",28.54,1970.92711971642,"1696","[ { ""name"": ""Alice Mann"", ""votes"": 1090, ""votes_pct"": 64.270000, ""party"": ""DFL"" }, { ""name"": ""Doug Fulton"", ""votes"": 606, ""votes_pct"": 35.730000, ""party"": ""R"" }, { ""name"": ""WRITE-IN"", ""votes"": 0, ""votes_pct"": 0, ""party"": ""WI"" } ]"
"270060","3","50",50B,Hennepin,Bloomington W-02 P-12,2.22965352404309,DFL,"25.89",25.89,620.275744678111,"1383","[ { ""name"": ""Alice Mann"", ""votes"": 870, ""votes_pct"": 62.910000, ""party"": ""DFL"" }, { ""name"": ""Doug Fulton"", ""votes"": 512, ""votes_pct"": 37.020000, ""party"": ""R"" }, { ""name"": ""WRITE-IN"", ""votes"": 1, ""votes_pct"": 0.070000, ""party"": ""WI"" } ]"
"270065","3","50",50B,Hennepin,Bloomington W-02 P-13,0.690453026847441,DFL,"25.73",25.73,1530.87894309941,"1057","[ { ""name"": ""Alice Mann"", ""votes"": 664, ""votes_pct"": 62.820000, ""party"": ""DFL"" }, { ""name"": ""Doug Fulton"", ""votes"": 392, ""votes_pct"": 37.090000, ""party"": ""R"" }, { ""name"": ""WRITE-IN"", ""votes"": 1, ""votes_pct"": 0.090000, ""party"": ""WI"" } ]"
"270070","3","50",50B,Hennepin,Bloomington W-02 P-14,0.857689204093722,DFL,"14.20",14.2,1690.58907711465,"1450","[ { ""name"": ""Alice Mann"", ""votes"": 828, ""votes_pct"": 57.100000, ""party"": ""DFL"" }, { ""name"": ""Doug Fulton"", ""votes"": 622, ""votes_pct"": 42.900000, ""party"": ""R"" }, { ""name"": ""WRITE-IN"", ""votes"": 0, ""votes_pct"": 0, ""party"": ""WI"" } ]"
"270075","3","50",50B,Hennepin,Bloomington W-02 P-15,0.713971609676325,DFL,"24.93",24.93,1628.91631016987,"1163","[ { ""name"": ""Alice Mann"", ""votes"": 726, ""votes_pct"": 62.420000, ""party"": ""DFL"" }, { ""name"": ""Doug Fulton"", ""votes"": 436, ""votes_pct"": 37.490000, ""party"": ""R"" }, { ""name"": ""WRITE-IN"", ""votes"": 1, ""votes_pct"": 0.090000, ""party"": ""WI"" } ]"
"270080","3","50",50B,Hennepin,Bloomington W-03 P-16,1.62952691913554,DFL,"28.77",28.77,846.871557502151,"1380","[ { ""name"": ""Alice Mann"", ""votes"": 888, ""votes_pct"": 64.350000, ""party"": ""DFL"" }, { ""name"": ""Doug Fulton"", ""votes"": 491, ""votes_pct"": 35.580000, ""party"": ""R"" }, { ""name"": ""WRITE-IN"", ""votes"": 1, ""votes_pct"": 0.070000, ""party"": ""WI"" } ]"
"270085","3","50",50B,Hennepin,Bloomington W-03 P-17,0.990771525895437,DFL,"28.47",28.47,1113.2738186063,"1103","[ { ""name"": ""Alice Mann"", ""votes"": 708, ""votes_pct"": 64.190000, ""party"": ""DFL"" }, { ""name"": ""Doug Fulton"", ""votes"": 394, ""votes_pct"": 35.720000, ""party"": ""R"" }, { ""name"": ""WRITE-IN"", ""votes"": 1, ""votes_pct"": 0.090000, ""party"": ""WI"" } ]"
"270090","3","50",50A,Hennepin,Bloomington W-03 P-18,1.13012973218574,DFL,"30.96",30.96,1071.55839326327,"1211","[ { ""name"": ""Alice Mann"", ""votes"": 793, ""votes_pct"": 65.480000, ""party"": ""DFL"" }, { ""name"": ""Doug Fulton"", ""votes"": 418, ""votes_pct"": 34.520000, ""party"": ""R"" }, { ""name"": ""WRITE-IN"", ""votes"": 0, ""votes_pct"": 0, ""party"": ""WI"" } ]"
"270095","3","50",50B,Hennepin,Bloomington W-03 P-19,1.74087624219538,DFL,"25.44",25.44,1032.23879816629,"1797","[ { ""name"": ""Alice Mann"", ""votes"": 1127, ""votes_pct"": 62.720000, ""party"": ""DFL"" }, { ""name"": ""Doug Fulton"", ""votes"": 670, ""votes_pct"": 37.280000, ""party"": ""R"" }, { ""name"": ""WRITE-IN"", ""votes"": 0, ""votes_pct"": 0, ""party"": ""WI"" } ]"
"270100","3","50",50B,Hennepin,Bloomington W-03 P-20,1.84483919587711,DFL,"18.26",18.26,1068.92785257765,"1972","[ { ""name"": ""Alice Mann"", ""votes"": 1165, ""votes_pct"": 59.080000, ""party"": ""DFL"" }, { ""name"": ""Doug Fulton"", ""votes"": 805, ""votes_pct"": 40.820000, ""party"": ""R"" }, { ""name"": ""WRITE-IN"", ""votes"": 2, ""votes_pct"": 0.100000, ""party"": ""WI"" } ]"
"270105","3","50",50B,Hennepin,Bloomington W-03 P-21,0.849328536110769,DFL,"30.99",30.99,1629.52254770291,"1384","[ { ""name"": ""Alice Mann"", ""votes"": 906, ""votes_pct"": 65.460000, ""party"": ""DFL"" }, { ""name"": ""Doug Fulton"", ""votes"": 477, ""votes_pct"": 34.470000, ""party"": ""R"" }, { ""name"": ""WRITE-IN"", ""votes"": 1, ""votes_pct"": 0.070000, ""party"": ""WI"" } ]"
"270110","3","50",50A,Hennepin,Bloomington W-03 P-22,0.710084023212564,DFL,"30.70",30.7,1536.4378923273,"1091","[ { ""name"": ""Alice Mann"", ""votes"": 713, ""votes_pct"": 65.350000, ""party"": ""DFL"" }, { ""name"": ""Doug Fulton"", ""votes"": 378, ""votes_pct"": 34.650000, ""party"": ""R"" }, { ""name"": ""WRITE-IN"", ""votes"": 0, ""votes_pct"": 0, ""party"": ""WI"" } ]"
"270115","3","51",51B,Hennepin,Bloomington W-03 P-23,1.44432129285487,DFL,"33.76",33.76,863.381303155311,"1247","[ { ""name"": ""Melissa Halvorson Wiklund"", ""votes"": 834, ""votes_pct"": 66.880000, ""party"": ""DFL"" }, { ""name"": ""Frank Pafko"", ""votes"": 413, ""votes_pct"": 33.120000, ""party"": ""R"" }, { ""name"": ""WRITE-IN"", ""votes"": 0, ""votes_pct"": 0, ""party"": ""WI"" } ]"
"270120","3","51",51B,Hennepin,Bloomington W-03 P-24,0.689232532913496,DFL,"38.35",38.35,1301.44756256388,"897","[ { ""name"": ""Melissa Halvorson Wiklund"", ""votes"": 620, ""votes_pct"": 69.120000, ""party"": ""DFL"" }, { ""name"": ""Frank Pafko"", ""votes"": 276, ""votes_pct"": 30.770000, ""party"": ""R"" }, { ""name"": ""WRITE-IN"", ""votes"": 1, ""votes_pct"": 0.110000, ""party"": ""WI"" } ]"
"270125","3","51",51B,Hennepin,Bloomington W-04 P-25,0.810312115104063,DFL,"35.70",35.7,1009.4875601051,"818","[ { ""name"": ""Melissa Halvorson Wiklund"", ""votes"": 554, ""votes_pct"": 67.730000, ""party"": ""DFL"" }, { ""name"": ""Frank Pafko"", ""votes"": 262, ""votes_pct"": 32.030000, ""party"": ""R"" }, { ""name"": ""WRITE-IN"", ""votes"": 2, ""votes_pct"": 0.240000, ""party"": ""WI"" } ]"
"270130","3","51",51B,Hennepin,Bloomington W-04 P-26,0.720148492464687,DFL,"27.52",27.52,1887.11080314681,"1359","[ { ""name"": ""Melissa Halvorson Wiklund"", ""votes"": 866, ""votes_pct"": 63.720000, ""party"": ""DFL"" }, { ""name"": ""Frank Pafko"", ""votes"": 492, ""votes_pct"": 36.200000, ""party"": ""R"" }, { ""name"": ""WRITE-IN"", ""votes"": 1, ""votes_pct"": 0.070000, ""party"": ""WI"" } ]"
"270135","3","51",51B,Hennepin,Bloomington W-04 P-27,0.897837839817633,DFL,"19.72",19.72,1146.08669223499,"1029","[ { ""name"": ""Melissa Halvorson Wiklund"", ""votes"": 616, ""votes_pct"": 59.860000, ""party"": ""DFL"" }, { ""name"": ""Frank Pafko"", ""votes"": 413, ""votes_pct"": 40.140000, ""party"": ""R"" }, { ""name"": ""WRITE-IN"", ""votes"": 0, ""votes_pct"": 0, ""party"": ""WI"" } ]"
"270140","3","51",51B,Hennepin,Bloomington W-04 P-28,0.955893529920186,DFL,"33.48",33.48,1199.92443101458,"1147","[ { ""name"": ""Melissa Halvorson Wiklund"", ""votes"": 765, ""votes_pct"": 66.700000, ""party"": ""DFL"" }, { ""name"": ""Frank Pafko"", ""votes"": 381, ""votes_pct"": 33.220000, ""party"": ""R"" }, { ""name"": ""WRITE-IN"", ""votes"": 1, ""votes_pct"": 0.090000, ""party"": ""WI"" } ]"
"270145","3","51",51B,Hennepin,Bloomington W-04 P-29,0.92363200837479,DFL,"40.09",40.09,1196.36390898183,"1105","[ { ""name"": ""Melissa Halvorson Wiklund"", ""votes"": 773, ""votes_pct"": 69.950000, ""party"": ""DFL"" }, { ""name"": ""Frank Pafko"", ""votes"": 330, ""votes_pct"": 29.860000, ""party"": ""R"" }, { ""name"": ""WRITE-IN"", ""votes"": 2, ""votes_pct"": 0.180000, ""party"": ""WI"" } ]"
"270150","3","51",51B,Hennepin,Bloomington W-04 P-30,0.797912390847429,DFL,"28.12",28.12,1426.22174195262,"1138","[ { ""name"": ""Melissa Halvorson Wiklund"", ""votes"": 729, ""votes_pct"": 64.060000, ""party"": ""DFL"" }, { ""name"": ""Frank Pafko"", ""votes"": 409, ""votes_pct"": 35.940000, ""party"": ""R"" }, { ""name"": ""WRITE-IN"", ""votes"": 0, ""votes_pct"": 0, ""party"": ""WI"" } ]"
"270155","3","51",51B,Hennepin,Bloomington W-04 P-31,3.79804569957212,DFL,"35.06",35.06,244.072892567994,"927","[ { ""name"": ""Melissa Halvorson Wiklund"", ""votes"": 625, ""votes_pct"": 67.420000, ""party"": ""DFL"" }, { ""name"": ""Frank Pafko"", ""votes"": 300, ""votes_pct"": 32.360000, ""party"": ""R"" }, { ""name"": ""WRITE-IN"", ""votes"": 2, ""votes_pct"": 0.220000, ""party"": ""WI"" } ]"
"270200","5","38",38B,Hennepin,Brooklyn Center P-01,1.11660574013832,DFL,"43.92",43.92,1164.24262680126,"1300","[ { ""name"": ""Susan Pha"", ""votes"": 883, ""votes_pct"": 67.920000, ""party"": ""DFL"" }, { ""name"": ""Brad Kohler"", ""votes"": 312, ""votes_pct"": 24, ""party"": ""R"" }, { ""name"": ""Mary O'Connor"", ""votes"": 102, ""votes_pct"": 7.850000, ""party"": ""LMN"" }, { ""name"": ""WRITE-IN"", ""votes"": 3, ""votes_pct"": 0.230000, ""party"": ""WI"" } ]"
"270205","5","38",38B,Hennepin,Brooklyn Center P-02,1.67422031523361,DFL,"48.79",48.79,592.514611711412,"992","[ { ""name"": ""Susan Pha"", ""votes"": 694, ""votes_pct"": 69.960000, ""party"": ""DFL"" }, { ""name"": ""Brad Kohler"", ""votes"": 210, ""votes_pct"": 21.170000, ""party"": ""R"" }, { ""name"": ""Mary O'Connor"", ""votes"": 87, ""votes_pct"": 8.770000, ""party"": ""LMN"" }, { ""name"": ""WRITE-IN"", ""votes"": 1, ""votes_pct"": 0.100000, ""party"": ""WI"" } ]"
"270210","5","38",38B,Hennepin,Brooklyn Center P-03,1.33812287387193,DFL,"33.26",33.26,997.66622786823,"1335","[ { ""name"": ""Susan Pha"", ""votes"": 838, ""votes_pct"": 62.770000, ""party"": ""DFL"" }, { ""name"": ""Brad Kohler"", ""votes"": 394, ""votes_pct"": 29.510000, ""party"": ""R"" }, { ""name"": ""Mary O'Connor"", ""votes"": 99, ""votes_pct"": 7.420000, ""party"": ""LMN"" }, { ""name"": ""WRITE-IN"", ""votes"": 4, ""votes_pct"": 0.300000, ""party"": ""WI"" } ]"
"270215","5","38",38B,Hennepin,Brooklyn Center P-04,1.04198006703434,DFL,"39.76",39.76,1368.54825261548,"1426","[ { ""name"": ""Susan Pha"", ""votes"": 937, ""votes_pct"": 65.710000, ""party"": ""DFL"" }, { ""name"": ""Brad Kohler"", ""votes"": 370, ""votes_pct"": 25.950000, ""party"": ""R"" }, { ""name"": ""Mary O'Connor"", ""votes"": 117, ""votes_pct"": 8.200000, ""party"": ""LMN"" }, { ""name"": ""WRITE-IN"", ""votes"": 2, ""votes_pct"": 0.140000, ""party"": ""WI"" } ]"
"270220","5","38",38B,Hennepin,Brooklyn Center P-05,1.25928580047742,DFL,"30.92",30.92,1271.35555677117,"1601","[ { ""name"": ""Susan Pha"", ""votes"": 982, ""votes_pct"": 61.340000, ""party"": ""DFL"" }, { ""name"": ""Brad Kohler"", ""votes"": 487, ""votes_pct"": 30.420000, ""party"": ""R"" }, { ""name"": ""Mary O'Connor"", ""votes"": 132, ""votes_pct"": 8.240000, ""party"": ""LMN"" }, { ""name"": ""WRITE-IN"", ""votes"": 0, ""votes_pct"": 0, ""party"": ""WI"" } ]"
"270225","5","38",38B,Hennepin,Brooklyn Center P-06,1.92941196777143,DFL,"40.24",40.24,889.908442924827,"1717","[ { ""name"": ""Susan Pha"", ""votes"": 1113, ""votes_pct"": 64.820000, ""party"": ""DFL"" }, { ""name"": ""Brad Kohler"", ""votes"": 422, ""votes_pct"": 24.580000, ""party"": ""R"" }, { ""name"": ""Mary O'Connor"", ""votes"": 174, ""votes_pct"": 10.130000, ""party"": ""LMN"" }, { ""name"": ""WRITE-IN"", ""votes"": 8, ""votes_pct"": 0.470000, ""party"": ""WI"" } ]"
"270300","3","38",38A,Hennepin,Brooklyn Park W-C P-01,0.424757848064121,DFL,"38.52",38.52,1436.11237033086,"610","[ { ""name"": ""Susan Pha"", ""votes"": 397, ""votes_pct"": 65.080000, ""party"": ""DFL"" }, { ""name"": ""Brad Kohler"", ""votes"": 162, ""votes_pct"": 26.560000, ""party"": ""R"" }, { ""name"": ""Mary O'Connor"", ""votes"": 51, ""votes_pct"": 8.360000, ""party"": ""LMN"" }, { ""name"": ""WRITE-IN"", ""votes"": 0, ""votes_pct"": 0, ""party"": ""WI"" } ]"
"270305","3","38",38A,Hennepin,Brooklyn Park W-C P-02,0.614535279676461,DFL,"40.36",40.36,1451.5033221032,"892","[ { ""name"": ""Susan Pha"", ""votes"": 592, ""votes_pct"": 66.370000, ""party"": ""DFL"" }, { ""name"": ""Brad Kohler"", ""votes"": 232, ""votes_pct"": 26.010000, ""party"": ""R"" }, { ""name"": ""Mary O'Connor"", ""votes"": 68, ""votes_pct"": 7.620000, ""party"": ""LMN"" }, { ""name"": ""WRITE-IN"", ""votes"": 0, ""votes_pct"": 0, ""party"": ""WI"" } ]"
"270310","3","34",34B,Hennepin,Brooklyn Park W-C P-03,0.712002981042639,DFL,"50.39",50.39,1073.0292152446,"764","[ { ""name"": ""John Hoffman"", ""votes"": 574, ""votes_pct"": 75.130000, ""party"": ""DFL"" }, { ""name"": ""Karen Attia"", ""votes"": 189, ""votes_pct"": 24.740000, ""party"": ""R"" }, { ""name"": ""WRITE-IN"", ""votes"": 1, ""votes_pct"": 0.130000, ""party"": ""WI"" } ]"
"270315","3","38",38A,Hennepin,Brooklyn Park W-C P-04,0.973515166931736,DFL,"32.31",32.31,1513.07349904215,"1473","[ { ""name"": ""Susan Pha"", ""votes"": 937, ""votes_pct"": 63.610000, ""party"": ""DFL"" }, { ""name"": ""Brad Kohler"", ""votes"": 461, ""votes_pct"": 31.300000, ""party"": ""R"" }, { ""name"": ""Mary O'Connor"", ""votes"": 74, ""votes_pct"": 5.020000, ""party"": ""LMN"" }, { ""name"": ""WRITE-IN"", ""votes"": 1, ""votes_pct"": 0.070000, ""party"": ""WI"" } ]"
"270320","3","38",38A,Hennepin,Brooklyn Park W-C P-05,0.85196066514273,DFL,"28.22",28.22,1672.61243189117,"1425","[ { ""name"": ""Susan Pha"", ""votes"": 884, ""votes_pct"": 62.040000, ""party"": ""DFL"" }, { ""name"": ""Brad Kohler"", ""votes"": 482, ""votes_pct"": 33.820000, ""party"": ""R"" }, { ""name"": ""Mary O'Connor"", ""votes"": 57, ""votes_pct"": 4, ""party"": ""LMN"" }, { ""name"": ""WRITE-IN"", ""votes"": 2, ""votes_pct"": 0.140000, ""party"": ""WI"" } ]"
"270325","3","34",34B,Hennepin,Brooklyn Park W-C P-06,0.642620273460165,DFL,"24.76",24.76,1609.03731597583,"1034","[ { ""name"": ""John Hoffman"", ""votes"": 644, ""votes_pct"": 62.280000, ""party"": ""DFL"" }, { ""name"": ""Karen Attia"", ""votes"": 388, ""votes_pct"": 37.520000, ""party"": ""R"" }, { ""name"": ""WRITE-IN"", ""votes"": 2, ""votes_pct"": 0.190000, ""party"": ""WI"" } ]"
"270330","3","34",34B,Hennepin,Brooklyn Park W-C P-07,1.57076100360422,DFL,"34.04",34.04,1258.62559324024,"1977","[ { ""name"": ""John Hoffman"", ""votes"": 1325, ""votes_pct"": 67.020000, ""party"": ""DFL"" }, { ""name"": ""Karen Attia"", ""votes"": 652, ""votes_pct"": 32.980000, ""party"": ""R"" }, { ""name"": ""WRITE-IN"", ""votes"": 0, ""votes_pct"": 0, ""party"": ""WI"" } ]"
"270335","3","34",34B,Hennepin,Brooklyn Park W-C P-08,1.0400465408752,DFL,"29.14",29.14,1617.23531966617,"1682","[ { ""name"": ""John Hoffman"", ""votes"": 1086, ""votes_pct"": 64.570000, ""party"": ""DFL"" }, { ""name"": ""Karen Attia"", ""votes"": 596, ""votes_pct"": 35.430000, ""party"": ""R"" }, { ""name"": ""WRITE-IN"", ""votes"": 0, ""votes_pct"": 0, ""party"": ""WI"" } ]"
"270340","3","38",38B,Hennepin,Brooklyn Park W-E P-01,0.496490069887812,DFL,"54.17",54.17,1208.48338444227,"600","[ { ""name"": ""Susan Pha"", ""votes"": 444, ""votes_pct"": 74, ""party"": ""DFL"" }, { ""name"": ""Brad Kohler"", ""votes"": 119, ""votes_pct"": 19.830000, ""party"": ""R"" }, { ""name"": ""Mary O'Connor"", ""votes"": 36, ""votes_pct"": 6, ""party"": ""LMN"" }, { ""name"": ""WRITE-IN"", ""votes"": 1, ""votes_pct"": 0.170000, ""party"": ""WI"" } ]"
"270345","3","38",38B,Hennepin,Brooklyn Park W-E P-02,0.949282977260475,DFL,"38.64",38.64,1131.38023721804,"1074","[ { ""name"": ""Susan Pha"", ""votes"": 714, ""votes_pct"": 66.480000, ""party"": ""DFL"" }, { ""name"": ""Brad Kohler"", ""votes"": 299, ""votes_pct"": 27.840000, ""party"": ""R"" }, { ""name"": ""Mary O'Connor"", ""votes"": 60, ""votes_pct"": 5.590000, ""party"": ""LMN"" }, { ""name"": ""WRITE-IN"", ""votes"": 1, ""votes_pct"": 0.090000, ""party"": ""WI"" } ]"
"270350","3","38",38B,Hennepin,Brooklyn Park W-E P-03,0.613108798018002,DFL,"40.47",40.47,1120.5189066294,"687","[ { ""name"": ""Susan Pha"", ""votes"": 460, ""votes_pct"": 66.960000, ""party"": ""DFL"" }, { ""name"": ""Brad Kohler"", ""votes"": 182, ""votes_pct"": 26.490000, ""party"": ""R"" }, { ""name"": ""Mary O'Connor"", ""votes"": 45, ""votes_pct"": 6.550000, ""party"": ""LMN"" }, { ""name"": ""WRITE-IN"", ""votes"": 0, ""votes_pct"": 0, ""party"": ""WI"" } ]"
"270355","3","34",34B,Hennepin,Brooklyn Park W-E P-04,0.494638663835745,DFL,"38.35",38.35,1570.84364164872,"777","[ { ""name"": ""John Hoffman"", ""votes"": 537, ""votes_pct"": 69.110000, ""party"": ""DFL"" }, { ""name"": ""Karen Attia"", ""votes"": 239, ""votes_pct"": 30.760000, ""party"": ""R"" }, { ""name"": ""WRITE-IN"", ""votes"": 1, ""votes_pct"": 0.130000, ""party"": ""WI"" } ]"
"270360","3","34",34B,Hennepin,Brooklyn Park W-E P-05,0.460978915522554,DFL,"42.37",42.37,1449.09013732824,"668","[ { ""name"": ""John Hoffman"", ""votes"": 475, ""votes_pct"": 71.110000, ""party"": ""DFL"" }, { ""name"": ""Karen Attia"", ""votes"": 192, ""votes_pct"": 28.740000, ""party"": ""R"" }, { ""name"": ""WRITE-IN"", ""votes"": 1, ""votes_pct"": 0.150000, ""party"": ""WI"" } ]"
"270365","3","34",34B,Hennepin,Brooklyn Park W-E P-06,1.38764802572896,DFL,"26.31",26.31,1065.8322374098,"1479","[ { ""name"": ""John Hoffman"", ""votes"": 932, ""votes_pct"": 63.020000, ""party"": ""DFL"" }, { ""name"": ""Karen Attia"", ""votes"": 543, ""votes_pct"": 36.710000, ""party"": ""R"" }, { ""name"": ""WRITE-IN"", ""votes"": 4, ""votes_pct"": 0.270000, ""party"": ""WI"" } ]"
"270370","3","34",34B,Hennepin,Brooklyn Park W-E P-07,1.61556724210296,DFL,"24.14",24.14,1353.70410033396,"2187","[ { ""name"": ""John Hoffman"", ""votes"": 1357, ""votes_pct"": 62.050000, ""party"": ""DFL"" }, { ""name"": ""Karen Attia"", ""votes"": 829, ""votes_pct"": 37.910000, ""party"": ""R"" }, { ""name"": ""WRITE-IN"", ""votes"": 1, ""votes_pct"": 0.050000, ""party"": ""WI"" } ]"
"270375","3","34",34B,Hennepin,Brooklyn Park W-E P-08,1.5280892785617,DFL,"19.53",19.53,954.787145272865,"1459","[ { ""name"": ""John Hoffman"", ""votes"": 870, ""votes_pct"": 59.630000, ""party"": ""DFL"" }, { ""name"": ""Karen Attia"", ""votes"": 585, ""votes_pct"": 40.100000, ""party"": ""R"" }, { ""name"": ""WRITE-IN"", ""votes"": 4, ""votes_pct"": 0.270000, ""party"": ""WI"" } ]"
"270380","3","34",34B,Hennepin,Brooklyn Park W-E P-09,0.85660855748325,DFL,"13.96",13.96,1388.03189579769,"1189","[ { ""name"": ""John Hoffman"", ""votes"": 677, ""votes_pct"": 56.940000, ""party"": ""DFL"" }, { ""name"": ""Karen Attia"", ""votes"": 511, ""votes_pct"": 42.980000, ""party"": ""R"" }, { ""name"": ""WRITE-IN"", ""votes"": 1, ""votes_pct"": 0.080000, ""party"": ""WI"" } ]"
"270395","3","38",38A,Hennepin,Brooklyn Park W-W P-01,0.801942668689734,DFL,"28.26",28.26,1367.92821086868,"1097","[ { ""name"": ""Susan Pha"", ""votes"": 667, ""votes_pct"": 60.800000, ""party"": ""DFL"" }, { ""name"": ""Brad Kohler"", ""votes"": 357, ""votes_pct"": 32.540000, ""party"": ""R"" }, { ""name"": ""Mary O'Connor"", ""votes"": 69, ""votes_pct"": 6.290000, ""party"": ""LMN"" }, { ""name"": ""WRITE-IN"", ""votes"": 4, ""votes_pct"": 0.360000, ""party"": ""WI"" } ]"
"270400","3","38",38A,Hennepin,Brooklyn Park W-W P-02,0.436341963167253,DFL,"44.59",44.59,678.367026291581,"296","[ { ""name"": ""Susan Pha"", ""votes"": 199, ""votes_pct"": 67.230000, ""party"": ""DFL"" }, { ""name"": ""Brad Kohler"", ""votes"": 67, ""votes_pct"": 22.640000, ""party"": ""R"" }, { ""name"": ""Mary O'Connor"", ""votes"": 30, ""votes_pct"": 10.140000, ""party"": ""LMN"" }, { ""name"": ""WRITE-IN"", ""votes"": 0, ""votes_pct"": 0, ""party"": ""WI"" } ]"
"270405","3","38",38A,Hennepin,Brooklyn Park W-W P-03,2.13812762040306,DFL,"26.59",26.59,450.394069470214,"963","[ { ""name"": ""Susan Pha"", ""votes"": 577, ""votes_pct"": 59.920000, ""party"": ""DFL"" }, { ""name"": ""Brad Kohler"", ""votes"": 321, ""votes_pct"": 33.330000, ""party"": ""R"" }, { ""name"": ""Mary O'Connor"", ""votes"": 64, ""votes_pct"": 6.650000, ""party"": ""LMN"" }, { ""name"": ""WRITE-IN"", ""votes"": 1, ""votes_pct"": 0.100000, ""party"": ""WI"" } ]"
"270410","3","38",38A,Hennepin,Brooklyn Park W-W P-04,0.698402146118391,DFL,"38.38",38.38,1115.40321622658,"779","[ { ""name"": ""Susan Pha"", ""votes"": 501, ""votes_pct"": 64.310000, ""party"": ""DFL"" }, { ""name"": ""Brad Kohler"", ""votes"": 202, ""votes_pct"": 25.930000, ""party"": ""R"" }, { ""name"": ""Mary O'Connor"", ""votes"": 76, ""votes_pct"": 9.760000, ""party"": ""LMN"" }, { ""name"": ""WRITE-IN"", ""votes"": 0, ""votes_pct"": 0, ""party"": ""WI"" } ]"
"270415","3","38",38A,Hennepin,Brooklyn Park W-W P-05,0.756050060130651,DFL,"44.01",44.01,1259.175880279,"952","[ { ""name"": ""Susan Pha"", ""votes"": 649, ""votes_pct"": 68.170000, ""party"": ""DFL"" }, { ""name"": ""Brad Kohler"", ""votes"": 230, ""votes_pct"": 24.160000, ""party"": ""R"" }, { ""name"": ""Mary O'Connor"", ""votes"": 71, ""votes_pct"": 7.460000, ""party"": ""LMN"" }, { ""name"": ""WRITE-IN"", ""votes"": 2, ""votes_pct"": 0.210000, ""party"": ""WI"" } ]"
"270420","3","38",38A,Hennepin,Brooklyn Park W-W P-06,1.94836757110152,DFL,"24.43",24.43,405.467639534448,"790","[ { ""name"": ""Susan Pha"", ""votes"": 465, ""votes_pct"": 58.860000, ""party"": ""DFL"" }, { ""name"": ""Brad Kohler"", ""votes"": 272, ""votes_pct"": 34.430000, ""party"": ""R"" }, { ""name"": ""Mary O'Connor"", ""votes"": 53, ""votes_pct"": 6.710000, ""party"": ""LMN"" }, { ""name"": ""WRITE-IN"", ""votes"": 0, ""votes_pct"": 0, ""party"": ""WI"" } ]"
"270425","3","38",38A,Hennepin,Brooklyn Park W-W P-07,0.566625352126977,DFL,"43.94",43.94,1614.82361593124,"915","[ { ""name"": ""Susan Pha"", ""votes"": 626, ""votes_pct"": 68.420000, ""party"": ""DFL"" }, { ""name"": ""Brad Kohler"", ""votes"": 224, ""votes_pct"": 24.480000, ""party"": ""R"" }, { ""name"": ""Mary O'Connor"", ""votes"": 63, ""votes_pct"": 6.890000, ""party"": ""LMN"" }, { ""name"": ""WRITE-IN"", ""votes"": 2, ""votes_pct"": 0.220000, ""party"": ""WI"" } ]"
"270430","3","34",34B,Hennepin,Brooklyn Park W-W P-08,3.93680191296249,DFL,"23.46",23.46,271.794218671981,"1070","[ { ""name"": ""John Hoffman"", ""votes"": 659, ""votes_pct"": 61.590000, ""party"": ""DFL"" }, { ""name"": ""Karen Attia"", ""votes"": 408, ""votes_pct"": 38.130000, ""party"": ""R"" }, { ""name"": ""WRITE-IN"", ""votes"": 3, ""votes_pct"": 0.280000, ""party"": ""WI"" } ]"
"270450","3","34",34A,Hennepin,Champlin W-01 P-01,2.34376974623563,DFL,"9.74",9.74,1126.39051009177,"2640","[ { ""name"": ""John Hoffman"", ""votes"": 1448, ""votes_pct"": 54.850000, ""party"": ""DFL"" }, { ""name"": ""Karen Attia"", ""votes"": 1191, ""votes_pct"": 45.110000, ""party"": ""R"" }, { ""name"": ""WRITE-IN"", ""votes"": 1, ""votes_pct"": 0.040000, ""party"": ""WI"" } ]"
"270455","3","34",34A,Hennepin,Champlin W-02 P-01,2.85359880073811,DFL,"10.02",10.02,1115.43360586523,"3183","[ { ""name"": ""John Hoffman"", ""votes"": 1750, ""votes_pct"": 54.980000, ""party"": ""DFL"" }, { ""name"": ""Karen Attia"", ""votes"": 1431, ""votes_pct"": 44.960000, ""party"": ""R"" }, { ""name"": ""WRITE-IN"", ""votes"": 2, ""votes_pct"": 0.060000, ""party"": ""WI"" } ]"
"270460","3","34",34A,Hennepin,Champlin W-03 P-01,1.79506049335084,DFL,"8.53",8.53,1547.58015693071,"2778","[ { ""name"": ""John Hoffman"", ""votes"": 1506, ""votes_pct"": 54.210000, ""party"": ""DFL"" }, { ""name"": ""Karen Attia"", ""votes"": 1269, ""votes_pct"": 45.680000, ""party"": ""R"" }, { ""name"": ""WRITE-IN"", ""votes"": 3, ""votes_pct"": 0.110000, ""party"": ""WI"" } ]"
"270465","3","34",34A,Hennepin,Champlin W-04 P-01,0.817239916990926,DFL,"3.64",3.64,2053.2526191065,"1678","[ { ""name"": ""John Hoffman"", ""votes"": 869, ""votes_pct"": 51.790000, ""party"": ""DFL"" }, { ""name"": ""Karen Attia"", ""votes"": 808, ""votes_pct"": 48.150000, ""party"": ""R"" }, { ""name"": ""WRITE-IN"", ""votes"": 1, ""votes_pct"": 0.060000, ""party"": ""WI"" } ]"
"270470","3","34",34B,Hennepin,Champlin W-04 P-02,0.918302486889645,DFL,"9.74",9.74,1206.5741036517,"1108","[ { ""name"": ""John Hoffman"", ""votes"": 608, ""votes_pct"": 54.870000, ""party"": ""DFL"" }, { ""name"": ""Karen Attia"", ""votes"": 500, ""votes_pct"": 45.130000, ""party"": ""R"" }, { ""name"": ""WRITE-IN"", ""votes"": 0, ""votes_pct"": 0, ""party"": ""WI"" } ]"
"270485","3","49",49A,Hennepin,Chanhassen P-01,0.237848722736368,even,"0.00",0,0,"0","[ { ""name"": ""Marla Helseth"", ""votes"": 0, ""votes_pct"": 0, ""party"": ""R"" }, { ""name"": ""Steve Cwodzinski"", ""votes"": 0, ""votes_pct"": 0, ""party"": ""DFL"" }, { ""name"": ""WRITE-IN"", ""votes"": 0, ""votes_pct"": 0, ""party"": ""WI"" } ]"
"270490","3","45",45A,Hennepin,Chanhassen P-02,0.00278804918720671,even,"0.00",0,0,"0","[ { ""name"": ""Kathleen Fowke"", ""votes"": 0, ""votes_pct"": 0, ""party"": ""R"" }, { ""name"": ""Kelly Morrison"", ""votes"": 0, ""votes_pct"": 0, ""party"": ""DFL"" }, { ""name"": ""WRITE-IN"", ""votes"": 0, ""votes_pct"": 0, ""party"": ""WI"" } ]"
"270500","3","37",37A,Hennepin,Corcoran P-01,15.8307695864733,R,"53.02",-53.02,77.4441187652409,"1226","[ { ""name"": ""Warren Limmer"", ""votes"": 937, ""votes_pct"": 76.430000, ""party"": ""R"" }, { ""name"": ""Farhio Khalif"", ""votes"": 287, ""votes_pct"": 23.410000, ""party"": ""DFL"" }, { ""name"": ""WRITE-IN"", ""votes"": 2, ""votes_pct"": 0.160000, ""party"": ""WI"" } ]"
"270505","3","37",37A,Hennepin,Corcoran P-02,8.15343345570897,R,"23.44",-23.44,148.649033144603,"1212","[ { ""name"": ""Warren Limmer"", ""votes"": 748, ""votes_pct"": 61.720000, ""party"": ""R"" }, { ""name"": ""Farhio Khalif"", ""votes"": 464, ""votes_pct"": 38.280000, ""party"": ""DFL"" }, { ""name"": ""WRITE-IN"", ""votes"": 0, ""votes_pct"": 0, ""party"": ""WI"" } ]"
"270510","3","37",37A,Hennepin,Corcoran P-03,12.0515556709033,R,"18.04",-18.04,104.4678408647,"1259","[ { ""name"": ""Warren Limmer"", ""votes"": 743, ""votes_pct"": 59.020000, ""party"": ""R"" }, { ""name"": ""Farhio Khalif"", ""votes"": 516, ""votes_pct"": 40.980000, ""party"": ""DFL"" }, { ""name"": ""WRITE-IN"", ""votes"": 0, ""votes_pct"": 0, ""party"": ""WI"" } ]"
"270550","5","43",43A,Hennepin,Crystal W-01 P-01,1.22916537104576,DFL,"52.26",52.26,1886.64605644319,"2319","[ { ""name"": ""Ann H. Rest"", ""votes"": 1747, ""votes_pct"": 75.330000, ""party"": ""DFL"" }, { ""name"": ""Andrew Thomas Schuler"", ""votes"": 535, ""votes_pct"": 23.070000, ""party"": ""LMN"" }, { ""name"": ""WRITE-IN"", ""votes"": 37, ""votes_pct"": 1.600000, ""party"": ""WI"" } ]"
"270560","5","43",43B,Hennepin,Crystal W-02 P-01,0.617986463051529,DFL,"51.75",51.75,1388.37992625812,"858","[ { ""name"": ""Ann H. Rest"", ""votes"": 649, ""votes_pct"": 75.640000, ""party"": ""DFL"" }, { ""name"": ""Andrew Thomas Schuler"", ""votes"": 205, ""votes_pct"": 23.890000, ""party"": ""LMN"" }, { ""name"": ""WRITE-IN"", ""votes"": 4, ""votes_pct"": 0.470000, ""party"": ""WI"" } ]"
"270565","5","43",43A,Hennepin,Crystal W-02 P-02,0.752427403459875,DFL,"47.39",47.39,1884.56719343239,"1418","[ { ""name"": ""Ann H. Rest"", ""votes"": 1040, ""votes_pct"": 73.340000, ""party"": ""DFL"" }, { ""name"": ""Andrew Thomas Schuler"", ""votes"": 368, ""votes_pct"": 25.950000, ""party"": ""LMN"" }, { ""name"": ""WRITE-IN"", ""votes"": 10, ""votes_pct"": 0.710000, ""party"": ""WI"" } ]"
"270570","5","43",43A,Hennepin,Crystal W-03 P-01,1.4341292068848,DFL,"45.56",45.56,1594.69592350594,"2287","[ { ""name"": ""Ann H. Rest"", ""votes"": 1652, ""votes_pct"": 72.230000, ""party"": ""DFL"" }, { ""name"": ""Andrew Thomas Schuler"", ""votes"": 610, ""votes_pct"": 26.670000, ""party"": ""LMN"" }, { ""name"": ""WRITE-IN"", ""votes"": 25, ""votes_pct"": 1.090000, ""party"": ""WI"" } ]"
"270585","5","43",43A,Hennepin,Crystal W-04 P-01,1.84468574249774,DFL,"36.90",36.9,1026.73314828979,"1894","[ { ""name"": ""Ann H. Rest"", ""votes"": 1280, ""votes_pct"": 67.580000, ""party"": ""DFL"" }, { ""name"": ""Andrew Thomas Schuler"", ""votes"": 581, ""votes_pct"": 30.680000, ""party"": ""LMN"" }, { ""name"": ""WRITE-IN"", ""votes"": 33, ""votes_pct"": 1.740000, ""party"": ""WI"" } ]"
"270640","3","34",34A,Hennepin,Dayton P-01,9.08359824905676,DFL,"5.26",5.26,129.904468212531,"1180","[ { ""name"": ""John Hoffman"", ""votes"": 621, ""votes_pct"": 52.630000, ""party"": ""DFL"" }, { ""name"": ""Karen Attia"", ""votes"": 559, ""votes_pct"": 47.370000, ""party"": ""R"" }, { ""name"": ""WRITE-IN"", ""votes"": 0, ""votes_pct"": 0, ""party"": ""WI"" } ]"
"270645","3","34",34A,Hennepin,Dayton P-02,5.01013806394959,R,"1.35",-1.35,191.811081398109,"961","[ { ""name"": ""Karen Attia"", ""votes"": 486, ""votes_pct"": 50.570000, ""party"": ""R"" }, { ""name"": ""John Hoffman"", ""votes"": 473, ""votes_pct"": 49.220000, ""party"": ""DFL"" }, { ""name"": ""WRITE-IN"", ""votes"": 2, ""votes_pct"": 0.210000, ""party"": ""WI"" } ]"
"270650","3","34",34A,Hennepin,Dayton P-03,10.9947548646164,R,"7.72",-7.72,207.462560838057,"2281","[ { ""name"": ""Karen Attia"", ""votes"": 1228, ""votes_pct"": 53.840000, ""party"": ""R"" }, { ""name"": ""John Hoffman"", ""votes"": 1052, ""votes_pct"": 46.120000, ""party"": ""DFL"" }, { ""name"": ""WRITE-IN"", ""votes"": 1, ""votes_pct"": 0.040000, ""party"": ""WI"" } ]"
"270675","3","45",45B,Hennepin,Deephaven P-01,1.96194874109177,DFL,"15.44",15.44,554.550675668804,"1088","[ { ""name"": ""Kelly Morrison"", ""votes"": 628, ""votes_pct"": 57.720000, ""party"": ""DFL"" }, { ""name"": ""Kathleen Fowke"", ""votes"": 460, ""votes_pct"": 42.280000, ""party"": ""R"" }, { ""name"": ""WRITE-IN"", ""votes"": 0, ""votes_pct"": 0, ""party"": ""WI"" } ]"
"270680","3","45",45B,Hennepin,Deephaven P-02,1.94126362638694,DFL,"11.70",11.7,647.516382068887,"1257","[ { ""name"": ""Kelly Morrison"", ""votes"": 702, ""votes_pct"": 55.850000, ""party"": ""DFL"" }, { ""name"": ""Kathleen Fowke"", ""votes"": 555, ""votes_pct"": 44.150000, ""party"": ""R"" }, { ""name"": ""WRITE-IN"", ""votes"": 0, ""votes_pct"": 0, ""party"": ""WI"" } ]"
"270690","3","49",49A,Hennepin,Eden Prairie P-01,1.18095797589026,DFL,"26.08",26.08,1370.07415423082,"1618","[ { ""name"": ""Steve Cwodzinski"", ""votes"": 1020, ""votes_pct"": 63.040000, ""party"": ""DFL"" }, { ""name"": ""Marla Helseth"", ""votes"": 598, ""votes_pct"": 36.960000, ""party"": ""R"" }, { ""name"": ""WRITE-IN"", ""votes"": 0, ""votes_pct"": 0, ""party"": ""WI"" } ]"
"270695","3","49",49A,Hennepin,Eden Prairie P-02,1.36292680455832,DFL,"23.74",23.74,1091.03437912199,"1487","[ { ""name"": ""Steve Cwodzinski"", ""votes"": 920, ""votes_pct"": 61.870000, ""party"": ""DFL"" }, { ""name"": ""Marla Helseth"", ""votes"": 567, ""votes_pct"": 38.130000, ""party"": ""R"" }, { ""name"": ""WRITE-IN"", ""votes"": 0, ""votes_pct"": 0, ""party"": ""WI"" } ]"
"270700","3","49",49A,Hennepin,Eden Prairie P-03,1.48478686757458,DFL,"25.09",25.09,1192.09028491161,"1770","[ { ""name"": ""Steve Cwodzinski"", ""votes"": 1106, ""votes_pct"": 62.490000, ""party"": ""DFL"" }, { ""name"": ""Marla Helseth"", ""votes"": 662, ""votes_pct"": 37.400000, ""party"": ""R"" }, { ""name"": ""WRITE-IN"", ""votes"": 2, ""votes_pct"": 0.110000, ""party"": ""WI"" } ]"
"270705","3","49",49A,Hennepin,Eden Prairie P-04,1.45053650679023,DFL,"29.89",29.89,927.243122598989,"1345","[ { ""name"": ""Steve Cwodzinski"", ""votes"": 872, ""votes_pct"": 64.830000, ""party"": ""DFL"" }, { ""name"": ""Marla Helseth"", ""votes"": 470, ""votes_pct"": 34.940000, ""party"": ""R"" }, { ""name"": ""WRITE-IN"", ""votes"": 3, ""votes_pct"": 0.220000, ""party"": ""WI"" } ]"
"270710","3","49",49A,Hennepin,Eden Prairie P-05,0.750606850620198,DFL,"24.74",24.74,1986.39274177693,"1491","[ { ""name"": ""Steve Cwodzinski"", ""votes"": 930, ""votes_pct"": 62.370000, ""party"": ""DFL"" }, { ""name"": ""Marla Helseth"", ""votes"": 561, ""votes_pct"": 37.630000, ""party"": ""R"" }, { ""name"": ""WRITE-IN"", ""votes"": 0, ""votes_pct"": 0, ""party"": ""WI"" } ]"
"270715","3","49",49A,Hennepin,Eden Prairie P-06,1.05387034273864,DFL,"20.47",20.47,1320.84559508779,"1392","[ { ""name"": ""Steve Cwodzinski"", ""votes"": 837, ""votes_pct"": 60.130000, ""party"": ""DFL"" }, { ""name"": ""Marla Helseth"", ""votes"": 552, ""votes_pct"": 39.660000, ""party"": ""R"" }, { ""name"": ""WRITE-IN"", ""votes"": 3, ""votes_pct"": 0.220000, ""party"": ""WI"" } ]"
"270720","3","49",49A,Hennepin,Eden Prairie P-07,3.22217341103958,DFL,"17.10",17.1,486.628061242089,"1568","[ { ""name"": ""Steve Cwodzinski"", ""votes"": 918, ""votes_pct"": 58.550000, ""party"": ""DFL"" }, { ""name"": ""Marla Helseth"", ""votes"": 650, ""votes_pct"": 41.450000, ""party"": ""R"" }, { ""name"": ""WRITE-IN"", ""votes"": 0, ""votes_pct"": 0, ""party"": ""WI"" } ]"
"270725","3","49",49B,Hennepin,Eden Prairie P-08,2.43140765116521,DFL,"9.58",9.58,167.392744612345,"407","[ { ""name"": ""Steve Cwodzinski"", ""votes"": 223, ""votes_pct"": 54.790000, ""party"": ""DFL"" }, { ""name"": ""Marla Helseth"", ""votes"": 184, ""votes_pct"": 45.210000, ""party"": ""R"" }, { ""name"": ""WRITE-IN"", ""votes"": 0, ""votes_pct"": 0, ""party"": ""WI"" } ]"
"270730","3","49",49B,Hennepin,Eden Prairie P-09,1.45055235919909,DFL,"18.64",18.64,1235.39146218027,"1792","[ { ""name"": ""Steve Cwodzinski"", ""votes"": 1063, ""votes_pct"": 59.320000, ""party"": ""DFL"" }, { ""name"": ""Marla Helseth"", ""votes"": 729, ""votes_pct"": 40.680000, ""party"": ""R"" }, { ""name"": ""WRITE-IN"", ""votes"": 0, ""votes_pct"": 0, ""party"": ""WI"" } ]"
"270735","3","49",49B,Hennepin,Eden Prairie P-10,1.96825230862217,DFL,"17.46",17.46,910.960445541226,"1793","[ { ""name"": ""Steve Cwodzinski"", ""votes"": 1053, ""votes_pct"": 58.730000, ""party"": ""DFL"" }, { ""name"": ""Marla Helseth"", ""votes"": 740, ""votes_pct"": 41.270000, ""party"": ""R"" }, { ""name"": ""WRITE-IN"", ""votes"": 0, ""votes_pct"": 0, ""party"": ""WI"" } ]"
"270740","3","49",49B,Hennepin,Eden Prairie P-11,1.03297904514347,DFL,"38.96",38.96,986.467251964891,"1019","[ { ""name"": ""Steve Cwodzinski"", ""votes"": 708, ""votes_pct"": 69.480000, ""party"": ""DFL"" }, { ""name"": ""Marla Helseth"", ""votes"": 311, ""votes_pct"": 30.520000, ""party"": ""R"" }, { ""name"": ""WRITE-IN"", ""votes"": 0, ""votes_pct"": 0, ""party"": ""WI"" } ]"
"270745","3","49",49B,Hennepin,Eden Prairie P-12,1.6216393684787,DFL,"35.85",35.85,930.539816269772,"1509","[ { ""name"": ""Steve Cwodzinski"", ""votes"": 1024, ""votes_pct"": 67.860000, ""party"": ""DFL"" }, { ""name"": ""Marla Helseth"", ""votes"": 483, ""votes_pct"": 32.010000, ""party"": ""R"" }, { ""name"": ""WRITE-IN"", ""votes"": 2, ""votes_pct"": 0.130000, ""party"": ""WI"" } ]"
"270750","3","49",49B,Hennepin,Eden Prairie P-13,1.40906216044222,DFL,"30.42",30.42,942.470841444794,"1328","[ { ""name"": ""Steve Cwodzinski"", ""votes"": 866, ""votes_pct"": 65.210000, ""party"": ""DFL"" }, { ""name"": ""Marla Helseth"", ""votes"": 462, ""votes_pct"": 34.790000, ""party"": ""R"" }, { ""name"": ""WRITE-IN"", ""votes"": 0, ""votes_pct"": 0, ""party"": ""WI"" } ]"
"270755","3","49",49B,Hennepin,Eden Prairie P-14,3.97879270796007,DFL,"18.44",18.44,497.387058149766,"1979","[ { ""name"": ""Steve Cwodzinski"", ""votes"": 1171, ""votes_pct"": 59.170000, ""party"": ""DFL"" }, { ""name"": ""Marla Helseth"", ""votes"": 806, ""votes_pct"": 40.730000, ""party"": ""R"" }, { ""name"": ""WRITE-IN"", ""votes"": 2, ""votes_pct"": 0.100000, ""party"": ""WI"" } ]"
"270760","3","49",49B,Hennepin,Eden Prairie P-15,1.14335319635609,DFL,"28.82",28.82,1368.78088502111,"1565","[ { ""name"": ""Steve Cwodzinski"", ""votes"": 1008, ""votes_pct"": 64.410000, ""party"": ""DFL"" }, { ""name"": ""Marla Helseth"", ""votes"": 557, ""votes_pct"": 35.590000, ""party"": ""R"" }, { ""name"": ""WRITE-IN"", ""votes"": 0, ""votes_pct"": 0, ""party"": ""WI"" } ]"
"270765","3","49",49B,Hennepin,Eden Prairie P-16,1.21715019557832,DFL,"23.77",23.77,1762.31331826786,"2145","[ { ""name"": ""Steve Cwodzinski"", ""votes"": 1327, ""votes_pct"": 61.860000, ""party"": ""DFL"" }, { ""name"": ""Marla Helseth"", ""votes"": 817, ""votes_pct"": 38.090000, ""party"": ""R"" }, { ""name"": ""WRITE-IN"", ""votes"": 1, ""votes_pct"": 0.050000, ""party"": ""WI"" } ]"
"270770","3","49",49B,Hennepin,Eden Prairie P-17,0.911668660056297,DFL,"22.38",22.38,1749.53913618299,"1595","[ { ""name"": ""Steve Cwodzinski"", ""votes"": 976, ""votes_pct"": 61.190000, ""party"": ""DFL"" }, { ""name"": ""Marla Helseth"", ""votes"": 619, ""votes_pct"": 38.810000, ""party"": ""R"" }, { ""name"": ""WRITE-IN"", ""votes"": 0, ""votes_pct"": 0, ""party"": ""WI"" } ]"
"270775","3","49",49B,Hennepin,Eden Prairie P-18,1.97231223286726,DFL,"12.38",12.38,1032.29091523716,"2036","[ { ""name"": ""Steve Cwodzinski"", ""votes"": 1144, ""votes_pct"": 56.190000, ""party"": ""DFL"" }, { ""name"": ""Marla Helseth"", ""votes"": 892, ""votes_pct"": 43.810000, ""party"": ""R"" }, { ""name"": ""WRITE-IN"", ""votes"": 0, ""votes_pct"": 0, ""party"": ""WI"" } ]"
"270780","3","49",49B,Hennepin,Eden Prairie P-19,1.44810743806872,DFL,"10.77",10.77,1294.79343224741,"1875","[ { ""name"": ""Steve Cwodzinski"", ""votes"": 1038, ""votes_pct"": 55.360000, ""party"": ""DFL"" }, { ""name"": ""Marla Helseth"", ""votes"": 836, ""votes_pct"": 44.590000, ""party"": ""R"" }, { ""name"": ""WRITE-IN"", ""votes"": 1, ""votes_pct"": 0.050000, ""party"": ""WI"" } ]"
"270785","3","49",49B,Hennepin,Eden Prairie P-20,4.08692985990003,DFL,"26.00",26,202.352383904193,"827","[ { ""name"": ""Steve Cwodzinski"", ""votes"": 521, ""votes_pct"": 63, ""party"": ""DFL"" }, { ""name"": ""Marla Helseth"", ""votes"": 306, ""votes_pct"": 37, ""party"": ""R"" }, { ""name"": ""WRITE-IN"", ""votes"": 0, ""votes_pct"": 0, ""party"": ""WI"" } ]"
"270850","3","46",46B,Hennepin,Edina P-01,1.12378665322381,DFL,"91.40",91.4,910.315135942682,"1023","[ { ""name"": ""Ron Latz"", ""votes"": 979, ""votes_pct"": 95.700000, ""party"": ""DFL"" }, { ""name"": ""WRITE-IN"", ""votes"": 44, ""votes_pct"": 4.300000, ""party"": ""WI"" } ]"
"270855","3","46",46B,Hennepin,Edina P-02,0.861842256207075,DFL,"94.96",94.96,1566.41193939745,"1350","[ { ""name"": ""Ron Latz"", ""votes"": 1316, ""votes_pct"": 97.480000, ""party"": ""DFL"" }, { ""name"": ""WRITE-IN"", ""votes"": 34, ""votes_pct"": 2.520000, ""party"": ""WI"" } ]"
"270860","3","46",46B,Hennepin,Edina P-03,1.53136763232968,DFL,"91.10",91.1,807.774680543656,"1237","[ { ""name"": ""Ron Latz"", ""votes"": 1182, ""votes_pct"": 95.550000, ""party"": ""DFL"" }, { ""name"": ""WRITE-IN"", ""votes"": 55, ""votes_pct"": 4.450000, ""party"": ""WI"" } ]"
"270865","3","46",46B,Hennepin,Edina P-04,0.833365725201009,DFL,"90.52",90.52,1240.75177167935,"1034","[ { ""name"": ""Ron Latz"", ""votes"": 985, ""votes_pct"": 95.260000, ""party"": ""DFL"" }, { ""name"": ""WRITE-IN"", ""votes"": 49, ""votes_pct"": 4.740000, ""party"": ""WI"" } ]"
"270870","3","46",46B,Hennepin,Edina P-05,1.07107591220101,DFL,"91.68",91.68,1323.90242731356,"1418","[ { ""name"": ""Ron Latz"", ""votes"": 1359, ""votes_pct"": 95.840000, ""party"": ""DFL"" }, { ""name"": ""WRITE-IN"", ""votes"": 59, ""votes_pct"": 4.160000, ""party"": ""WI"" } ]"
"270875","5","50",50A,Hennepin,Edina P-06,0.76126948297686,DFL,"33.89",33.89,2922.74949903336,"2225","[ { ""name"": ""Alice Mann"", ""votes"": 1489, ""votes_pct"": 66.920000, ""party"": ""DFL"" }, { ""name"": ""Doug Fulton"", ""votes"": 735, ""votes_pct"": 33.030000, ""party"": ""R"" }, { ""name"": ""WRITE-IN"", ""votes"": 1, ""votes_pct"": 0.040000, ""party"": ""WI"" } ]"
"270880","5","50",50A,Hennepin,Edina P-07,1.09191618401709,DFL,"16.77",16.77,2184.23358396039,"2385","[ { ""name"": ""Alice Mann"", ""votes"": 1392, ""votes_pct"": 58.360000, ""party"": ""DFL"" }, { ""name"": ""Doug Fulton"", ""votes"": 992, ""votes_pct"": 41.590000, ""party"": ""R"" }, { ""name"": ""WRITE-IN"", ""votes"": 1, ""votes_pct"": 0.040000, ""party"": ""WI"" } ]"
"270885","3","50",50A,Hennepin,Edina P-08,0.853106730456123,DFL,"32.84",32.84,2148.61744089156,"1833","[ { ""name"": ""Alice Mann"", ""votes"": 1217, ""votes_pct"": 66.390000, ""party"": ""DFL"" }, { ""name"": ""Doug Fulton"", ""votes"": 615, ""votes_pct"": 33.550000, ""party"": ""R"" }, { ""name"": ""WRITE-IN"", ""votes"": 1, ""votes_pct"": 0.050000, ""party"": ""WI"" } ]"
"270890","5","50",50A,Hennepin,Edina P-09,0.515688130164636,DFL,"43.13",43.13,3007.63176283471,"1551","[ { ""name"": ""Alice Mann"", ""votes"": 1109, ""votes_pct"": 71.500000, ""party"": ""DFL"" }, { ""name"": ""Doug Fulton"", ""votes"": 440, ""votes_pct"": 28.370000, ""party"": ""R"" }, { ""name"": ""WRITE-IN"", ""votes"": 2, ""votes_pct"": 0.130000, ""party"": ""WI"" } ]"
"270895","3","50",50A,Hennepin,Edina P-10,1.55269556092837,DFL,"15.81",15.81,1100.02246607749,"1708","[ { ""name"": ""Alice Mann"", ""votes"": 988, ""votes_pct"": 57.850000, ""party"": ""DFL"" }, { ""name"": ""Doug Fulton"", ""votes"": 718, ""votes_pct"": 42.040000, ""party"": ""R"" }, { ""name"": ""WRITE-IN"", ""votes"": 2, ""votes_pct"": 0.120000, ""party"": ""WI"" } ]"
"270900","3","50",50A,Hennepin,Edina P-11,0.910938524682186,DFL,"28.96",28.96,2020.99258085753,"1841","[ { ""name"": ""Alice Mann"", ""votes"": 1187, ""votes_pct"": 64.480000, ""party"": ""DFL"" }, { ""name"": ""Doug Fulton"", ""votes"": 654, ""votes_pct"": 35.520000, ""party"": ""R"" }, { ""name"": ""WRITE-IN"", ""votes"": 0, ""votes_pct"": 0, ""party"": ""WI"" } ]"
"270905","3","50",50A,Hennepin,Edina P-12,2.03629759763859,DFL,"23.03",23.03,859.402870203944,"1750","[ { ""name"": ""Alice Mann"", ""votes"": 1076, ""votes_pct"": 61.490000, ""party"": ""DFL"" }, { ""name"": ""Doug Fulton"", ""votes"": 673, ""votes_pct"": 38.460000, ""party"": ""R"" }, { ""name"": ""WRITE-IN"", ""votes"": 1, ""votes_pct"": 0.060000, ""party"": ""WI"" } ]"
"270910","3","50",50A,Hennepin,Edina P-13,0.888769387766403,DFL,"32.92",32.92,1781.11445082317,"1583","[ { ""name"": ""Alice Mann"", ""votes"": 1052, ""votes_pct"": 66.460000, ""party"": ""DFL"" }, { ""name"": ""Doug Fulton"", ""votes"": 531, ""votes_pct"": 33.540000, ""party"": ""R"" }, { ""name"": ""WRITE-IN"", ""votes"": 0, ""votes_pct"": 0, ""party"": ""WI"" } ]"
"270915","3","50",50A,Hennepin,Edina P-14,0.414979338371598,DFL,"37.62",37.62,4797.82923124027,"1991","[ { ""name"": ""Alice Mann"", ""votes"": 1369, ""votes_pct"": 68.760000, ""party"": ""DFL"" }, { ""name"": ""Doug Fulton"", ""votes"": 620, ""votes_pct"": 31.140000, ""party"": ""R"" }, { ""name"": ""WRITE-IN"", ""votes"": 2, ""votes_pct"": 0.100000, ""party"": ""WI"" } ]"
"270920","3","50",50A,Hennepin,Edina P-15,0.537293113883955,DFL,"33.49",33.49,2678.240168756,"1439","[ { ""name"": ""Alice Mann"", ""votes"": 959, ""votes_pct"": 66.640000, ""party"": ""DFL"" }, { ""name"": ""Doug Fulton"", ""votes"": 477, ""votes_pct"": 33.150000, ""party"": ""R"" }, { ""name"": ""WRITE-IN"", ""votes"": 3, ""votes_pct"": 0.210000, ""party"": ""WI"" } ]"
"270925","3","50",50A,Hennepin,Edina P-16,0.964664920577358,DFL,"30.98",30.98,1649.27734601127,"1591","[ { ""name"": ""Alice Mann"", ""votes"": 1042, ""votes_pct"": 65.490000, ""party"": ""DFL"" }, { ""name"": ""Doug Fulton"", ""votes"": 549, ""votes_pct"": 34.510000, ""party"": ""R"" }, { ""name"": ""WRITE-IN"", ""votes"": 0, ""votes_pct"": 0, ""party"": ""WI"" } ]"
"270965","3","45",45A,Hennepin,Excelsior P-01,0.871156170375777,DFL,"20.10",20.1,1370.59236977563,"1194","[ { ""name"": ""Kelly Morrison"", ""votes"": 717, ""votes_pct"": 60.050000, ""party"": ""DFL"" }, { ""name"": ""Kathleen Fowke"", ""votes"": 477, ""votes_pct"": 39.950000, ""party"": ""R"" }, { ""name"": ""WRITE-IN"", ""votes"": 0, ""votes_pct"": 0, ""party"": ""WI"" } ]"
"270975","5","51",51A,Hennepin,Fort Snelling P-01,7.71164447039415,DFL,"41.78",41.78,10.2442482019613,"79","[ { ""name"": ""Melissa Halvorson Wiklund"", ""votes"": 56, ""votes_pct"": 70.890000, ""party"": ""DFL"" }, { ""name"": ""Frank Pafko"", ""votes"": 23, ""votes_pct"": 29.110000, ""party"": ""R"" }, { ""name"": ""WRITE-IN"", ""votes"": 0, ""votes_pct"": 0, ""party"": ""WI"" } ]"
"270985","5","43",43B,Hennepin,Golden Valley P-01,1.0517914403967,DFL,"69.83",69.83,1100.02796710688,"1157","[ { ""name"": ""Ann H. Rest"", ""votes"": 980, ""votes_pct"": 84.700000, ""party"": ""DFL"" }, { ""name"": ""Andrew Thomas Schuler"", ""votes"": 172, ""votes_pct"": 14.870000, ""party"": ""LMN"" }, { ""name"": ""WRITE-IN"", ""votes"": 5, ""votes_pct"": 0.430000, ""party"": ""WI"" } ]"
"270990","5","43",43B,Hennepin,Golden Valley P-02,1.08648966086446,DFL,"64.66",64.66,1635.54248513155,"1777","[ { ""name"": ""Ann H. Rest"", ""votes"": 1457, ""votes_pct"": 81.990000, ""party"": ""DFL"" }, { ""name"": ""Andrew Thomas Schuler"", ""votes"": 308, ""votes_pct"": 17.330000, ""party"": ""LMN"" }, { ""name"": ""WRITE-IN"", ""votes"": 12, ""votes_pct"": 0.680000, ""party"": ""WI"" } ]"
"271000","5","43",43B,Hennepin,Golden Valley P-03,2.14840167471201,DFL,"72.83",72.83,805.249791211369,"1730","[ { ""name"": ""Ann H. Rest"", ""votes"": 1487, ""votes_pct"": 85.950000, ""party"": ""DFL"" }, { ""name"": ""Andrew Thomas Schuler"", ""votes"": 227, ""votes_pct"": 13.120000, ""party"": ""LMN"" }, { ""name"": ""WRITE-IN"", ""votes"": 16, ""votes_pct"": 0.920000, ""party"": ""WI"" } ]"
"271005","5","43",43B,Hennepin,Golden Valley P-04,1.13659068153173,DFL,"59.39",59.39,1213.27758744386,"1379","[ { ""name"": ""Ann H. Rest"", ""votes"": 1096, ""votes_pct"": 79.480000, ""party"": ""DFL"" }, { ""name"": ""Andrew Thomas Schuler"", ""votes"": 277, ""votes_pct"": 20.090000, ""party"": ""LMN"" }, { ""name"": ""WRITE-IN"", ""votes"": 6, ""votes_pct"": 0.440000, ""party"": ""WI"" } ]"
"271010","5","43",43B,Hennepin,Golden Valley P-05,0.828742643353053,DFL,"61.19",61.19,1433.49688775928,"1188","[ { ""name"": ""Ann H. Rest"", ""votes"": 954, ""votes_pct"": 80.300000, ""party"": ""DFL"" }, { ""name"": ""Andrew Thomas Schuler"", ""votes"": 227, ""votes_pct"": 19.110000, ""party"": ""LMN"" }, { ""name"": ""WRITE-IN"", ""votes"": 7, ""votes_pct"": 0.590000, ""party"": ""WI"" } ]"
"271015","5","43",43B,Hennepin,Golden Valley P-06,1.17918919506831,DFL,"61.33",61.33,995.59935327595,"1174","[ { ""name"": ""Ann H. Rest"", ""votes"": 942, ""votes_pct"": 80.240000, ""party"": ""DFL"" }, { ""name"": ""Andrew Thomas Schuler"", ""votes"": 222, ""votes_pct"": 18.910000, ""party"": ""LMN"" }, { ""name"": ""WRITE-IN"", ""votes"": 10, ""votes_pct"": 0.850000, ""party"": ""WI"" } ]"
"271020","5","43",43B,Hennepin,Golden Valley P-07,0.907953664327281,DFL,"59.34",59.34,1909.78908740321,"1734","[ { ""name"": ""Ann H. Rest"", ""votes"": 1372, ""votes_pct"": 79.120000, ""party"": ""DFL"" }, { ""name"": ""Andrew Thomas Schuler"", ""votes"": 343, ""votes_pct"": 19.780000, ""party"": ""LMN"" }, { ""name"": ""WRITE-IN"", ""votes"": 19, ""votes_pct"": 1.100000, ""party"": ""WI"" } ]"
"271025","5","43",43B,Hennepin,Golden Valley P-08,2.19292421778787,DFL,"60.15",60.15,786.164877935953,"1724","[ { ""name"": ""Ann H. Rest"", ""votes"": 1374, ""votes_pct"": 79.700000, ""party"": ""DFL"" }, { ""name"": ""Andrew Thomas Schuler"", ""votes"": 337, ""votes_pct"": 19.550000, ""party"": ""LMN"" }, { ""name"": ""WRITE-IN"", ""votes"": 13, ""votes_pct"": 0.750000, ""party"": ""WI"" } ]"
"271050","3","37",37A,Hennepin,Greenfield P-01,21.4689672418607,R,"45.42",-45.42,78.1593255556418,"1678","[ { ""name"": ""Warren Limmer"", ""votes"": 1219, ""votes_pct"": 72.650000, ""party"": ""R"" }, { ""name"": ""Farhio Khalif"", ""votes"": 457, ""votes_pct"": 27.230000, ""party"": ""DFL"" }, { ""name"": ""WRITE-IN"", ""votes"": 2, ""votes_pct"": 0.120000, ""party"": ""WI"" } ]"
"271065","3","45",45A,Hennepin,Greenwood P-01,1.03178841274337,DFL,"3.94",3.94,441.951076759588,"456","[ { ""name"": ""Kelly Morrison"", ""votes"": 237, ""votes_pct"": 51.970000, ""party"": ""DFL"" }, { ""name"": ""Kathleen Fowke"", ""votes"": 219, ""votes_pct"": 48.030000, ""party"": ""R"" }, { ""name"": ""WRITE-IN"", ""votes"": 0, ""votes_pct"": 0, ""party"": ""WI"" } ]"
"271080","6","30",30A,Hennepin,Hanover P-01,2.11178390174294,R,"36.08",-36.08,171.892587920763,"363","[ { ""name"": ""Eric Lucero"", ""votes"": 247, ""votes_pct"": 68.040000, ""party"": ""R"" }, { ""name"": ""Diane Nguyen"", ""votes"": 116, ""votes_pct"": 31.960000, ""party"": ""DFL"" }, { ""name"": ""WRITE-IN"", ""votes"": 0, ""votes_pct"": 0, ""party"": ""WI"" } ]"
"271110","3","46",46B,Hennepin,Hopkins P-01,0.565106353410456,DFL,"95.22",95.22,1921.76214874583,"1086","[ { ""name"": ""Ron Latz"", ""votes"": 1060, ""votes_pct"": 97.610000, ""party"": ""DFL"" }, { ""name"": ""WRITE-IN"", ""votes"": 26, ""votes_pct"": 2.390000, ""party"": ""WI"" } ]"
"271115","3","46",46B,Hennepin,Hopkins P-02,0.865393056694881,DFL,"97.04",97.04,858.569402945841,"743","[ { ""name"": ""Ron Latz"", ""votes"": 732, ""votes_pct"": 98.520000, ""party"": ""DFL"" }, { ""name"": ""WRITE-IN"", ""votes"": 11, ""votes_pct"": 1.480000, ""party"": ""WI"" } ]"
"271120","3","46",46B,Hennepin,Hopkins P-03,0.905365066162986,DFL,"92.96",92.96,1413.7943331796,"1280","[ { ""name"": ""Ron Latz"", ""votes"": 1235, ""votes_pct"": 96.480000, ""party"": ""DFL"" }, { ""name"": ""WRITE-IN"", ""votes"": 45, ""votes_pct"": 3.520000, ""party"": ""WI"" } ]"
"271125","3","46",46B,Hennepin,Hopkins P-04,0.426981552550839,DFL,"94.00",94,3046.97004408661,"1301","[ { ""name"": ""Ron Latz"", ""votes"": 1262, ""votes_pct"": 97, ""party"": ""DFL"" }, { ""name"": ""WRITE-IN"", ""votes"": 39, ""votes_pct"": 3, ""party"": ""WI"" } ]"
"271130","3","46",46B,Hennepin,Hopkins P-05,1.32621256868572,DFL,"91.00",91,1039.80314510712,"1379","[ { ""name"": ""Ron Latz"", ""votes"": 1317, ""votes_pct"": 95.500000, ""party"": ""DFL"" }, { ""name"": ""WRITE-IN"", ""votes"": 62, ""votes_pct"": 4.500000, ""party"": ""WI"" } ]"
"271150","3","37",37A,Hennepin,Independence P-01,34.5752318565869,R,"34.09",-34.09,63.5425963045698,"2197","[ { ""name"": ""Warren Limmer"", ""votes"": 1472, ""votes_pct"": 67, ""party"": ""R"" }, { ""name"": ""Farhio Khalif"", ""votes"": 723, ""votes_pct"": 32.910000, ""party"": ""DFL"" }, { ""name"": ""WRITE-IN"", ""votes"": 2, ""votes_pct"": 0.090000, ""party"": ""WI"" } ]"
"271160","3","45",45A,Hennepin,Long Lake P-01,0.942608462390595,DFL,"10.95",10.95,968.588800576325,"913","[ { ""name"": ""Kelly Morrison"", ""votes"": 506, ""votes_pct"": 55.420000, ""party"": ""DFL"" }, { ""name"": ""Kathleen Fowke"", ""votes"": 406, ""votes_pct"": 44.470000, ""party"": ""R"" }, { ""name"": ""WRITE-IN"", ""votes"": 1, ""votes_pct"": 0.110000, ""party"": ""WI"" } ]"
"271170","3","37",37A,Hennepin,Loretto P-01,0.259580960609127,R,"39.08",-39.08,1429.22654700645,"371","[ { ""name"": ""Warren Limmer"", ""votes"": 258, ""votes_pct"": 69.540000, ""party"": ""R"" }, { ""name"": ""Farhio Khalif"", ""votes"": 113, ""votes_pct"": 30.460000, ""party"": ""DFL"" }, { ""name"": ""WRITE-IN"", ""votes"": 0, ""votes_pct"": 0, ""party"": ""WI"" } ]"
"271190","3","37",37A,Hennepin,Maple Grove P-01,3.09241575663521,R,"7.05",-7.05,682.961207744597,"2112","[ { ""name"": ""Warren Limmer"", ""votes"": 1130, ""votes_pct"": 53.500000, ""party"": ""R"" }, { ""name"": ""Farhio Khalif"", ""votes"": 981, ""votes_pct"": 46.450000, ""party"": ""DFL"" }, { ""name"": ""WRITE-IN"", ""votes"": 1, ""votes_pct"": 0.050000, ""party"": ""WI"" } ]"
"271195","3","37",37B,Hennepin,Maple Grove P-02,5.75494074613458,R,"4.71",-4.71,310.16826736208,"1785","[ { ""name"": ""Warren Limmer"", ""votes"": 933, ""votes_pct"": 52.270000, ""party"": ""R"" }, { ""name"": ""Farhio Khalif"", ""votes"": 849, ""votes_pct"": 47.560000, ""party"": ""DFL"" }, { ""name"": ""WRITE-IN"", ""votes"": 3, ""votes_pct"": 0.170000, ""party"": ""WI"" } ]"
"271200","3","37",37B,Hennepin,Maple Grove P-03,2.03001046193345,R,"8.55",-8.55,1168.9594928195,"2373","[ { ""name"": ""Warren Limmer"", ""votes"": 1286, ""votes_pct"": 54.190000, ""party"": ""R"" }, { ""name"": ""Farhio Khalif"", ""votes"": 1083, ""votes_pct"": 45.640000, ""party"": ""DFL"" }, { ""name"": ""WRITE-IN"", ""votes"": 4, ""votes_pct"": 0.170000, ""party"": ""WI"" } ]"
"271205","3","37",37B,Hennepin,Maple Grove P-04,1.21555682203656,DFL,"0.63",0.63,1965.3544422526,"2389","[ { ""name"": ""Farhio Khalif"", ""votes"": 1201, ""votes_pct"": 50.270000, ""party"": ""DFL"" }, { ""name"": ""Warren Limmer"", ""votes"": 1186, ""votes_pct"": 49.640000, ""party"": ""R"" }, { ""name"": ""WRITE-IN"", ""votes"": 2, ""votes_pct"": 0.080000, ""party"": ""WI"" } ]"
"271210","3","37",37B,Hennepin,Maple Grove P-05,2.05252290830129,R,"4.88",-4.88,1088.90380271065,"2235","[ { ""name"": ""Warren Limmer"", ""votes"": 1170, ""votes_pct"": 52.350000, ""party"": ""R"" }, { ""name"": ""Farhio Khalif"", ""votes"": 1061, ""votes_pct"": 47.470000, ""party"": ""DFL"" }, { ""name"": ""WRITE-IN"", ""votes"": 4, ""votes_pct"": 0.180000, ""party"": ""WI"" } ]"
"271215","3","37",37B,Hennepin,Maple Grove P-06,1.12287345239569,DFL,"3.72",3.72,2038.52000874749,"2289","[ { ""name"": ""Farhio Khalif"", ""votes"": 1187, ""votes_pct"": 51.860000, ""party"": ""DFL"" }, { ""name"": ""Warren Limmer"", ""votes"": 1102, ""votes_pct"": 48.140000, ""party"": ""R"" }, { ""name"": ""WRITE-IN"", ""votes"": 0, ""votes_pct"": 0, ""party"": ""WI"" } ]"
"271220","3","37",37B,Hennepin,Maple Grove P-07,3.90757056906645,DFL,"5.69",5.69,553.796780314321,"2164","[ { ""name"": ""Farhio Khalif"", ""votes"": 1143, ""votes_pct"": 52.820000, ""party"": ""DFL"" }, { ""name"": ""Warren Limmer"", ""votes"": 1020, ""votes_pct"": 47.130000, ""party"": ""R"" }, { ""name"": ""WRITE-IN"", ""votes"": 1, ""votes_pct"": 0.050000, ""party"": ""WI"" } ]"
"271225","3","37",37B,Hennepin,Maple Grove P-08,2.1162637558654,DFL,"1.17",1.17,1050.43617263622,"2223","[ { ""name"": ""Farhio Khalif"", ""votes"": 1124, ""votes_pct"": 50.560000, ""party"": ""DFL"" }, { ""name"": ""Warren Limmer"", ""votes"": 1098, ""votes_pct"": 49.390000, ""party"": ""R"" }, { ""name"": ""WRITE-IN"", ""votes"": 1, ""votes_pct"": 0.040000, ""party"": ""WI"" } ]"
"271230","3","37",37B,Hennepin,Maple Grove P-09,1.75509570548941,DFL,"1.82",1.82,1096.23651518393,"1924","[ { ""name"": ""Farhio Khalif"", ""votes"": 978, ""votes_pct"": 50.830000, ""party"": ""DFL"" }, { ""name"": ""Warren Limmer"", ""votes"": 943, ""votes_pct"": 49.010000, ""party"": ""R"" }, { ""name"": ""WRITE-IN"", ""votes"": 3, ""votes_pct"": 0.160000, ""party"": ""WI"" } ]"
"271235","3","37",37B,Hennepin,Maple Grove P-10,1.90704649117554,R,"0.08",-0.08,1253.77121693879,"2391","[ { ""name"": ""Warren Limmer"", ""votes"": 1196, ""votes_pct"": 50.020000, ""party"": ""R"" }, { ""name"": ""Farhio Khalif"", ""votes"": 1194, ""votes_pct"": 49.940000, ""party"": ""DFL"" }, { ""name"": ""WRITE-IN"", ""votes"": 1, ""votes_pct"": 0.040000, ""party"": ""WI"" } ]"
"271240","3","37",37B,Hennepin,Maple Grove P-11,1.86816379452932,DFL,"0.18",0.18,1246.1434092756,"2328","[ { ""name"": ""Farhio Khalif"", ""votes"": 1166, ""votes_pct"": 50.090000, ""party"": ""DFL"" }, { ""name"": ""Warren Limmer"", ""votes"": 1162, ""votes_pct"": 49.910000, ""party"": ""R"" }, { ""name"": ""WRITE-IN"", ""votes"": 0, ""votes_pct"": 0, ""party"": ""WI"" } ]"
"271245","3","42",42A,Hennepin,Maple Grove P-12,2.2509211178913,DFL,"0.59",0.59,1291.47129008382,"2907","[ { ""name"": ""Bonnie Westlin"", ""votes"": 1461, ""votes_pct"": 50.260000, ""party"": ""DFL"" }, { ""name"": ""Paul Hillen"", ""votes"": 1444, ""votes_pct"": 49.670000, ""party"": ""R"" }, { ""name"": ""WRITE-IN"", ""votes"": 2, ""votes_pct"": 0.070000, ""party"": ""WI"" } ]"
"271250","3","37",37A,Hennepin,Maple Grove P-13,1.82915744992566,R,"8.16",-8.16,1432.35345875035,"2620","[ { ""name"": ""Warren Limmer"", ""votes"": 1417, ""votes_pct"": 54.080000, ""party"": ""R"" }, { ""name"": ""Farhio Khalif"", ""votes"": 1203, ""votes_pct"": 45.920000, ""party"": ""DFL"" }, { ""name"": ""WRITE-IN"", ""votes"": 0, ""votes_pct"": 0, ""party"": ""WI"" } ]"
"271255","3","37",37A,Hennepin,Maple Grove P-14,2.20341689430291,R,"12.05",-12.05,1389.65985416424,"3062","[ { ""name"": ""Warren Limmer"", ""votes"": 1715, ""votes_pct"": 56.010000, ""party"": ""R"" }, { ""name"": ""Farhio Khalif"", ""votes"": 1346, ""votes_pct"": 43.960000, ""party"": ""DFL"" }, { ""name"": ""WRITE-IN"", ""votes"": 1, ""votes_pct"": 0.030000, ""party"": ""WI"" } ]"
"271260","3","37",37A,Hennepin,Maple Grove P-15,1.9265275484435,R,"5.23",-5.23,1190.74341908757,"2294","[ { ""name"": ""Warren Limmer"", ""votes"": 1205, ""votes_pct"": 52.530000, ""party"": ""R"" }, { ""name"": ""Farhio Khalif"", ""votes"": 1085, ""votes_pct"": 47.300000, ""party"": ""DFL"" }, { ""name"": ""WRITE-IN"", ""votes"": 4, ""votes_pct"": 0.170000, ""party"": ""WI"" } ]"
"271335","3","37",37A,Hennepin,Maple Plain P-01,1.06879024915077,R,"13.77",-13.77,795.291686722805,"850","[ { ""name"": ""Warren Limmer"", ""votes"": 482, ""votes_pct"": 56.710000, ""party"": ""R"" }, { ""name"": ""Farhio Khalif"", ""votes"": 365, ""votes_pct"": 42.940000, ""party"": ""DFL"" }, { ""name"": ""WRITE-IN"", ""votes"": 3, ""votes_pct"": 0.350000, ""party"": ""WI"" } ]"
"271345","3","42",42B,Hennepin,Medicine Lake P-01,0.370136514926435,DFL,"30.94",30.94,602.480411975352,"223","[ { ""name"": ""Bonnie Westlin"", ""votes"": 146, ""votes_pct"": 65.470000, ""party"": ""DFL"" }, { ""name"": ""Paul Hillen"", ""votes"": 77, ""votes_pct"": 34.530000, ""party"": ""R"" }, { ""name"": ""WRITE-IN"", ""votes"": 0, ""votes_pct"": 0, ""party"": ""WI"" } ]"
"271350","3","37",37A,Hennepin,Medina P-01,18.8811091010728,R,"14.88",-14.88,70.44077722767,"1330","[ { ""name"": ""Warren Limmer"", ""votes"": 764, ""votes_pct"": 57.440000, ""party"": ""R"" }, { ""name"": ""Farhio Khalif"", ""votes"": 566, ""votes_pct"": 42.560000, ""party"": ""DFL"" }, { ""name"": ""WRITE-IN"", ""votes"": 0, ""votes_pct"": 0, ""party"": ""WI"" } ]"
"271355","3","37",37A,Hennepin,Medina P-02,8.22778824957804,R,"12.90",-12.9,274.92199986017,"2262","[ { ""name"": ""Warren Limmer"", ""votes"": 1277, ""votes_pct"": 56.450000, ""party"": ""R"" }, { ""name"": ""Farhio Khalif"", ""votes"": 985, ""votes_pct"": 43.550000, ""party"": ""DFL"" }, { ""name"": ""WRITE-IN"", ""votes"": 0, ""votes_pct"": 0, ""party"": ""WI"" } ]"
"271360","5","60",60A,Hennepin,Minneapolis W-01 P-01,1.03000227453724,DFL,"97.20",97.2,624.270466090854,"643","[ { ""name"": ""Kari Dziedzic"", ""votes"": 634, ""votes_pct"": 98.600000, ""party"": ""DFL"" }, { ""name"": ""WRITE-IN"", ""votes"": 9, ""votes_pct"": 1.400000, ""party"": ""WI"" } ]"
"271365","5","60",60A,Hennepin,Minneapolis W-01 P-02,0.727967097298584,DFL,"98.20",98.2,759.649717758028,"553","[ { ""name"": ""Kari Dziedzic"", ""votes"": 548, ""votes_pct"": 99.100000, ""party"": ""DFL"" }, { ""name"": ""WRITE-IN"", ""votes"": 5, ""votes_pct"": 0.900000, ""party"": ""WI"" } ]"
"271370","5","60",60A,Hennepin,Minneapolis W-01 P-03,0.294457715959364,DFL,"97.78",97.78,1833.87960556796,"540","[ { ""name"": ""Kari Dziedzic"", ""votes"": 534, ""votes_pct"": 98.890000, ""party"": ""DFL"" }, { ""name"": ""WRITE-IN"", ""votes"": 6, ""votes_pct"": 1.110000, ""party"": ""WI"" } ]"
"271375","5","60",60A,Hennepin,Minneapolis W-01 P-04,0.979145783953623,DFL,"96.86",96.86,1694.334007446,"1659","[ { ""name"": ""Kari Dziedzic"", ""votes"": 1633, ""votes_pct"": 98.430000, ""party"": ""DFL"" }, { ""name"": ""WRITE-IN"", ""votes"": 26, ""votes_pct"": 1.570000, ""party"": ""WI"" } ]"
"271380","5","60",60A,Hennepin,Minneapolis W-01 P-05,0.543521105686845,DFL,"97.86",97.86,2741.38388447141,"1490","[ { ""name"": ""Kari Dziedzic"", ""votes"": 1474, ""votes_pct"": 98.930000, ""party"": ""DFL"" }, { ""name"": ""WRITE-IN"", ""votes"": 16, ""votes_pct"": 1.070000, ""party"": ""WI"" } ]"
"271385","5","60",60A,Hennepin,Minneapolis W-01 P-06,0.499212857446875,DFL,"96.94",96.94,3795.97594839925,"1895","[ { ""name"": ""Kari Dziedzic"", ""votes"": 1866, ""votes_pct"": 98.470000, ""party"": ""DFL"" }, { ""name"": ""WRITE-IN"", ""votes"": 29, ""votes_pct"": 1.530000, ""party"": ""WI"" } ]"
"271390","5","60",60A,Hennepin,Minneapolis W-01 P-07,0.501072646969323,DFL,"97.28",97.28,3975.47144520534,"1992","[ { ""name"": ""Kari Dziedzic"", ""votes"": 1965, ""votes_pct"": 98.640000, ""party"": ""DFL"" }, { ""name"": ""WRITE-IN"", ""votes"": 27, ""votes_pct"": 1.360000, ""party"": ""WI"" } ]"
"271395","5","60",60A,Hennepin,Minneapolis W-01 P-08,0.306569080428296,DFL,"95.50",95.5,2896.57391006101,"888","[ { ""name"": ""Kari Dziedzic"", ""votes"": 868, ""votes_pct"": 97.750000, ""party"": ""DFL"" }, { ""name"": ""WRITE-IN"", ""votes"": 20, ""votes_pct"": 2.250000, ""party"": ""WI"" } ]"
"271400","5","60",60A,Hennepin,Minneapolis W-01 P-09,0.494892711871272,DFL,"97.16",97.16,2996.60909208489,"1483","[ { ""name"": ""Kari Dziedzic"", ""votes"": 1462, ""votes_pct"": 98.580000, ""party"": ""DFL"" }, { ""name"": ""WRITE-IN"", ""votes"": 21, ""votes_pct"": 1.420000, ""party"": ""WI"" } ]"
"271405","5","60",60A,Hennepin,Minneapolis W-01 P-10,0.825912428812614,DFL,"98.34",98.34,1601.86474236988,"1323","[ { ""name"": ""Kari Dziedzic"", ""votes"": 1312, ""votes_pct"": 99.170000, ""party"": ""DFL"" }, { ""name"": ""WRITE-IN"", ""votes"": 11, ""votes_pct"": 0.830000, ""party"": ""WI"" } ]"
"271410","5","60",60A,Hennepin,Minneapolis W-01 P-11,1.46977625314506,DFL,"96.48",96.48,927.352035443099,"1363","[ { ""name"": ""Kari Dziedzic"", ""votes"": 1339, ""votes_pct"": 98.240000, ""party"": ""DFL"" }, { ""name"": ""WRITE-IN"", ""votes"": 24, ""votes_pct"": 1.760000, ""party"": ""WI"" } ]"
"271415","5","60",60B,Hennepin,Minneapolis W-02 P-01,0.143604961693736,DFL,"94.38",94.38,5946.86973157174,"854","[ { ""name"": ""Kari Dziedzic"", ""votes"": 830, ""votes_pct"": 97.190000, ""party"": ""DFL"" }, { ""name"": ""WRITE-IN"", ""votes"": 24, ""votes_pct"": 2.810000, ""party"": ""WI"" } ]"
"271420","5","60",60B,Hennepin,Minneapolis W-02 P-02,0.0988003761674787,DFL,"98.58",98.58,5728.72312794195,"566","[ { ""name"": ""Kari Dziedzic"", ""votes"": 562, ""votes_pct"": 99.290000, ""party"": ""DFL"" }, { ""name"": ""WRITE-IN"", ""votes"": 4, ""votes_pct"": 0.710000, ""party"": ""WI"" } ]"
"271425","5","60",60B,Hennepin,Minneapolis W-02 P-03,0.676964145730158,DFL,"98.10",98.1,1246.74254216179,"844","[ { ""name"": ""Kari Dziedzic"", ""votes"": 836, ""votes_pct"": 99.050000, ""party"": ""DFL"" }, { ""name"": ""WRITE-IN"", ""votes"": 8, ""votes_pct"": 0.950000, ""party"": ""WI"" } ]"
"271430","5","60",60B,Hennepin,Minneapolis W-02 P-04,0.513513365802723,DFL,"97.22",97.22,979.526597547683,"503","[ { ""name"": ""Kari Dziedzic"", ""votes"": 496, ""votes_pct"": 98.610000, ""party"": ""DFL"" }, { ""name"": ""WRITE-IN"", ""votes"": 7, ""votes_pct"": 1.390000, ""party"": ""WI"" } ]"
"271435","5","60",60B,Hennepin,Minneapolis W-02 P-05,0.773634031519635,DFL,"97.84",97.84,1920.80485017067,"1486","[ { ""name"": ""Kari Dziedzic"", ""votes"": 1470, ""votes_pct"": 98.920000, ""party"": ""DFL"" }, { ""name"": ""WRITE-IN"", ""votes"": 16, ""votes_pct"": 1.080000, ""party"": ""WI"" } ]"
"271440","5","60",60B,Hennepin,Minneapolis W-02 P-06,0.227805690184816,DFL,"97.50",97.5,5987.55895383213,"1364","[ { ""name"": ""Kari Dziedzic"", ""votes"": 1347, ""votes_pct"": 98.750000, ""party"": ""DFL"" }, { ""name"": ""WRITE-IN"", ""votes"": 17, ""votes_pct"": 1.250000, ""party"": ""WI"" } ]"
"271445","5","60",60B,Hennepin,Minneapolis W-02 P-07,0.463683410906859,DFL,"98.20",98.2,1196.9373649028,"555","[ { ""name"": ""Kari Dziedzic"", ""votes"": 550, ""votes_pct"": 99.100000, ""party"": ""DFL"" }, { ""name"": ""WRITE-IN"", ""votes"": 5, ""votes_pct"": 0.900000, ""party"": ""WI"" } ]"
"271450","5","63",63A,Hennepin,Minneapolis W-02 P-08,0.690816273607746,DFL,"82.17",82.17,2240.82735039762,"1548","[ { ""name"": ""Zaynab Mohamed"", ""votes"": 1409, ""votes_pct"": 91.020000, ""party"": ""DFL"" }, { ""name"": ""Shawn Holster"", ""votes"": 137, ""votes_pct"": 8.850000, ""party"": ""R"" }, { ""name"": ""WRITE-IN"", ""votes"": 2, ""votes_pct"": 0.130000, ""party"": ""WI"" } ]"
"271455","5","63",63A,Hennepin,Minneapolis W-02 P-09,0.309931434835051,DFL,"77.70",77.7,1764.90648743365,"547","[ { ""name"": ""Zaynab Mohamed"", ""votes"": 485, ""votes_pct"": 88.670000, ""party"": ""DFL"" }, { ""name"": ""Shawn Holster"", ""votes"": 60, ""votes_pct"": 10.970000, ""party"": ""R"" }, { ""name"": ""WRITE-IN"", ""votes"": 2, ""votes_pct"": 0.370000, ""party"": ""WI"" } ]"
"271460","5","60",60A,Hennepin,Minneapolis W-03 P-01,0.395897913839142,DFL,"97.76",97.76,3617.09407890904,"1432","[ { ""name"": ""Kari Dziedzic"", ""votes"": 1416, ""votes_pct"": 98.880000, ""party"": ""DFL"" }, { ""name"": ""WRITE-IN"", ""votes"": 16, ""votes_pct"": 1.120000, ""party"": ""WI"" } ]"
"271465","5","60",60A,Hennepin,Minneapolis W-03 P-02,0.491553139535172,DFL,"98.02",98.02,2675.19398053994,"1315","[ { ""name"": ""Kari Dziedzic"", ""votes"": 1302, ""votes_pct"": 99.010000, ""party"": ""DFL"" }, { ""name"": ""WRITE-IN"", ""votes"": 13, ""votes_pct"": 0.990000, ""party"": ""WI"" } ]"
"271470","5","60",60A,Hennepin,Minneapolis W-03 P-03,0.140120720795741,DFL,"97.58",97.58,4710.22412853631,"660","[ { ""name"": ""Kari Dziedzic"", ""votes"": 652, ""votes_pct"": 98.790000, ""party"": ""DFL"" }, { ""name"": ""WRITE-IN"", ""votes"": 8, ""votes_pct"": 1.210000, ""party"": ""WI"" } ]"
"271475","5","60",60A,Hennepin,Minneapolis W-03 P-04,0.321102872028467,DFL,"97.92",97.92,2089.67299408182,"671","[ { ""name"": ""Kari Dziedzic"", ""votes"": 664, ""votes_pct"": 98.960000, ""party"": ""DFL"" }, { ""name"": ""WRITE-IN"", ""votes"": 7, ""votes_pct"": 1.040000, ""party"": ""WI"" } ]"
"271480","5","59",59B,Hennepin,Minneapolis W-03 P-05,0.131067931578269,DFL,"97.42",97.42,10628.0764732153,"1393","[ { ""name"": ""Bobby Joe Champion"", ""votes"": 1375, ""votes_pct"": 98.710000, ""party"": ""DFL"" }, { ""name"": ""WRITE-IN"", ""votes"": 18, ""votes_pct"": 1.290000, ""party"": ""WI"" } ]"
"271485","5","59",59B,Hennepin,Minneapolis W-03 P-06,0.161383517093542,DFL,"97.28",97.28,7745.52458957423,"1250","[ { ""name"": ""Bobby Joe Champion"", ""votes"": 1233, ""votes_pct"": 98.640000, ""party"": ""DFL"" }, { ""name"": ""WRITE-IN"", ""votes"": 17, ""votes_pct"": 1.360000, ""party"": ""WI"" } ]"
"271490","5","59",59B,Hennepin,Minneapolis W-03 P-07,0.444689946124281,DFL,"97.12",97.12,5619.64582689617,"2499","[ { ""name"": ""Bobby Joe Champion"", ""votes"": 2463, ""votes_pct"": 98.560000, ""party"": ""DFL"" }, { ""name"": ""WRITE-IN"", ""votes"": 36, ""votes_pct"": 1.440000, ""party"": ""WI"" } ]"
"271495","5","60",60B,Hennepin,Minneapolis W-03 P-08,0.137942087546964,DFL,"96.90",96.9,6560.72425822818,"905","[ { ""name"": ""Kari Dziedzic"", ""votes"": 891, ""votes_pct"": 98.450000, ""party"": ""DFL"" }, { ""name"": ""WRITE-IN"", ""votes"": 14, ""votes_pct"": 1.550000, ""party"": ""WI"" } ]"
"271500","5","60",60B,Hennepin,Minneapolis W-03 P-09,0.274121638272682,DFL,"97.82",97.82,3337.93423155382,"915","[ { ""name"": ""Kari Dziedzic"", ""votes"": 905, ""votes_pct"": 98.910000, ""party"": ""DFL"" }, { ""name"": ""WRITE-IN"", ""votes"": 10, ""votes_pct"": 1.090000, ""party"": ""WI"" } ]"
"271505","5","59",59B,Hennepin,Minneapolis W-03 P-10,0.242291050221835,DFL,"96.32",96.32,6294.08308149951,"1525","[ { ""name"": ""Bobby Joe Champion"", ""votes"": 1497, ""votes_pct"": 98.160000, ""party"": ""DFL"" }, { ""name"": ""WRITE-IN"", ""votes"": 28, ""votes_pct"": 1.840000, ""party"": ""WI"" } ]"
"271510","5","59",59B,Hennepin,Minneapolis W-03 P-11,0.21999721529021,DFL,"98.56",98.56,6277.35218456403,"1381","[ { ""name"": ""Bobby Joe Champion"", ""votes"": 1371, ""votes_pct"": 99.280000, ""party"": ""DFL"" }, { ""name"": ""WRITE-IN"", ""votes"": 10, ""votes_pct"": 0.720000, ""party"": ""WI"" } ]"
"271515","5","59",59B,Hennepin,Minneapolis W-03 P-12,0.229979305011199,DFL,"96.62",96.62,4639.54789300735,"1067","[ { ""name"": ""Bobby Joe Champion"", ""votes"": 1049, ""votes_pct"": 98.310000, ""party"": ""DFL"" }, { ""name"": ""WRITE-IN"", ""votes"": 18, ""votes_pct"": 1.690000, ""party"": ""WI"" } ]"
"271520","5","59",59A,Hennepin,Minneapolis W-04 P-01,0.495823185740025,DFL,"95.42",95.42,1669.95014314265,"828","[ { ""name"": ""Bobby Joe Champion"", ""votes"": 809, ""votes_pct"": 97.710000, ""party"": ""DFL"" }, { ""name"": ""WRITE-IN"", ""votes"": 19, ""votes_pct"": 2.290000, ""party"": ""WI"" } ]"
"271525","5","59",59A,Hennepin,Minneapolis W-04 P-02,0.975098017348884,DFL,"96.26",96.26,1209.10921673853,"1179","[ { ""name"": ""Bobby Joe Champion"", ""votes"": 1157, ""votes_pct"": 98.130000, ""party"": ""DFL"" }, { ""name"": ""WRITE-IN"", ""votes"": 22, ""votes_pct"": 1.870000, ""party"": ""WI"" } ]"
"271530","5","59",59A,Hennepin,Minneapolis W-04 P-03,0.670019372057178,DFL,"95.98",95.98,3038.71811011794,"2036","[ { ""name"": ""Bobby Joe Champion"", ""votes"": 1995, ""votes_pct"": 97.990000, ""party"": ""DFL"" }, { ""name"": ""WRITE-IN"", ""votes"": 41, ""votes_pct"": 2.010000, ""party"": ""WI"" } ]"
"271535","5","59",59A,Hennepin,Minneapolis W-04 P-04,0.848636219772198,DFL,"95.76",95.76,834.279734360207,"708","[ { ""name"": ""Bobby Joe Champion"", ""votes"": 693, ""votes_pct"": 97.880000, ""party"": ""DFL"" }, { ""name"": ""WRITE-IN"", ""votes"": 15, ""votes_pct"": 2.120000, ""party"": ""WI"" } ]"
"271540","5","59",59A,Hennepin,Minneapolis W-04 P-05,0.616713385201056,DFL,"94.78",94.78,1306.92801444099,"806","[ { ""name"": ""Bobby Joe Champion"", ""votes"": 785, ""votes_pct"": 97.390000, ""party"": ""DFL"" }, { ""name"": ""WRITE-IN"", ""votes"": 21, ""votes_pct"": 2.610000, ""party"": ""WI"" } ]"
"271545","5","59",59A,Hennepin,Minneapolis W-04 P-06,0.388280653583823,DFL,"96.70",96.7,2181.41180144364,"847","[ { ""name"": ""Bobby Joe Champion"", ""votes"": 833, ""votes_pct"": 98.350000, ""party"": ""DFL"" }, { ""name"": ""WRITE-IN"", ""votes"": 14, ""votes_pct"": 1.650000, ""party"": ""WI"" } ]"
"271550","5","59",59A,Hennepin,Minneapolis W-04 P-07,0.556936294005234,DFL,"95.88",95.88,2091.80118541359,"1165","[ { ""name"": ""Bobby Joe Champion"", ""votes"": 1141, ""votes_pct"": 97.940000, ""party"": ""DFL"" }, { ""name"": ""WRITE-IN"", ""votes"": 24, ""votes_pct"": 2.060000, ""party"": ""WI"" } ]"
"271555","5","59",59A,Hennepin,Minneapolis W-04 P-08,0.60126176920095,DFL,"94.78",94.78,891.458641570243,"536","[ { ""name"": ""Bobby Joe Champion"", ""votes"": 522, ""votes_pct"": 97.390000, ""party"": ""DFL"" }, { ""name"": ""WRITE-IN"", ""votes"": 14, ""votes_pct"": 2.610000, ""party"": ""WI"" } ]"
"271560","5","59",59B,Hennepin,Minneapolis W-04 P-09,0.0782298214249266,DFL,"96.50",96.5,1457.24479391021,"114","[ { ""name"": ""Bobby Joe Champion"", ""votes"": 112, ""votes_pct"": 98.250000, ""party"": ""DFL"" }, { ""name"": ""WRITE-IN"", ""votes"": 2, ""votes_pct"": 1.750000, ""party"": ""WI"" } ]"
"271565","5","59",59A,Hennepin,Minneapolis W-05 P-01,0.369925632414924,DFL,"94.88",94.88,1581.39893194489,"585","[ { ""name"": ""Bobby Joe Champion"", ""votes"": 570, ""votes_pct"": 97.440000, ""party"": ""DFL"" }, { ""name"": ""WRITE-IN"", ""votes"": 15, ""votes_pct"": 2.560000, ""party"": ""WI"" } ]"
"271570","5","59",59B,Hennepin,Minneapolis W-05 P-02,0.587797415611263,DFL,"95.74",95.74,1594.08662766166,"937","[ { ""name"": ""Bobby Joe Champion"", ""votes"": 917, ""votes_pct"": 97.870000, ""party"": ""DFL"" }, { ""name"": ""WRITE-IN"", ""votes"": 20, ""votes_pct"": 2.130000, ""party"": ""WI"" } ]"
"271575","5","59",59A,Hennepin,Minneapolis W-05 P-03,0.921272122611126,DFL,"97.26",97.26,713.14434017377,"657","[ { ""name"": ""Bobby Joe Champion"", ""votes"": 648, ""votes_pct"": 98.630000, ""party"": ""DFL"" }, { ""name"": ""WRITE-IN"", ""votes"": 9, ""votes_pct"": 1.370000, ""party"": ""WI"" } ]"
"271580","5","59",59B,Hennepin,Minneapolis W-05 P-04,0.426700136573568,DFL,"98.50",98.5,2177.17296146173,"929","[ { ""name"": ""Bobby Joe Champion"", ""votes"": 922, ""votes_pct"": 99.250000, ""party"": ""DFL"" }, { ""name"": ""WRITE-IN"", ""votes"": 7, ""votes_pct"": 0.750000, ""party"": ""WI"" } ]"
"271585","5","59",59B,Hennepin,Minneapolis W-05 P-05,0.630996150775419,DFL,"96.60",96.6,1026.94762749929,"648","[ { ""name"": ""Bobby Joe Champion"", ""votes"": 637, ""votes_pct"": 98.300000, ""party"": ""DFL"" }, { ""name"": ""WRITE-IN"", ""votes"": 11, ""votes_pct"": 1.700000, ""party"": ""WI"" } ]"
"271590","5","59",59B,Hennepin,Minneapolis W-05 P-06,0.406251187555356,DFL,"95.74",95.74,1851.07151200027,"752","[ { ""name"": ""Bobby Joe Champion"", ""votes"": 736, ""votes_pct"": 97.870000, ""party"": ""DFL"" }, { ""name"": ""WRITE-IN"", ""votes"": 16, ""votes_pct"": 2.130000, ""party"": ""WI"" } ]"
"271595","5","59",59B,Hennepin,Minneapolis W-05 P-07,0.536547897532647,DFL,"96.70",96.7,902.062988645949,"484","[ { ""name"": ""Bobby Joe Champion"", ""votes"": 476, ""votes_pct"": 98.350000, ""party"": ""DFL"" }, { ""name"": ""WRITE-IN"", ""votes"": 8, ""votes_pct"": 1.650000, ""party"": ""WI"" } ]"
"271600","5","59",59B,Hennepin,Minneapolis W-05 P-08,0.565681579634457,DFL,"97.16",97.16,993.49178094709,"562","[ { ""name"": ""Bobby Joe Champion"", ""votes"": 554, ""votes_pct"": 98.580000, ""party"": ""DFL"" }, { ""name"": ""WRITE-IN"", ""votes"": 8, ""votes_pct"": 1.420000, ""party"": ""WI"" } ]"
"271605","5","61",61A,Hennepin,Minneapolis W-05 P-09,0.375666779635933,DFL,"93.68",93.68,1179.23655753996,"443","[ { ""name"": ""Scott Dibble"", ""votes"": 429, ""votes_pct"": 96.840000, ""party"": ""DFL"" }, { ""name"": ""WRITE-IN"", ""votes"": 14, ""votes_pct"": 3.160000, ""party"": ""WI"" } ]"
"271610","5","61",61A,Hennepin,Minneapolis W-06 P-01,0.157478585869905,DFL,"97.56",97.56,3632.23988099903,"572","[ { ""name"": ""Scott Dibble"", ""votes"": 565, ""votes_pct"": 98.780000, ""party"": ""DFL"" }, { ""name"": ""WRITE-IN"", ""votes"": 7, ""votes_pct"": 1.220000, ""party"": ""WI"" } ]"
"271615","5","61",61A,Hennepin,Minneapolis W-06 P-02,0.217844947474912,DFL,"93.94",93.94,4847.48447113566,"1056","[ { ""name"": ""Scott Dibble"", ""votes"": 1024, ""votes_pct"": 96.970000, ""party"": ""DFL"" }, { ""name"": ""WRITE-IN"", ""votes"": 32, ""votes_pct"": 3.030000, ""party"": ""WI"" } ]"
"271620","5","60",60B,Hennepin,Minneapolis W-06 P-03,0.235763075872982,DFL,"96.40",96.4,4008.26124489961,"945","[ { ""name"": ""Kari Dziedzic"", ""votes"": 928, ""votes_pct"": 98.200000, ""party"": ""DFL"" }, { ""name"": ""WRITE-IN"", ""votes"": 17, ""votes_pct"": 1.800000, ""party"": ""WI"" } ]"
"271625","5","62",62A,Hennepin,Minneapolis W-06 P-04,0.111912339994884,DFL,"83.50",83.5,7854.36172668879,"879","[ { ""name"": ""Omar Fateh"", ""votes"": 805, ""votes_pct"": 91.580000, ""party"": ""DFL"" }, { ""name"": ""Andrew Schmitz"", ""votes"": 71, ""votes_pct"": 8.080000, ""party"": ""R"" }, { ""name"": ""WRITE-IN"", ""votes"": 3, ""votes_pct"": 0.340000, ""party"": ""WI"" } ]"
"271630","5","62",62A,Hennepin,Minneapolis W-06 P-05,0.239365045897649,DFL,"68.44",68.44,2435.61042011659,"583","[ { ""name"": ""Omar Fateh"", ""votes"": 489, ""votes_pct"": 83.880000, ""party"": ""DFL"" }, { ""name"": ""Andrew Schmitz"", ""votes"": 90, ""votes_pct"": 15.440000, ""party"": ""R"" }, { ""name"": ""WRITE-IN"", ""votes"": 4, ""votes_pct"": 0.690000, ""party"": ""WI"" } ]"
"271635","5","62",62A,Hennepin,Minneapolis W-06 P-06,0.250919054042857,DFL,"72.53",72.53,2379.25335035749,"597","[ { ""name"": ""Omar Fateh"", ""votes"": 513, ""votes_pct"": 85.930000, ""party"": ""DFL"" }, { ""name"": ""Andrew Schmitz"", ""votes"": 80, ""votes_pct"": 13.400000, ""party"": ""R"" }, { ""name"": ""WRITE-IN"", ""votes"": 4, ""votes_pct"": 0.670000, ""party"": ""WI"" } ]"
"271640","5","62",62B,Hennepin,Minneapolis W-06 P-07,0.285780196070483,DFL,"72.93",72.93,2610.39781712519,"746","[ { ""name"": ""Omar Fateh"", ""votes"": 644, ""votes_pct"": 86.330000, ""party"": ""DFL"" }, { ""name"": ""Andrew Schmitz"", ""votes"": 100, ""votes_pct"": 13.400000, ""party"": ""R"" }, { ""name"": ""WRITE-IN"", ""votes"": 2, ""votes_pct"": 0.270000, ""party"": ""WI"" } ]"
"271645","5","63",63A,Hennepin,Minneapolis W-06 P-08,0.188763077703529,DFL,"87.82",87.82,2871.3242366776,"542","[ { ""name"": ""Zaynab Mohamed"", ""votes"": 509, ""votes_pct"": 93.910000, ""party"": ""DFL"" }, { ""name"": ""Shawn Holster"", ""votes"": 33, ""votes_pct"": 6.090000, ""party"": ""R"" }, { ""name"": ""WRITE-IN"", ""votes"": 0, ""votes_pct"": 0, ""party"": ""WI"" } ]"
"271650","5","63",63A,Hennepin,Minneapolis W-06 P-09,0.188098346710345,DFL,"84.19",84.19,5954.33197360687,"1120","[ { ""name"": ""Zaynab Mohamed"", ""votes"": 1031, ""votes_pct"": 92.050000, ""party"": ""DFL"" }, { ""name"": ""Shawn Holster"", ""votes"": 88, ""votes_pct"": 7.860000, ""party"": ""R"" }, { ""name"": ""WRITE-IN"", ""votes"": 1, ""votes_pct"": 0.090000, ""party"": ""WI"" } ]"
"271655","5","61",61A,Hennepin,Minneapolis W-07 P-01,0.606192043178007,DFL,"98.30",98.3,1364.25413250954,"827","[ { ""name"": ""Scott Dibble"", ""votes"": 820, ""votes_pct"": 99.150000, ""party"": ""DFL"" }, { ""name"": ""WRITE-IN"", ""votes"": 7, ""votes_pct"": 0.850000, ""party"": ""WI"" } ]"
"271660","5","61",61A,Hennepin,Minneapolis W-07 P-02,1.10588202238328,DFL,"97.14",97.14,1014.57477135037,"1122","[ { ""name"": ""Scott Dibble"", ""votes"": 1106, ""votes_pct"": 98.570000, ""party"": ""DFL"" }, { ""name"": ""WRITE-IN"", ""votes"": 16, ""votes_pct"": 1.430000, ""party"": ""WI"" } ]"
"271665","5","61",61A,Hennepin,Minneapolis W-07 P-03,0.48331289147427,DFL,"97.90",97.9,3544.28783137723,"1713","[ { ""name"": ""Scott Dibble"", ""votes"": 1695, ""votes_pct"": 98.950000, ""party"": ""DFL"" }, { ""name"": ""WRITE-IN"", ""votes"": 18, ""votes_pct"": 1.050000, ""party"": ""WI"" } ]"
"271670","5","61",61A,Hennepin,Minneapolis W-07 P-04,0.477969189493653,DFL,"96.72",96.72,3701.07538076676,"1769","[ { ""name"": ""Scott Dibble"", ""votes"": 1740, ""votes_pct"": 98.360000, ""party"": ""DFL"" }, { ""name"": ""WRITE-IN"", ""votes"": 29, ""votes_pct"": 1.640000, ""party"": ""WI"" } ]"
"271675","5","61",61A,Hennepin,Minneapolis W-07 P-05,0.105587843604715,DFL,"97.84",97.84,11402.8278151732,"1204","[ { ""name"": ""Scott Dibble"", ""votes"": 1191, ""votes_pct"": 98.920000, ""party"": ""DFL"" }, { ""name"": ""WRITE-IN"", ""votes"": 13, ""votes_pct"": 1.080000, ""party"": ""WI"" } ]"
"271680","5","61",61A,Hennepin,Minneapolis W-07 P-06,0.446316928435521,DFL,"94.28",94.28,1722.99088608533,"769","[ { ""name"": ""Scott Dibble"", ""votes"": 747, ""votes_pct"": 97.140000, ""party"": ""DFL"" }, { ""name"": ""WRITE-IN"", ""votes"": 22, ""votes_pct"": 2.860000, ""party"": ""WI"" } ]"
"271685","5","61",61A,Hennepin,Minneapolis W-07 P-07,0.59438744835327,DFL,"97.16",97.16,1421.63163495636,"845","[ { ""name"": ""Scott Dibble"", ""votes"": 833, ""votes_pct"": 98.580000, ""party"": ""DFL"" }, { ""name"": ""WRITE-IN"", ""votes"": 12, ""votes_pct"": 1.420000, ""party"": ""WI"" } ]"
"271690","5","61",61A,Hennepin,Minneapolis W-07 P-08,0.354596671791391,DFL,"97.34",97.34,6364.97795819075,"2257","[ { ""name"": ""Scott Dibble"", ""votes"": 2227, ""votes_pct"": 98.670000, ""party"": ""DFL"" }, { ""name"": ""WRITE-IN"", ""votes"": 30, ""votes_pct"": 1.330000, ""party"": ""WI"" } ]"
"271695","5","61",61A,Hennepin,Minneapolis W-07 P-09,0.257190802723998,DFL,"98.06",98.06,5991.66060247384,"1541","[ { ""name"": ""Scott Dibble"", ""votes"": 1526, ""votes_pct"": 99.030000, ""party"": ""DFL"" }, { ""name"": ""WRITE-IN"", ""votes"": 15, ""votes_pct"": 0.970000, ""party"": ""WI"" } ]"
"271700","5","62",62A,Hennepin,Minneapolis W-07 P-10,0.087606434242899,DFL,"82.94",82.94,5353.48806344113,"469","[ { ""name"": ""Omar Fateh"", ""votes"": 429, ""votes_pct"": 91.470000, ""party"": ""DFL"" }, { ""name"": ""Andrew Schmitz"", ""votes"": 40, ""votes_pct"": 8.530000, ""party"": ""R"" }, { ""name"": ""WRITE-IN"", ""votes"": 0, ""votes_pct"": 0, ""party"": ""WI"" } ]"
"271705","5","59",59B,Hennepin,Minneapolis W-07 P-11,0.0865503866974032,DFL,"96.22",96.22,3662.60639722261,"317","[ { ""name"": ""Bobby Joe Champion"", ""votes"": 311, ""votes_pct"": 98.110000, ""party"": ""DFL"" }, { ""name"": ""WRITE-IN"", ""votes"": 6, ""votes_pct"": 1.890000, ""party"": ""WI"" } ]"
"271710","5","61",61B,Hennepin,Minneapolis W-07 P-12,1.15885354943873,DFL,"97.00",97,804.243124984515,"932","[ { ""name"": ""Scott Dibble"", ""votes"": 918, ""votes_pct"": 98.500000, ""party"": ""DFL"" }, { ""name"": ""WRITE-IN"", ""votes"": 14, ""votes_pct"": 1.500000, ""party"": ""WI"" } ]"
"271715","5","62",62A,Hennepin,Minneapolis W-08 P-01,0.162569496609878,DFL,"73.09",73.09,4275.09474097598,"695","[ { ""name"": ""Omar Fateh"", ""votes"": 600, ""votes_pct"": 86.330000, ""party"": ""DFL"" }, { ""name"": ""Andrew Schmitz"", ""votes"": 92, ""votes_pct"": 13.240000, ""party"": ""R"" }, { ""name"": ""WRITE-IN"", ""votes"": 3, ""votes_pct"": 0.430000, ""party"": ""WI"" } ]"
"271720","5","62",62A,Hennepin,Minneapolis W-08 P-02,0.325422636805223,DFL,"87.40",87.4,5731.0088145966,"1865","[ { ""name"": ""Omar Fateh"", ""votes"": 1743, ""votes_pct"": 93.460000, ""party"": ""DFL"" }, { ""name"": ""Andrew Schmitz"", ""votes"": 113, ""votes_pct"": 6.060000, ""party"": ""R"" }, { ""name"": ""WRITE-IN"", ""votes"": 9, ""votes_pct"": 0.480000, ""party"": ""WI"" } ]"
"271725","5","62",62A,Hennepin,Minneapolis W-08 P-03,0.328586648226923,DFL,"83.86",83.86,5581.48059239898,"1834","[ { ""name"": ""Omar Fateh"", ""votes"": 1684, ""votes_pct"": 91.820000, ""party"": ""DFL"" }, { ""name"": ""Andrew Schmitz"", ""votes"": 146, ""votes_pct"": 7.960000, ""party"": ""R"" }, { ""name"": ""WRITE-IN"", ""votes"": 4, ""votes_pct"": 0.220000, ""party"": ""WI"" } ]"
"271730","5","62",62B,Hennepin,Minneapolis W-08 P-04,0.505807357168971,DFL,"81.04",81.04,4942.59319198642,"2500","[ { ""name"": ""Omar Fateh"", ""votes"": 2258, ""votes_pct"": 90.320000, ""party"": ""DFL"" }, { ""name"": ""Andrew Schmitz"", ""votes"": 232, ""votes_pct"": 9.280000, ""party"": ""R"" }, { ""name"": ""WRITE-IN"", ""votes"": 10, ""votes_pct"": 0.400000, ""party"": ""WI"" } ]"
"271735","5","62",62A,Hennepin,Minneapolis W-08 P-05,0.247600540358285,DFL,"82.98",82.98,2467.68443685892,"611","[ { ""name"": ""Omar Fateh"", ""votes"": 556, ""votes_pct"": 91, ""party"": ""DFL"" }, { ""name"": ""Andrew Schmitz"", ""votes"": 49, ""votes_pct"": 8.020000, ""party"": ""R"" }, { ""name"": ""WRITE-IN"", ""votes"": 6, ""votes_pct"": 0.980000, ""party"": ""WI"" } ]"
"271740","5","62",62B,Hennepin,Minneapolis W-08 P-06,0.150847221944133,DFL,"82.66",82.66,3135.62287660278,"473","[ { ""name"": ""Omar Fateh"", ""votes"": 432, ""votes_pct"": 91.330000, ""party"": ""DFL"" }, { ""name"": ""Andrew Schmitz"", ""votes"": 41, ""votes_pct"": 8.670000, ""party"": ""R"" }, { ""name"": ""WRITE-IN"", ""votes"": 0, ""votes_pct"": 0, ""party"": ""WI"" } ]"
"271745","5","62",62B,Hennepin,Minneapolis W-08 P-07,0.371871313946461,DFL,"84.19",84.19,3401.714390323,"1265","[ { ""name"": ""Omar Fateh"", ""votes"": 1164, ""votes_pct"": 92.020000, ""party"": ""DFL"" }, { ""name"": ""Andrew Schmitz"", ""votes"": 99, ""votes_pct"": 7.830000, ""party"": ""R"" }, { ""name"": ""WRITE-IN"", ""votes"": 2, ""votes_pct"": 0.160000, ""party"": ""WI"" } ]"
"271750","5","62",62B,Hennepin,Minneapolis W-08 P-08,0.340555005014153,DFL,"76.81",76.81,4052.2088346423,"1380","[ { ""name"": ""Omar Fateh"", ""votes"": 1219, ""votes_pct"": 88.330000, ""party"": ""DFL"" }, { ""name"": ""Andrew Schmitz"", ""votes"": 159, ""votes_pct"": 11.520000, ""party"": ""R"" }, { ""name"": ""WRITE-IN"", ""votes"": 2, ""votes_pct"": 0.140000, ""party"": ""WI"" } ]"
"271755","5","63",63B,Hennepin,Minneapolis W-08 P-09,0.180990356832628,DFL,"80.31",80.31,4967.11546257326,"899","[ { ""name"": ""Zaynab Mohamed"", ""votes"": 809, ""votes_pct"": 89.990000, ""party"": ""DFL"" }, { ""name"": ""Shawn Holster"", ""votes"": 87, ""votes_pct"": 9.680000, ""party"": ""R"" }, { ""name"": ""WRITE-IN"", ""votes"": 3, ""votes_pct"": 0.330000, ""party"": ""WI"" } ]"
"271760","5","62",62B,Hennepin,Minneapolis W-08 P-10,0.208655769688037,DFL,"82.69",82.69,5041.79683874955,"1052","[ { ""name"": ""Omar Fateh"", ""votes"": 960, ""votes_pct"": 91.250000, ""party"": ""DFL"" }, { ""name"": ""Andrew Schmitz"", ""votes"": 90, ""votes_pct"": 8.560000, ""party"": ""R"" }, { ""name"": ""WRITE-IN"", ""votes"": 2, ""votes_pct"": 0.190000, ""party"": ""WI"" } ]"
"271765","5","62",62B,Hennepin,Minneapolis W-08 P-11,0.252694808321155,DFL,"79.10",79.1,4467.84010918471,"1129","[ { ""name"": ""Omar Fateh"", ""votes"": 1010, ""votes_pct"": 89.460000, ""party"": ""DFL"" }, { ""name"": ""Andrew Schmitz"", ""votes"": 117, ""votes_pct"": 10.360000, ""party"": ""R"" }, { ""name"": ""WRITE-IN"", ""votes"": 2, ""votes_pct"": 0.180000, ""party"": ""WI"" } ]"
"271770","5","62",62A,Hennepin,Minneapolis W-09 P-01,0.0889411714154964,DFL,"80.00",80,4216.27008090724,"375","[ { ""name"": ""Omar Fateh"", ""votes"": 336, ""votes_pct"": 89.600000, ""party"": ""DFL"" }, { ""name"": ""Andrew Schmitz"", ""votes"": 36, ""votes_pct"": 9.600000, ""party"": ""R"" }, { ""name"": ""WRITE-IN"", ""votes"": 3, ""votes_pct"": 0.800000, ""party"": ""WI"" } ]"
"271775","5","62",62B,Hennepin,Minneapolis W-09 P-02,0.476431196128173,DFL,"87.86",87.86,3941.80736958872,"1878","[ { ""name"": ""Omar Fateh"", ""votes"": 1759, ""votes_pct"": 93.660000, ""party"": ""DFL"" }, { ""name"": ""Andrew Schmitz"", ""votes"": 109, ""votes_pct"": 5.800000, ""party"": ""R"" }, { ""name"": ""WRITE-IN"", ""votes"": 10, ""votes_pct"": 0.530000, ""party"": ""WI"" } ]"
"271780","5","62",62B,Hennepin,Minneapolis W-09 P-03,0.370293403456033,DFL,"69.91",69.91,2352.18880992952,"871","[ { ""name"": ""Omar Fateh"", ""votes"": 739, ""votes_pct"": 84.840000, ""party"": ""DFL"" }, { ""name"": ""Andrew Schmitz"", ""votes"": 130, ""votes_pct"": 14.930000, ""party"": ""R"" }, { ""name"": ""WRITE-IN"", ""votes"": 2, ""votes_pct"": 0.230000, ""party"": ""WI"" } ]"
"271785","5","62",62B,Hennepin,Minneapolis W-09 P-04,0.392123833675002,DFL,"73.31",73.31,1509.72715545431,"592","[ { ""name"": ""Omar Fateh"", ""votes"": 512, ""votes_pct"": 86.490000, ""party"": ""DFL"" }, { ""name"": ""Andrew Schmitz"", ""votes"": 78, ""votes_pct"": 13.180000, ""party"": ""R"" }, { ""name"": ""WRITE-IN"", ""votes"": 2, ""votes_pct"": 0.340000, ""party"": ""WI"" } ]"
"271790","5","62",62B,Hennepin,Minneapolis W-09 P-05,0.162826242678228,DFL,"81.04",81.04,3789.31546814168,"617","[ { ""name"": ""Omar Fateh"", ""votes"": 558, ""votes_pct"": 90.440000, ""party"": ""DFL"" }, { ""name"": ""Andrew Schmitz"", ""votes"": 58, ""votes_pct"": 9.400000, ""party"": ""R"" }, { ""name"": ""WRITE-IN"", ""votes"": 1, ""votes_pct"": 0.160000, ""party"": ""WI"" } ]"
"271795","5","63",63A,Hennepin,Minneapolis W-09 P-06,0.460462347602829,DFL,"78.19",78.19,3485.62701892054,"1605","[ { ""name"": ""Zaynab Mohamed"", ""votes"": 1427, ""votes_pct"": 88.910000, ""party"": ""DFL"" }, { ""name"": ""Shawn Holster"", ""votes"": 172, ""votes_pct"": 10.720000, ""party"": ""R"" }, { ""name"": ""WRITE-IN"", ""votes"": 6, ""votes_pct"": 0.370000, ""party"": ""WI"" } ]"
"271800","5","62",62B,Hennepin,Minneapolis W-09 P-07,0.18536445632725,DFL,"77.45",77.45,5168.19685381704,"958","[ { ""name"": ""Omar Fateh"", ""votes"": 849, ""votes_pct"": 88.620000, ""party"": ""DFL"" }, { ""name"": ""Andrew Schmitz"", ""votes"": 107, ""votes_pct"": 11.170000, ""party"": ""R"" }, { ""name"": ""WRITE-IN"", ""votes"": 2, ""votes_pct"": 0.210000, ""party"": ""WI"" } ]"
"271805","5","63",63A,Hennepin,Minneapolis W-09 P-08,0.530336464774974,DFL,"76.53",76.53,2241.97293411552,"1189","[ { ""name"": ""Zaynab Mohamed"", ""votes"": 1048, ""votes_pct"": 88.140000, ""party"": ""DFL"" }, { ""name"": ""Shawn Holster"", ""votes"": 138, ""votes_pct"": 11.610000, ""party"": ""R"" }, { ""name"": ""WRITE-IN"", ""votes"": 3, ""votes_pct"": 0.250000, ""party"": ""WI"" } ]"
"271810","5","63",63A,Hennepin,Minneapolis W-09 P-09,0.408023247462831,DFL,"72.09",72.09,3460.58713266975,"1412","[ { ""name"": ""Zaynab Mohamed"", ""votes"": 1211, ""votes_pct"": 85.760000, ""party"": ""DFL"" }, { ""name"": ""Shawn Holster"", ""votes"": 193, ""votes_pct"": 13.670000, ""party"": ""R"" }, { ""name"": ""WRITE-IN"", ""votes"": 8, ""votes_pct"": 0.570000, ""party"": ""WI"" } ]"
"271815","5","61",61A,Hennepin,Minneapolis W-10 P-01,0.288416875502913,DFL,"98.24",98.24,7457.95472698778,"2151","[ { ""name"": ""Scott Dibble"", ""votes"": 2132, ""votes_pct"": 99.120000, ""party"": ""DFL"" }, { ""name"": ""WRITE-IN"", ""votes"": 19, ""votes_pct"": 0.880000, ""party"": ""WI"" } ]"
"271820","5","61",61B,Hennepin,Minneapolis W-10 P-02,0.123698892951176,DFL,"97.90",97.9,10024.341935618,"1240","[ { ""name"": ""Scott Dibble"", ""votes"": 1227, ""votes_pct"": 98.950000, ""party"": ""DFL"" }, { ""name"": ""WRITE-IN"", ""votes"": 13, ""votes_pct"": 1.050000, ""party"": ""WI"" } ]"
"271825","5","61",61B,Hennepin,Minneapolis W-10 P-03,0.26228523768477,DFL,"96.68",96.68,5966.78644141196,"1565","[ { ""name"": ""Scott Dibble"", ""votes"": 1539, ""votes_pct"": 98.340000, ""party"": ""DFL"" }, { ""name"": ""WRITE-IN"", ""votes"": 26, ""votes_pct"": 1.660000, ""party"": ""WI"" } ]"
"271830","5","61",61B,Hennepin,Minneapolis W-10 P-04,0.187582977085947,DFL,"97.86",97.86,6498.45747698884,"1219","[ { ""name"": ""Scott Dibble"", ""votes"": 1206, ""votes_pct"": 98.930000, ""party"": ""DFL"" }, { ""name"": ""WRITE-IN"", ""votes"": 13, ""votes_pct"": 1.070000, ""party"": ""WI"" } ]"
"271835","5","61",61B,Hennepin,Minneapolis W-10 P-05,0.179566726249696,DFL,"98.26",98.26,8342.30278229251,"1498","[ { ""name"": ""Scott Dibble"", ""votes"": 1485, ""votes_pct"": 99.130000, ""party"": ""DFL"" }, { ""name"": ""WRITE-IN"", ""votes"": 13, ""votes_pct"": 0.870000, ""party"": ""WI"" } ]"
"271840","5","62",62A,Hennepin,Minneapolis W-10 P-06,0.176621089823521,DFL,"86.11",86.11,8311.5782009205,"1468","[ { ""name"": ""Omar Fateh"", ""votes"": 1364, ""votes_pct"": 92.920000, ""party"": ""DFL"" }, { ""name"": ""Andrew Schmitz"", ""votes"": 100, ""votes_pct"": 6.810000, ""party"": ""R"" }, { ""name"": ""WRITE-IN"", ""votes"": 4, ""votes_pct"": 0.270000, ""party"": ""WI"" } ]"
"271845","5","62",62A,Hennepin,Minneapolis W-10 P-07,0.154757252095875,DFL,"79.27",79.27,6235.57207776062,"965","[ { ""name"": ""Omar Fateh"", ""votes"": 864, ""votes_pct"": 89.530000, ""party"": ""DFL"" }, { ""name"": ""Andrew Schmitz"", ""votes"": 99, ""votes_pct"": 10.260000, ""party"": ""R"" }, { ""name"": ""WRITE-IN"", ""votes"": 2, ""votes_pct"": 0.210000, ""party"": ""WI"" } ]"
"271850","5","62",62A,Hennepin,Minneapolis W-10 P-08,0.170420296840537,DFL,"79.64",79.64,3602.85723815235,"614","[ { ""name"": ""Omar Fateh"", ""votes"": 551, ""votes_pct"": 89.740000, ""party"": ""DFL"" }, { ""name"": ""Andrew Schmitz"", ""votes"": 62, ""votes_pct"": 10.100000, ""party"": ""R"" }, { ""name"": ""WRITE-IN"", ""votes"": 1, ""votes_pct"": 0.160000, ""party"": ""WI"" } ]"
"271855","5","62",62A,Hennepin,Minneapolis W-10 P-09,0.310637741860789,DFL,"86.18",86.18,4146.30879134194,"1288","[ { ""name"": ""Omar Fateh"", ""votes"": 1197, ""votes_pct"": 92.930000, ""party"": ""DFL"" }, { ""name"": ""Andrew Schmitz"", ""votes"": 87, ""votes_pct"": 6.750000, ""party"": ""R"" }, { ""name"": ""WRITE-IN"", ""votes"": 4, ""votes_pct"": 0.310000, ""party"": ""WI"" } ]"
"271860","5","63",63B,Hennepin,Minneapolis W-11 P-01,0.320629663590479,DFL,"75.98",75.98,4413.1911693838,"1415","[ { ""name"": ""Zaynab Mohamed"", ""votes"": 1244, ""votes_pct"": 87.920000, ""party"": ""DFL"" }, { ""name"": ""Shawn Holster"", ""votes"": 169, ""votes_pct"": 11.940000, ""party"": ""R"" }, { ""name"": ""WRITE-IN"", ""votes"": 2, ""votes_pct"": 0.140000, ""party"": ""WI"" } ]"
"271865","5","63",63B,Hennepin,Minneapolis W-11 P-02,0.502010625737907,DFL,"66.31",66.31,3619.44530024476,"1817","[ { ""name"": ""Zaynab Mohamed"", ""votes"": 1510, ""votes_pct"": 83.100000, ""party"": ""DFL"" }, { ""name"": ""Shawn Holster"", ""votes"": 305, ""votes_pct"": 16.790000, ""party"": ""R"" }, { ""name"": ""WRITE-IN"", ""votes"": 2, ""votes_pct"": 0.110000, ""party"": ""WI"" } ]"
"271870","5","63",63B,Hennepin,Minneapolis W-11 P-03,0.632509015281858,DFL,"65.69",65.69,2267.16136110879,"1434","[ { ""name"": ""Zaynab Mohamed"", ""votes"": 1186, ""votes_pct"": 82.710000, ""party"": ""DFL"" }, { ""name"": ""Shawn Holster"", ""votes"": 244, ""votes_pct"": 17.020000, ""party"": ""R"" }, { ""name"": ""WRITE-IN"", ""votes"": 4, ""votes_pct"": 0.280000, ""party"": ""WI"" } ]"
"271875","5","63",63B,Hennepin,Minneapolis W-11 P-04,0.370155260849002,DFL,"69.51",69.51,3447.20212019496,"1276","[ { ""name"": ""Zaynab Mohamed"", ""votes"": 1079, ""votes_pct"": 84.560000, ""party"": ""DFL"" }, { ""name"": ""Shawn Holster"", ""votes"": 192, ""votes_pct"": 15.050000, ""party"": ""R"" }, { ""name"": ""WRITE-IN"", ""votes"": 5, ""votes_pct"": 0.390000, ""party"": ""WI"" } ]"
"271880","5","63",63B,Hennepin,Minneapolis W-11 P-05,0.534870739858455,DFL,"56.77",56.77,2473.49481175603,"1323","[ { ""name"": ""Zaynab Mohamed"", ""votes"": 1036, ""votes_pct"": 78.310000, ""party"": ""DFL"" }, { ""name"": ""Shawn Holster"", ""votes"": 285, ""votes_pct"": 21.540000, ""party"": ""R"" }, { ""name"": ""WRITE-IN"", ""votes"": 2, ""votes_pct"": 0.150000, ""party"": ""WI"" } ]"
"271885","5","62",62B,Hennepin,Minneapolis W-11 P-06,0.37429806996256,DFL,"75.74",75.74,3149.89601767899,"1179","[ { ""name"": ""Omar Fateh"", ""votes"": 1036, ""votes_pct"": 87.870000, ""party"": ""DFL"" }, { ""name"": ""Andrew Schmitz"", ""votes"": 143, ""votes_pct"": 12.130000, ""party"": ""R"" }, { ""name"": ""WRITE-IN"", ""votes"": 0, ""votes_pct"": 0, ""party"": ""WI"" } ]"
"271890","5","63",63B,Hennepin,Minneapolis W-11 P-07,0.284968584185185,DFL,"69.74",69.74,4790.00169054763,"1365","[ { ""name"": ""Zaynab Mohamed"", ""votes"": 1156, ""votes_pct"": 84.690000, ""party"": ""DFL"" }, { ""name"": ""Shawn Holster"", ""votes"": 204, ""votes_pct"": 14.950000, ""party"": ""R"" }, { ""name"": ""WRITE-IN"", ""votes"": 5, ""votes_pct"": 0.370000, ""party"": ""WI"" } ]"
"271895","5","63",63B,Hennepin,Minneapolis W-11 P-08,0.547155368218602,DFL,"68.35",68.35,3845.34288103594,"2104","[ { ""name"": ""Zaynab Mohamed"", ""votes"": 1769, ""votes_pct"": 84.080000, ""party"": ""DFL"" }, { ""name"": ""Shawn Holster"", ""votes"": 331, ""votes_pct"": 15.730000, ""party"": ""R"" }, { ""name"": ""WRITE-IN"", ""votes"": 4, ""votes_pct"": 0.190000, ""party"": ""WI"" } ]"
"271900","5","63",63B,Hennepin,Minneapolis W-11 P-09,0.326557308184064,DFL,"62.84",62.84,4516.81822159257,"1475","[ { ""name"": ""Zaynab Mohamed"", ""votes"": 1201, ""votes_pct"": 81.420000, ""party"": ""DFL"" }, { ""name"": ""Shawn Holster"", ""votes"": 274, ""votes_pct"": 18.580000, ""party"": ""R"" }, { ""name"": ""WRITE-IN"", ""votes"": 0, ""votes_pct"": 0, ""party"": ""WI"" } ]"
"271905","5","63",63B,Hennepin,Minneapolis W-11 P-10,0.835112297377215,DFL,"66.30",66.3,1499.1995734371,"1252","[ { ""name"": ""Zaynab Mohamed"", ""votes"": 1040, ""votes_pct"": 83.070000, ""party"": ""DFL"" }, { ""name"": ""Shawn Holster"", ""votes"": 210, ""votes_pct"": 16.770000, ""party"": ""R"" }, { ""name"": ""WRITE-IN"", ""votes"": 2, ""votes_pct"": 0.160000, ""party"": ""WI"" } ]"
"271910","5","63",63B,Hennepin,Minneapolis W-11 P-11,0.214292213618383,DFL,"51.31",51.31,4246.53786824262,"910","[ { ""name"": ""Zaynab Mohamed"", ""votes"": 686, ""votes_pct"": 75.380000, ""party"": ""DFL"" }, { ""name"": ""Shawn Holster"", ""votes"": 219, ""votes_pct"": 24.070000, ""party"": ""R"" }, { ""name"": ""WRITE-IN"", ""votes"": 5, ""votes_pct"": 0.550000, ""party"": ""WI"" } ]"
"271915","5","51",51A,Hennepin,Minneapolis W-11 P-12,0.521157673420956,DFL,"63.75",63.75,2630.68178772185,"1371","[ { ""name"": ""Melissa Halvorson Wiklund"", ""votes"": 1122, ""votes_pct"": 81.840000, ""party"": ""DFL"" }, { ""name"": ""Frank Pafko"", ""votes"": 248, ""votes_pct"": 18.090000, ""party"": ""R"" }, { ""name"": ""WRITE-IN"", ""votes"": 1, ""votes_pct"": 0.070000, ""party"": ""WI"" } ]"
"271920","5","63",63A,Hennepin,Minneapolis W-12 P-01,0.685796434276239,DFL,"79.21",79.21,3339.18329922023,"2290","[ { ""name"": ""Zaynab Mohamed"", ""votes"": 2048, ""votes_pct"": 89.430000, ""party"": ""DFL"" }, { ""name"": ""Shawn Holster"", ""votes"": 234, ""votes_pct"": 10.220000, ""party"": ""R"" }, { ""name"": ""WRITE-IN"", ""votes"": 8, ""votes_pct"": 0.350000, ""party"": ""WI"" } ]"
"271925","5","63",63A,Hennepin,Minneapolis W-12 P-02,0.483153379185906,DFL,"78.04",78.04,3797.96577867654,"1835","[ { ""name"": ""Zaynab Mohamed"", ""votes"": 1632, ""votes_pct"": 88.940000, ""party"": ""DFL"" }, { ""name"": ""Shawn Holster"", ""votes"": 200, ""votes_pct"": 10.900000, ""party"": ""R"" }, { ""name"": ""WRITE-IN"", ""votes"": 3, ""votes_pct"": 0.160000, ""party"": ""WI"" } ]"
"271930","5","63",63A,Hennepin,Minneapolis W-12 P-03,0.278268155033111,DFL,"79.10",79.1,4502.85085568237,"1253","[ { ""name"": ""Zaynab Mohamed"", ""votes"": 1122, ""votes_pct"": 89.550000, ""party"": ""DFL"" }, { ""name"": ""Shawn Holster"", ""votes"": 131, ""votes_pct"": 10.450000, ""party"": ""R"" }, { ""name"": ""WRITE-IN"", ""votes"": 0, ""votes_pct"": 0, ""party"": ""WI"" } ]"
"271935","5","63",63A,Hennepin,Minneapolis W-12 P-04,0.372067716885193,DFL,"73.50",73.5,5020.591454798,"1868","[ { ""name"": ""Zaynab Mohamed"", ""votes"": 1618, ""votes_pct"": 86.620000, ""party"": ""DFL"" }, { ""name"": ""Shawn Holster"", ""votes"": 245, ""votes_pct"": 13.120000, ""party"": ""R"" }, { ""name"": ""WRITE-IN"", ""votes"": 5, ""votes_pct"": 0.270000, ""party"": ""WI"" } ]"
"271940","5","63",63A,Hennepin,Minneapolis W-12 P-05,0.317815317107145,DFL,"68.96",68.96,3467.42255858135,"1102","[ { ""name"": ""Zaynab Mohamed"", ""votes"": 930, ""votes_pct"": 84.390000, ""party"": ""DFL"" }, { ""name"": ""Shawn Holster"", ""votes"": 170, ""votes_pct"": 15.430000, ""party"": ""R"" }, { ""name"": ""WRITE-IN"", ""votes"": 2, ""votes_pct"": 0.180000, ""party"": ""WI"" } ]"
"271945","5","63",63A,Hennepin,Minneapolis W-12 P-06,0.479560957596864,DFL,"75.16",75.16,3928.59337307387,"1884","[ { ""name"": ""Zaynab Mohamed"", ""votes"": 1647, ""votes_pct"": 87.420000, ""party"": ""DFL"" }, { ""name"": ""Shawn Holster"", ""votes"": 231, ""votes_pct"": 12.260000, ""party"": ""R"" }, { ""name"": ""WRITE-IN"", ""votes"": 6, ""votes_pct"": 0.320000, ""party"": ""WI"" } ]"
"271950","5","63",63A,Hennepin,Minneapolis W-12 P-07,0.533881298979171,DFL,"73.47",73.47,4257.50069228156,"2273","[ { ""name"": ""Zaynab Mohamed"", ""votes"": 1968, ""votes_pct"": 86.580000, ""party"": ""DFL"" }, { ""name"": ""Shawn Holster"", ""votes"": 298, ""votes_pct"": 13.110000, ""party"": ""R"" }, { ""name"": ""WRITE-IN"", ""votes"": 7, ""votes_pct"": 0.310000, ""party"": ""WI"" } ]"
"271955","5","63",63B,Hennepin,Minneapolis W-12 P-08,0.772499545383852,DFL,"73.53",73.53,2005.17917357519,"1549","[ { ""name"": ""Zaynab Mohamed"", ""votes"": 1342, ""votes_pct"": 86.640000, ""party"": ""DFL"" }, { ""name"": ""Shawn Holster"", ""votes"": 203, ""votes_pct"": 13.110000, ""party"": ""R"" }, { ""name"": ""WRITE-IN"", ""votes"": 4, ""votes_pct"": 0.260000, ""party"": ""WI"" } ]"
"271960","5","63",63A,Hennepin,Minneapolis W-12 P-09,0.399463683914295,DFL,"74.34",74.34,3034.06804874917,"1212","[ { ""name"": ""Zaynab Mohamed"", ""votes"": 1056, ""votes_pct"": 87.130000, ""party"": ""DFL"" }, { ""name"": ""Shawn Holster"", ""votes"": 155, ""votes_pct"": 12.790000, ""party"": ""R"" }, { ""name"": ""WRITE-IN"", ""votes"": 1, ""votes_pct"": 0.080000, ""party"": ""WI"" } ]"
"271965","5","63",63B,Hennepin,Minneapolis W-12 P-10,0.765351811666728,DFL,"63.96",63.96,2469.45257225444,"1890","[ { ""name"": ""Zaynab Mohamed"", ""votes"": 1548, ""votes_pct"": 81.900000, ""party"": ""DFL"" }, { ""name"": ""Shawn Holster"", ""votes"": 339, ""votes_pct"": 17.940000, ""party"": ""R"" }, { ""name"": ""WRITE-IN"", ""votes"": 3, ""votes_pct"": 0.160000, ""party"": ""WI"" } ]"
"271970","5","63",63B,Hennepin,Minneapolis W-12 P-11,0.457366122019521,DFL,"63.80",63.8,4547.77890154099,"2080","[ { ""name"": ""Zaynab Mohamed"", ""votes"": 1703, ""votes_pct"": 81.880000, ""party"": ""DFL"" }, { ""name"": ""Shawn Holster"", ""votes"": 376, ""votes_pct"": 18.080000, ""party"": ""R"" }, { ""name"": ""WRITE-IN"", ""votes"": 1, ""votes_pct"": 0.050000, ""party"": ""WI"" } ]"
"271975","5","51",51A,Hennepin,Minneapolis W-12 P-12,0.350744740462245,DFL,"61.00",61,2149.71149390952,"754","[ { ""name"": ""Melissa Halvorson Wiklund"", ""votes"": 607, ""votes_pct"": 80.500000, ""party"": ""DFL"" }, { ""name"": ""Frank Pafko"", ""votes"": 147, ""votes_pct"": 19.500000, ""party"": ""R"" }, { ""name"": ""WRITE-IN"", ""votes"": 0, ""votes_pct"": 0, ""party"": ""WI"" } ]"
"271980","5","61",61B,Hennepin,Minneapolis W-13 P-01,0.418738018454613,DFL,"97.82",97.82,3727.86785819209,"1561","[ { ""name"": ""Scott Dibble"", ""votes"": 1544, ""votes_pct"": 98.910000, ""party"": ""DFL"" }, { ""name"": ""WRITE-IN"", ""votes"": 17, ""votes_pct"": 1.090000, ""party"": ""WI"" } ]"
"271985","5","61",61B,Hennepin,Minneapolis W-13 P-02,0.322865189860742,DFL,"98.58",98.58,3506.10730282894,"1132","[ { ""name"": ""Scott Dibble"", ""votes"": 1124, ""votes_pct"": 99.290000, ""party"": ""DFL"" }, { ""name"": ""WRITE-IN"", ""votes"": 8, ""votes_pct"": 0.710000, ""party"": ""WI"" } ]"
"271990","5","61",61B,Hennepin,Minneapolis W-13 P-03,0.228386070021038,DFL,"96.90",96.9,5665.8446808109,"1294","[ { ""name"": ""Scott Dibble"", ""votes"": 1274, ""votes_pct"": 98.450000, ""party"": ""DFL"" }, { ""name"": ""WRITE-IN"", ""votes"": 20, ""votes_pct"": 1.550000, ""party"": ""WI"" } ]"
"271995","5","61",61B,Hennepin,Minneapolis W-13 P-04,0.316869833495101,DFL,"97.36",97.36,4067.916424174,"1289","[ { ""name"": ""Scott Dibble"", ""votes"": 1272, ""votes_pct"": 98.680000, ""party"": ""DFL"" }, { ""name"": ""WRITE-IN"", ""votes"": 17, ""votes_pct"": 1.320000, ""party"": ""WI"" } ]"
"272000","5","61",61B,Hennepin,Minneapolis W-13 P-05,0.311739693473894,DFL,"97.02",97.02,4301.6658708311,"1341","[ { ""name"": ""Scott Dibble"", ""votes"": 1321, ""votes_pct"": 98.510000, ""party"": ""DFL"" }, { ""name"": ""WRITE-IN"", ""votes"": 20, ""votes_pct"": 1.490000, ""party"": ""WI"" } ]"
"272005","5","61",61B,Hennepin,Minneapolis W-13 P-06,0.191165562806447,DFL,"99.10",99.1,4655.65024858121,"890","[ { ""name"": ""Scott Dibble"", ""votes"": 886, ""votes_pct"": 99.550000, ""party"": ""DFL"" }, { ""name"": ""WRITE-IN"", ""votes"": 4, ""votes_pct"": 0.450000, ""party"": ""WI"" } ]"
"272010","5","61",61B,Hennepin,Minneapolis W-13 P-07,0.527909250090222,DFL,"96.96",96.96,3864.3005396313,"2040","[ { ""name"": ""Scott Dibble"", ""votes"": 2009, ""votes_pct"": 98.480000, ""party"": ""DFL"" }, { ""name"": ""WRITE-IN"", ""votes"": 31, ""votes_pct"": 1.520000, ""party"": ""WI"" } ]"
"272015","5","63",63B,Hennepin,Minneapolis W-13 P-08,0.530506923840036,DFL,"65.64",65.64,3181.86233608703,"1688","[ { ""name"": ""Zaynab Mohamed"", ""votes"": 1394, ""votes_pct"": 82.580000, ""party"": ""DFL"" }, { ""name"": ""Shawn Holster"", ""votes"": 286, ""votes_pct"": 16.940000, ""party"": ""R"" }, { ""name"": ""WRITE-IN"", ""votes"": 8, ""votes_pct"": 0.470000, ""party"": ""WI"" } ]"
"272020","5","63",63B,Hennepin,Minneapolis W-13 P-09,0.373222423789558,DFL,"67.01",67.01,3914.5557899913,"1461","[ { ""name"": ""Zaynab Mohamed"", ""votes"": 1219, ""votes_pct"": 83.440000, ""party"": ""DFL"" }, { ""name"": ""Shawn Holster"", ""votes"": 240, ""votes_pct"": 16.430000, ""party"": ""R"" }, { ""name"": ""WRITE-IN"", ""votes"": 2, ""votes_pct"": 0.140000, ""party"": ""WI"" } ]"
"272025","5","61",61B,Hennepin,Minneapolis W-13 P-10,0.463769086774851,DFL,"97.06",97.06,3531.93010640489,"1638","[ { ""name"": ""Scott Dibble"", ""votes"": 1614, ""votes_pct"": 98.530000, ""party"": ""DFL"" }, { ""name"": ""WRITE-IN"", ""votes"": 24, ""votes_pct"": 1.470000, ""party"": ""WI"" } ]"
"272030","5","61",61B,Hennepin,Minneapolis W-13 P-11,0.498997765704438,DFL,"98.22",98.22,4046.11030101461,"2019","[ { ""name"": ""Scott Dibble"", ""votes"": 2001, ""votes_pct"": 99.110000, ""party"": ""DFL"" }, { ""name"": ""WRITE-IN"", ""votes"": 18, ""votes_pct"": 0.890000, ""party"": ""WI"" } ]"
"272035","5","61",61B,Hennepin,Minneapolis W-13 P-12,0.82308550011831,DFL,"98.82",98.82,1033.91445952781,"851","[ { ""name"": ""Scott Dibble"", ""votes"": 846, ""votes_pct"": 99.410000, ""party"": ""DFL"" }, { ""name"": ""WRITE-IN"", ""votes"": 5, ""votes_pct"": 0.590000, ""party"": ""WI"" } ]"
"272040","5","61",61B,Hennepin,Minneapolis W-13 P-13,0.655335414439992,DFL,"98.14",98.14,1640.38136244876,"1075","[ { ""name"": ""Scott Dibble"", ""votes"": 1065, ""votes_pct"": 99.070000, ""party"": ""DFL"" }, { ""name"": ""WRITE-IN"", ""votes"": 10, ""votes_pct"": 0.930000, ""party"": ""WI"" } ]"
"272090","3","49",49A,Hennepin,Minnetonka W-01 P-A,1.93711020641681,DFL,"29.33",29.33,772.800636247273,"1497","[ { ""name"": ""Steve Cwodzinski"", ""votes"": 967, ""votes_pct"": 64.600000, ""party"": ""DFL"" }, { ""name"": ""Marla Helseth"", ""votes"": 528, ""votes_pct"": 35.270000, ""party"": ""R"" }, { ""name"": ""WRITE-IN"", ""votes"": 2, ""votes_pct"": 0.130000, ""party"": ""WI"" } ]"
"272095","3","49",49A,Hennepin,Minnetonka W-01 P-B,1.22784492195694,DFL,"30.76",30.76,1088.08529164309,"1336","[ { ""name"": ""Steve Cwodzinski"", ""votes"": 873, ""votes_pct"": 65.340000, ""party"": ""DFL"" }, { ""name"": ""Marla Helseth"", ""votes"": 462, ""votes_pct"": 34.580000, ""party"": ""R"" }, { ""name"": ""WRITE-IN"", ""votes"": 1, ""votes_pct"": 0.070000, ""party"": ""WI"" } ]"
"272100","3","49",49A,Hennepin,Minnetonka W-01 P-C,1.03005775641998,DFL,"41.20",41.2,1251.38614021022,"1289","[ { ""name"": ""Steve Cwodzinski"", ""votes"": 910, ""votes_pct"": 70.600000, ""party"": ""DFL"" }, { ""name"": ""Marla Helseth"", ""votes"": 379, ""votes_pct"": 29.400000, ""party"": ""R"" }, { ""name"": ""WRITE-IN"", ""votes"": 0, ""votes_pct"": 0, ""party"": ""WI"" } ]"
"272105","3","49",49A,Hennepin,Minnetonka W-01 P-D,1.58715106297862,DFL,"33.91",33.91,908.546157726022,"1442","[ { ""name"": ""Steve Cwodzinski"", ""votes"": 965, ""votes_pct"": 66.920000, ""party"": ""DFL"" }, { ""name"": ""Marla Helseth"", ""votes"": 476, ""votes_pct"": 33.010000, ""party"": ""R"" }, { ""name"": ""WRITE-IN"", ""votes"": 1, ""votes_pct"": 0.070000, ""party"": ""WI"" } ]"
"272110","3","45",45B,Hennepin,Minnetonka W-01 P-E,1.11512988077248,DFL,"28.08",28.08,1059.96621593639,"1182","[ { ""name"": ""Kelly Morrison"", ""votes"": 757, ""votes_pct"": 64.040000, ""party"": ""DFL"" }, { ""name"": ""Kathleen Fowke"", ""votes"": 425, ""votes_pct"": 35.960000, ""party"": ""R"" }, { ""name"": ""WRITE-IN"", ""votes"": 0, ""votes_pct"": 0, ""party"": ""WI"" } ]"
"272115","3","45",45B,Hennepin,Minnetonka W-01 P-F,0.846203108267088,DFL,"38.68",38.68,1353.10304206375,"1145","[ { ""name"": ""Kelly Morrison"", ""votes"": 794, ""votes_pct"": 69.340000, ""party"": ""DFL"" }, { ""name"": ""Kathleen Fowke"", ""votes"": 351, ""votes_pct"": 30.660000, ""party"": ""R"" }, { ""name"": ""WRITE-IN"", ""votes"": 0, ""votes_pct"": 0, ""party"": ""WI"" } ]"
"272120","3","45",45B,Hennepin,Minnetonka W-02 P-A,1.97671886060349,DFL,"40.18",40.18,896.435014263492,"1772","[ { ""name"": ""Kelly Morrison"", ""votes"": 1242, ""votes_pct"": 70.090000, ""party"": ""DFL"" }, { ""name"": ""Kathleen Fowke"", ""votes"": 530, ""votes_pct"": 29.910000, ""party"": ""R"" }, { ""name"": ""WRITE-IN"", ""votes"": 0, ""votes_pct"": 0, ""party"": ""WI"" } ]"
"272125","3","45",45B,Hennepin,Minnetonka W-02 P-B,1.68771639388037,DFL,"41.15",41.15,1051.12446998352,"1774","[ { ""name"": ""Kelly Morrison"", ""votes"": 1251, ""votes_pct"": 70.520000, ""party"": ""DFL"" }, { ""name"": ""Kathleen Fowke"", ""votes"": 521, ""votes_pct"": 29.370000, ""party"": ""R"" }, { ""name"": ""WRITE-IN"", ""votes"": 2, ""votes_pct"": 0.110000, ""party"": ""WI"" } ]"
"272130","3","45",45B,Hennepin,Minnetonka W-02 P-C,1.2399662605074,DFL,"37.31",37.31,1296.80947878533,"1608","[ { ""name"": ""Kelly Morrison"", ""votes"": 1103, ""votes_pct"": 68.590000, ""party"": ""DFL"" }, { ""name"": ""Kathleen Fowke"", ""votes"": 503, ""votes_pct"": 31.280000, ""party"": ""R"" }, { ""name"": ""WRITE-IN"", ""votes"": 2, ""votes_pct"": 0.120000, ""party"": ""WI"" } ]"
"272135","3","45",45B,Hennepin,Minnetonka W-02 P-D,0.464198117554314,DFL,"39.59",39.59,1986.22089390985,"922","[ { ""name"": ""Kelly Morrison"", ""votes"": 643, ""votes_pct"": 69.740000, ""party"": ""DFL"" }, { ""name"": ""Kathleen Fowke"", ""votes"": 278, ""votes_pct"": 30.150000, ""party"": ""R"" }, { ""name"": ""WRITE-IN"", ""votes"": 1, ""votes_pct"": 0.110000, ""party"": ""WI"" } ]"
"272140","3","45",45B,Hennepin,Minnetonka W-02 P-E,0.597633312999294,DFL,"48.68",48.68,2034.69246702022,"1216","[ { ""name"": ""Kelly Morrison"", ""votes"": 904, ""votes_pct"": 74.340000, ""party"": ""DFL"" }, { ""name"": ""Kathleen Fowke"", ""votes"": 312, ""votes_pct"": 25.660000, ""party"": ""R"" }, { ""name"": ""WRITE-IN"", ""votes"": 0, ""votes_pct"": 0, ""party"": ""WI"" } ]"
"272145","3","45",45B,Hennepin,Minnetonka W-03 P-A,0.982950990507486,DFL,"40.96",40.96,1001.06720426821,"984","[ { ""name"": ""Kelly Morrison"", ""votes"": 693, ""votes_pct"": 70.430000, ""party"": ""DFL"" }, { ""name"": ""Kathleen Fowke"", ""votes"": 290, ""votes_pct"": 29.470000, ""party"": ""R"" }, { ""name"": ""WRITE-IN"", ""votes"": 1, ""votes_pct"": 0.100000, ""party"": ""WI"" } ]"
"272150","3","45",45B,Hennepin,Minnetonka W-03 P-B,1.51478110363437,DFL,"22.16",22.16,938.089336202199,"1421","[ { ""name"": ""Kelly Morrison"", ""votes"": 866, ""votes_pct"": 60.940000, ""party"": ""DFL"" }, { ""name"": ""Kathleen Fowke"", ""votes"": 551, ""votes_pct"": 38.780000, ""party"": ""R"" }, { ""name"": ""WRITE-IN"", ""votes"": 4, ""votes_pct"": 0.280000, ""party"": ""WI"" } ]"
"272155","3","45",45B,Hennepin,Minnetonka W-03 P-C,2.80046166024982,DFL,"22.32",22.32,590.259821608319,"1653","[ { ""name"": ""Kelly Morrison"", ""votes"": 1009, ""votes_pct"": 61.040000, ""party"": ""DFL"" }, { ""name"": ""Kathleen Fowke"", ""votes"": 640, ""votes_pct"": 38.720000, ""party"": ""R"" }, { ""name"": ""WRITE-IN"", ""votes"": 4, ""votes_pct"": 0.240000, ""party"": ""WI"" } ]"
"272160","3","45",45B,Hennepin,Minnetonka W-03 P-D,1.51119123775706,DFL,"21.30",21.3,1111.70575769979,"1680","[ { ""name"": ""Kelly Morrison"", ""votes"": 1019, ""votes_pct"": 60.650000, ""party"": ""DFL"" }, { ""name"": ""Kathleen Fowke"", ""votes"": 661, ""votes_pct"": 39.350000, ""party"": ""R"" }, { ""name"": ""WRITE-IN"", ""votes"": 0, ""votes_pct"": 0, ""party"": ""WI"" } ]"
"272165","3","45",45B,Hennepin,Minnetonka W-03 P-E,1.43891988169644,DFL,"27.42",27.42,1203.68063714432,"1732","[ { ""name"": ""Kelly Morrison"", ""votes"": 1103, ""votes_pct"": 63.680000, ""party"": ""DFL"" }, { ""name"": ""Kathleen Fowke"", ""votes"": 628, ""votes_pct"": 36.260000, ""party"": ""R"" }, { ""name"": ""WRITE-IN"", ""votes"": 1, ""votes_pct"": 0.060000, ""party"": ""WI"" } ]"
"272185","3","45",45B,Hennepin,Minnetonka W-04 P-A,1.06457086685278,DFL,"25.34",25.34,837.896308995422,"892","[ { ""name"": ""Kelly Morrison"", ""votes"": 559, ""votes_pct"": 62.670000, ""party"": ""DFL"" }, { ""name"": ""Kathleen Fowke"", ""votes"": 333, ""votes_pct"": 37.330000, ""party"": ""R"" }, { ""name"": ""WRITE-IN"", ""votes"": 0, ""votes_pct"": 0, ""party"": ""WI"" } ]"
"272190","3","49",49A,Hennepin,Minnetonka W-04 P-B,1.06811252995204,DFL,"18.22",18.22,1166.54375363984,"1246","[ { ""name"": ""Steve Cwodzinski"", ""votes"": 735, ""votes_pct"": 58.990000, ""party"": ""DFL"" }, { ""name"": ""Marla Helseth"", ""votes"": 508, ""votes_pct"": 40.770000, ""party"": ""R"" }, { ""name"": ""WRITE-IN"", ""votes"": 3, ""votes_pct"": 0.240000, ""party"": ""WI"" } ]"
"272195","3","49",49A,Hennepin,Minnetonka W-04 P-C,1.53283011349268,DFL,"24.84",24.84,1163.2078364753,"1783","[ { ""name"": ""Steve Cwodzinski"", ""votes"": 1113, ""votes_pct"": 62.420000, ""party"": ""DFL"" }, { ""name"": ""Marla Helseth"", ""votes"": 670, ""votes_pct"": 37.580000, ""party"": ""R"" }, { ""name"": ""WRITE-IN"", ""votes"": 0, ""votes_pct"": 0, ""party"": ""WI"" } ]"
"272200","3","49",49A,Hennepin,Minnetonka W-04 P-D,1.16306314748395,DFL,"29.44",29.44,1474.55450179988,"1715","[ { ""name"": ""Steve Cwodzinski"", ""votes"": 1110, ""votes_pct"": 64.720000, ""party"": ""DFL"" }, { ""name"": ""Marla Helseth"", ""votes"": 605, ""votes_pct"": 35.280000, ""party"": ""R"" }, { ""name"": ""WRITE-IN"", ""votes"": 0, ""votes_pct"": 0, ""party"": ""WI"" } ]"
"272205","3","49",49A,Hennepin,Minnetonka W-04 P-E,1.14806845054044,DFL,"29.75",29.75,1411.06568971336,"1620","[ { ""name"": ""Steve Cwodzinski"", ""votes"": 1050, ""votes_pct"": 64.810000, ""party"": ""DFL"" }, { ""name"": ""Marla Helseth"", ""votes"": 568, ""votes_pct"": 35.060000, ""party"": ""R"" }, { ""name"": ""WRITE-IN"", ""votes"": 2, ""votes_pct"": 0.120000, ""party"": ""WI"" } ]"
"272230","3","45",45A,Hennepin,Minnetonka Beach P-01,1.53446841435631,R,"17.40",-17.4,220.923413495094,"339","[ { ""name"": ""Kathleen Fowke"", ""votes"": 199, ""votes_pct"": 58.700000, ""party"": ""R"" }, { ""name"": ""Kelly Morrison"", ""votes"": 140, ""votes_pct"": 41.300000, ""party"": ""DFL"" }, { ""name"": ""WRITE-IN"", ""votes"": 0, ""votes_pct"": 0, ""party"": ""WI"" } ]"
"272240","3","45",45A,Hennepin,Minnetrista P-01,7.21000269219087,R,"12.28",-12.28,204.576900033278,"1475","[ { ""name"": ""Kathleen Fowke"", ""votes"": 828, ""votes_pct"": 56.140000, ""party"": ""R"" }, { ""name"": ""Kelly Morrison"", ""votes"": 647, ""votes_pct"": 43.860000, ""party"": ""DFL"" }, { ""name"": ""WRITE-IN"", ""votes"": 0, ""votes_pct"": 0, ""party"": ""WI"" } ]"
"272245","3","45",45A,Hennepin,Minnetrista P-02,12.0917782460089,R,"27.74",-27.74,35.4786526242821,"429","[ { ""name"": ""Kathleen Fowke"", ""votes"": 274, ""votes_pct"": 63.870000, ""party"": ""R"" }, { ""name"": ""Kelly Morrison"", ""votes"": 155, ""votes_pct"": 36.130000, ""party"": ""DFL"" }, { ""name"": ""WRITE-IN"", ""votes"": 0, ""votes_pct"": 0, ""party"": ""WI"" } ]"
"272250","3","45",45A,Hennepin,Minnetrista P-03,4.56064637548806,R,"19.20",-19.2,239.878278193171,"1094","[ { ""name"": ""Kathleen Fowke"", ""votes"": 652, ""votes_pct"": 59.600000, ""party"": ""R"" }, { ""name"": ""Kelly Morrison"", ""votes"": 442, ""votes_pct"": 40.400000, ""party"": ""DFL"" }, { ""name"": ""WRITE-IN"", ""votes"": 0, ""votes_pct"": 0, ""party"": ""WI"" } ]"
"272255","3","45",45A,Hennepin,Minnetrista P-04,7.06223339934255,R,"9.45",-9.45,260.682406810767,"1841","[ { ""name"": ""Kathleen Fowke"", ""votes"": 1007, ""votes_pct"": 54.700000, ""party"": ""R"" }, { ""name"": ""Kelly Morrison"", ""votes"": 833, ""votes_pct"": 45.250000, ""party"": ""DFL"" }, { ""name"": ""WRITE-IN"", ""votes"": 1, ""votes_pct"": 0.050000, ""party"": ""WI"" } ]"
"272260","3","45",45A,Hennepin,Mound P-01,1.13647975112915,DFL,"5.72",5.72,1124.52509490841,"1278","[ { ""name"": ""Kelly Morrison"", ""votes"": 675, ""votes_pct"": 52.820000, ""party"": ""DFL"" }, { ""name"": ""Kathleen Fowke"", ""votes"": 602, ""votes_pct"": 47.100000, ""party"": ""R"" }, { ""name"": ""WRITE-IN"", ""votes"": 1, ""votes_pct"": 0.080000, ""party"": ""WI"" } ]"
"272265","3","45",45A,Hennepin,Mound P-02,1.19133606084422,R,"8.98",-8.98,944.317927556724,"1125","[ { ""name"": ""Kathleen Fowke"", ""votes"": 613, ""votes_pct"": 54.490000, ""party"": ""R"" }, { ""name"": ""Kelly Morrison"", ""votes"": 512, ""votes_pct"": 45.510000, ""party"": ""DFL"" }, { ""name"": ""WRITE-IN"", ""votes"": 0, ""votes_pct"": 0, ""party"": ""WI"" } ]"
"272270","3","45",45A,Hennepin,Mound P-03,1.64901435755156,R,"8.88",-8.88,744.68726992973,"1228","[ { ""name"": ""Kathleen Fowke"", ""votes"": 668, ""votes_pct"": 54.400000, ""party"": ""R"" }, { ""name"": ""Kelly Morrison"", ""votes"": 559, ""votes_pct"": 45.520000, ""party"": ""DFL"" }, { ""name"": ""WRITE-IN"", ""votes"": 1, ""votes_pct"": 0.080000, ""party"": ""WI"" } ]"
"272275","3","45",45A,Hennepin,Mound P-04,1.09777432627863,DFL,"0.98",0.98,1116.80513075583,"1226","[ { ""name"": ""Kelly Morrison"", ""votes"": 619, ""votes_pct"": 50.490000, ""party"": ""DFL"" }, { ""name"": ""Kathleen Fowke"", ""votes"": 607, ""votes_pct"": 49.510000, ""party"": ""R"" }, { ""name"": ""WRITE-IN"", ""votes"": 0, ""votes_pct"": 0, ""party"": ""WI"" } ]"
"272290","5","43",43A,Hennepin,New Hope P-01,0.551459839632273,DFL,"59.84",59.84,1575.8173806083,"869","[ { ""name"": ""Ann H. Rest"", ""votes"": 690, ""votes_pct"": 79.400000, ""party"": ""DFL"" }, { ""name"": ""Andrew Thomas Schuler"", ""votes"": 170, ""votes_pct"": 19.560000, ""party"": ""LMN"" }, { ""name"": ""WRITE-IN"", ""votes"": 9, ""votes_pct"": 1.040000, ""party"": ""WI"" } ]"
"272295","5","43",43A,Hennepin,New Hope P-02,0.493127282713923,DFL,"55.53",55.53,2074.51511173733,"1023","[ { ""name"": ""Ann H. Rest"", ""votes"": 789, ""votes_pct"": 77.130000, ""party"": ""DFL"" }, { ""name"": ""Andrew Thomas Schuler"", ""votes"": 221, ""votes_pct"": 21.600000, ""party"": ""LMN"" }, { ""name"": ""WRITE-IN"", ""votes"": 13, ""votes_pct"": 1.270000, ""party"": ""WI"" } ]"
"272300","5","43",43A,Hennepin,New Hope P-03,0.773022699304713,DFL,"51.50",51.5,1560.10942639165,"1206","[ { ""name"": ""Ann H. Rest"", ""votes"": 907, ""votes_pct"": 75.210000, ""party"": ""DFL"" }, { ""name"": ""Andrew Thomas Schuler"", ""votes"": 286, ""votes_pct"": 23.710000, ""party"": ""LMN"" }, { ""name"": ""WRITE-IN"", ""votes"": 13, ""votes_pct"": 1.080000, ""party"": ""WI"" } ]"
"272310","5","43",43A,Hennepin,New Hope P-04,0.730694949350652,DFL,"45.96",45.96,1542.36730526403,"1127","[ { ""name"": ""Ann H. Rest"", ""votes"": 816, ""votes_pct"": 72.400000, ""party"": ""DFL"" }, { ""name"": ""Andrew Thomas Schuler"", ""votes"": 298, ""votes_pct"": 26.440000, ""party"": ""LMN"" }, { ""name"": ""WRITE-IN"", ""votes"": 13, ""votes_pct"": 1.150000, ""party"": ""WI"" } ]"
"272315","5","43",43A,Hennepin,New Hope P-05,0.583951504611618,DFL,"48.31",48.31,1119.95601490054,"654","[ { ""name"": ""Ann H. Rest"", ""votes"": 483, ""votes_pct"": 73.850000, ""party"": ""DFL"" }, { ""name"": ""Andrew Thomas Schuler"", ""votes"": 167, ""votes_pct"": 25.540000, ""party"": ""LMN"" }, { ""name"": ""WRITE-IN"", ""votes"": 4, ""votes_pct"": 0.610000, ""party"": ""WI"" } ]"
"272320","5","43",43A,Hennepin,New Hope P-06,0.539242704335907,DFL,"61.45",61.45,485.866564152519,"262","[ { ""name"": ""Ann H. Rest"", ""votes"": 211, ""votes_pct"": 80.530000, ""party"": ""DFL"" }, { ""name"": ""Andrew Thomas Schuler"", ""votes"": 50, ""votes_pct"": 19.080000, ""party"": ""LMN"" }, { ""name"": ""WRITE-IN"", ""votes"": 1, ""votes_pct"": 0.380000, ""party"": ""WI"" } ]"
"272330","5","43",43A,Hennepin,New Hope P-07,0.703435147208937,DFL,"49.71",49.71,1967.48770016878,"1384","[ { ""name"": ""Ann H. Rest"", ""votes"": 1028, ""votes_pct"": 74.280000, ""party"": ""DFL"" }, { ""name"": ""Andrew Thomas Schuler"", ""votes"": 340, ""votes_pct"": 24.570000, ""party"": ""LMN"" }, { ""name"": ""WRITE-IN"", ""votes"": 16, ""votes_pct"": 1.160000, ""party"": ""WI"" } ]"
"272335","5","43",43A,Hennepin,New Hope P-08,0.735309117620649,DFL,"51.43",51.43,1385.81172949049,"1019","[ { ""name"": ""Ann H. Rest"", ""votes"": 763, ""votes_pct"": 74.880000, ""party"": ""DFL"" }, { ""name"": ""Andrew Thomas Schuler"", ""votes"": 239, ""votes_pct"": 23.450000, ""party"": ""LMN"" }, { ""name"": ""WRITE-IN"", ""votes"": 17, ""votes_pct"": 1.670000, ""party"": ""WI"" } ]"
"272355","3","45",45A,Hennepin,Orono P-01,12.3633881998041,R,"0.63",-0.63,153.275135373492,"1895","[ { ""name"": ""Kathleen Fowke"", ""votes"": 953, ""votes_pct"": 50.290000, ""party"": ""R"" }, { ""name"": ""Kelly Morrison"", ""votes"": 941, ""votes_pct"": 49.660000, ""party"": ""DFL"" }, { ""name"": ""WRITE-IN"", ""votes"": 1, ""votes_pct"": 0.050000, ""party"": ""WI"" } ]"
"272360","3","45",45A,Hennepin,Orono P-02,6.66081603886842,DFL,"1.06",1.06,199.374970311537,"1328","[ { ""name"": ""Kelly Morrison"", ""votes"": 671, ""votes_pct"": 50.530000, ""party"": ""DFL"" }, { ""name"": ""Kathleen Fowke"", ""votes"": 657, ""votes_pct"": 49.470000, ""party"": ""R"" }, { ""name"": ""WRITE-IN"", ""votes"": 0, ""votes_pct"": 0, ""party"": ""WI"" } ]"
"272365","3","45",45A,Hennepin,Orono P-03,4.94866527051897,R,"9.64",-9.64,352.418259200042,"1744","[ { ""name"": ""Kathleen Fowke"", ""votes"": 956, ""votes_pct"": 54.820000, ""party"": ""R"" }, { ""name"": ""Kelly Morrison"", ""votes"": 788, ""votes_pct"": 45.180000, ""party"": ""DFL"" }, { ""name"": ""WRITE-IN"", ""votes"": 0, ""votes_pct"": 0, ""party"": ""WI"" } ]"
"272385","3","38",38A,Hennepin,Osseo P-01,0.730138710497625,DFL,"2.15",2.15,1594.21762367137,"1164","[ { ""name"": ""Susan Pha"", ""votes"": 557, ""votes_pct"": 47.850000, ""party"": ""DFL"" }, { ""name"": ""Brad Kohler"", ""votes"": 532, ""votes_pct"": 45.700000, ""party"": ""R"" }, { ""name"": ""Mary O'Connor"", ""votes"": 74, ""votes_pct"": 6.360000, ""party"": ""LMN"" }, { ""name"": ""WRITE-IN"", ""votes"": 1, ""votes_pct"": 0.090000, ""party"": ""WI"" } ]"
"272400","3","42",42A,Hennepin,Plymouth W-01 P-01,2.36573507726642,DFL,"18.70",18.7,739.305096672511,"1749","[ { ""name"": ""Bonnie Westlin"", ""votes"": 1038, ""votes_pct"": 59.350000, ""party"": ""DFL"" }, { ""name"": ""Paul Hillen"", ""votes"": 711, ""votes_pct"": 40.650000, ""party"": ""R"" }, { ""name"": ""WRITE-IN"", ""votes"": 0, ""votes_pct"": 0, ""party"": ""WI"" } ]"
"272405","3","42",42A,Hennepin,Plymouth W-01 P-02,1.57631612118423,DFL,"6.98",6.98,1208.51393600469,"1905","[ { ""name"": ""Bonnie Westlin"", ""votes"": 1019, ""votes_pct"": 53.490000, ""party"": ""DFL"" }, { ""name"": ""Paul Hillen"", ""votes"": 886, ""votes_pct"": 46.510000, ""party"": ""R"" }, { ""name"": ""WRITE-IN"", ""votes"": 0, ""votes_pct"": 0, ""party"": ""WI"" } ]"
"272410","3","42",42B,Hennepin,Plymouth W-01 P-03,1.21092488687313,DFL,"15.45",15.45,1577.30675181021,"1910","[ { ""name"": ""Bonnie Westlin"", ""votes"": 1102, ""votes_pct"": 57.700000, ""party"": ""DFL"" }, { ""name"": ""Paul Hillen"", ""votes"": 807, ""votes_pct"": 42.250000, ""party"": ""R"" }, { ""name"": ""WRITE-IN"", ""votes"": 1, ""votes_pct"": 0.050000, ""party"": ""WI"" } ]"
"272415","3","42",42A,Hennepin,Plymouth W-01 P-04,1.62967918361262,DFL,"12.38",12.38,1190.41834706354,"1940","[ { ""name"": ""Bonnie Westlin"", ""votes"": 1090, ""votes_pct"": 56.190000, ""party"": ""DFL"" }, { ""name"": ""Paul Hillen"", ""votes"": 850, ""votes_pct"": 43.810000, ""party"": ""R"" }, { ""name"": ""WRITE-IN"", ""votes"": 0, ""votes_pct"": 0, ""party"": ""WI"" } ]"
"272420","3","42",42B,Hennepin,Plymouth W-01 P-05,0.771689117066868,DFL,"23.78",23.78,1383.97701403304,"1068","[ { ""name"": ""Bonnie Westlin"", ""votes"": 661, ""votes_pct"": 61.890000, ""party"": ""DFL"" }, { ""name"": ""Paul Hillen"", ""votes"": 407, ""votes_pct"": 38.110000, ""party"": ""R"" }, { ""name"": ""WRITE-IN"", ""votes"": 0, ""votes_pct"": 0, ""party"": ""WI"" } ]"
"272425","3","42",42A,Hennepin,Plymouth W-02 P-06,1.52047463799488,DFL,"12.44",12.44,1629.09655847106,"2477","[ { ""name"": ""Bonnie Westlin"", ""votes"": 1392, ""votes_pct"": 56.200000, ""party"": ""DFL"" }, { ""name"": ""Paul Hillen"", ""votes"": 1084, ""votes_pct"": 43.760000, ""party"": ""R"" }, { ""name"": ""WRITE-IN"", ""votes"": 1, ""votes_pct"": 0.040000, ""party"": ""WI"" } ]"
"272430","3","42",42A,Hennepin,Plymouth W-02 P-07,1.86732663941281,DFL,"18.24",18.24,1461.98310589007,"2730","[ { ""name"": ""Bonnie Westlin"", ""votes"": 1613, ""votes_pct"": 59.080000, ""party"": ""DFL"" }, { ""name"": ""Paul Hillen"", ""votes"": 1115, ""votes_pct"": 40.840000, ""party"": ""R"" }, { ""name"": ""WRITE-IN"", ""votes"": 2, ""votes_pct"": 0.070000, ""party"": ""WI"" } ]"
"272435","3","42",42A,Hennepin,Plymouth W-02 P-08,2.03120615020495,DFL,"28.30",28.3,767.031942987569,"1558","[ { ""name"": ""Bonnie Westlin"", ""votes"": 999, ""votes_pct"": 64.120000, ""party"": ""DFL"" }, { ""name"": ""Paul Hillen"", ""votes"": 558, ""votes_pct"": 35.820000, ""party"": ""R"" }, { ""name"": ""WRITE-IN"", ""votes"": 1, ""votes_pct"": 0.060000, ""party"": ""WI"" } ]"
"272440","3","42",42A,Hennepin,Plymouth W-02 P-09,1.70710824030704,DFL,"15.68",15.68,1168.64294418799,"1995","[ { ""name"": ""Bonnie Westlin"", ""votes"": 1154, ""votes_pct"": 57.840000, ""party"": ""DFL"" }, { ""name"": ""Paul Hillen"", ""votes"": 841, ""votes_pct"": 42.160000, ""party"": ""R"" }, { ""name"": ""WRITE-IN"", ""votes"": 0, ""votes_pct"": 0, ""party"": ""WI"" } ]"
"272445","3","42",42A,Hennepin,Plymouth W-02 P-10,1.99731946813027,DFL,"7.03",7.03,1083.4521139604,"2164","[ { ""name"": ""Bonnie Westlin"", ""votes"": 1157, ""votes_pct"": 53.470000, ""party"": ""DFL"" }, { ""name"": ""Paul Hillen"", ""votes"": 1005, ""votes_pct"": 46.440000, ""party"": ""R"" }, { ""name"": ""WRITE-IN"", ""votes"": 2, ""votes_pct"": 0.090000, ""party"": ""WI"" } ]"
"272450","3","42",42B,Hennepin,Plymouth W-03 P-11,1.65240913665099,DFL,"20.21",20.21,1209.74881805088,"1999","[ { ""name"": ""Bonnie Westlin"", ""votes"": 1201, ""votes_pct"": 60.080000, ""party"": ""DFL"" }, { ""name"": ""Paul Hillen"", ""votes"": 797, ""votes_pct"": 39.870000, ""party"": ""R"" }, { ""name"": ""WRITE-IN"", ""votes"": 1, ""votes_pct"": 0.050000, ""party"": ""WI"" } ]"
"272455","3","42",42B,Hennepin,Plymouth W-03 P-12,0.761093877306906,DFL,"20.28",20.28,1710.69566951066,"1302","[ { ""name"": ""Bonnie Westlin"", ""votes"": 783, ""votes_pct"": 60.140000, ""party"": ""DFL"" }, { ""name"": ""Paul Hillen"", ""votes"": 519, ""votes_pct"": 39.860000, ""party"": ""R"" }, { ""name"": ""WRITE-IN"", ""votes"": 0, ""votes_pct"": 0, ""party"": ""WI"" } ]"
"272460","3","42",42B,Hennepin,Plymouth W-03 P-13,1.96760314248755,DFL,"24.95",24.95,1114.55402395195,"2193","[ { ""name"": ""Bonnie Westlin"", ""votes"": 1369, ""votes_pct"": 62.430000, ""party"": ""DFL"" }, { ""name"": ""Paul Hillen"", ""votes"": 822, ""votes_pct"": 37.480000, ""party"": ""R"" }, { ""name"": ""WRITE-IN"", ""votes"": 2, ""votes_pct"": 0.090000, ""party"": ""WI"" } ]"
"272465","3","42",42B,Hennepin,Plymouth W-03 P-14,2.21947995417806,DFL,"17.07",17.07,488.40269900137,"1084","[ { ""name"": ""Bonnie Westlin"", ""votes"": 634, ""votes_pct"": 58.490000, ""party"": ""DFL"" }, { ""name"": ""Paul Hillen"", ""votes"": 449, ""votes_pct"": 41.420000, ""party"": ""R"" }, { ""name"": ""WRITE-IN"", ""votes"": 1, ""votes_pct"": 0.090000, ""party"": ""WI"" } ]"
"272470","3","42",42A,Hennepin,Plymouth W-03 P-15,2.5322906977338,DFL,"11.64",11.64,502.311998041276,"1272","[ { ""name"": ""Bonnie Westlin"", ""votes"": 710, ""votes_pct"": 55.820000, ""party"": ""DFL"" }, { ""name"": ""Paul Hillen"", ""votes"": 562, ""votes_pct"": 44.180000, ""party"": ""R"" }, { ""name"": ""WRITE-IN"", ""votes"": 0, ""votes_pct"": 0, ""party"": ""WI"" } ]"
"272475","3","43",43B,Hennepin,Plymouth W-03 P-16,1.21761614198496,DFL,"53.43",53.43,813.064122479604,"990","[ { ""name"": ""Ann H. Rest"", ""votes"": 753, ""votes_pct"": 76.060000, ""party"": ""DFL"" }, { ""name"": ""Andrew Thomas Schuler"", ""votes"": 224, ""votes_pct"": 22.630000, ""party"": ""LMN"" }, { ""name"": ""WRITE-IN"", ""votes"": 13, ""votes_pct"": 1.310000, ""party"": ""WI"" } ]"
"272480","3","42",42B,Hennepin,Plymouth W-04 P-17,1.49837860328399,DFL,"11.28",11.28,1424.87352350116,"2135","[ { ""name"": ""Bonnie Westlin"", ""votes"": 1188, ""votes_pct"": 55.640000, ""party"": ""DFL"" }, { ""name"": ""Paul Hillen"", ""votes"": 947, ""votes_pct"": 44.360000, ""party"": ""R"" }, { ""name"": ""WRITE-IN"", ""votes"": 0, ""votes_pct"": 0, ""party"": ""WI"" } ]"
"272485","3","42",42B,Hennepin,Plymouth W-04 P-18,1.12458553369519,DFL,"20.23",20.23,1683.28681392506,"1893","[ { ""name"": ""Bonnie Westlin"", ""votes"": 1136, ""votes_pct"": 60.010000, ""party"": ""DFL"" }, { ""name"": ""Paul Hillen"", ""votes"": 753, ""votes_pct"": 39.780000, ""party"": ""R"" }, { ""name"": ""WRITE-IN"", ""votes"": 4, ""votes_pct"": 0.210000, ""party"": ""WI"" } ]"
"272490","3","42",42B,Hennepin,Plymouth W-04 P-19,2.51490961837744,DFL,"12.88",12.88,945.163191007072,"2377","[ { ""name"": ""Bonnie Westlin"", ""votes"": 1341, ""votes_pct"": 56.420000, ""party"": ""DFL"" }, { ""name"": ""Paul Hillen"", ""votes"": 1035, ""votes_pct"": 43.540000, ""party"": ""R"" }, { ""name"": ""WRITE-IN"", ""votes"": 1, ""votes_pct"": 0.040000, ""party"": ""WI"" } ]"
"272495","3","42",42B,Hennepin,Plymouth W-04 P-20,1.83562955744969,DFL,"12.16",12.16,1262.78201971235,"2318","[ { ""name"": ""Bonnie Westlin"", ""votes"": 1300, ""votes_pct"": 56.080000, ""party"": ""DFL"" }, { ""name"": ""Paul Hillen"", ""votes"": 1018, ""votes_pct"": 43.920000, ""party"": ""R"" }, { ""name"": ""WRITE-IN"", ""votes"": 0, ""votes_pct"": 0, ""party"": ""WI"" } ]"
"272500","3","42",42B,Hennepin,Plymouth W-04 P-21,1.27050974044266,DFL,"27.97",27.97,1548.19749694692,"1967","[ { ""name"": ""Bonnie Westlin"", ""votes"": 1258, ""votes_pct"": 63.960000, ""party"": ""DFL"" }, { ""name"": ""Paul Hillen"", ""votes"": 708, ""votes_pct"": 35.990000, ""party"": ""R"" }, { ""name"": ""WRITE-IN"", ""votes"": 1, ""votes_pct"": 0.050000, ""party"": ""WI"" } ]"
"272575","5","51",51A,Hennepin,Richfield W-01 P-01,0.820826140763772,DFL,"53.07",53.07,2458.49870000761,"2018","[ { ""name"": ""Melissa Halvorson Wiklund"", ""votes"": 1544, ""votes_pct"": 76.510000, ""party"": ""DFL"" }, { ""name"": ""Frank Pafko"", ""votes"": 473, ""votes_pct"": 23.440000, ""party"": ""R"" }, { ""name"": ""WRITE-IN"", ""votes"": 1, ""votes_pct"": 0.050000, ""party"": ""WI"" } ]"
"272580","5","51",51A,Hennepin,Richfield W-01 P-02,0.617347748130399,DFL,"43.55",43.55,2321.22009732724,"1433","[ { ""name"": ""Melissa Halvorson Wiklund"", ""votes"": 1027, ""votes_pct"": 71.670000, ""party"": ""DFL"" }, { ""name"": ""Frank Pafko"", ""votes"": 403, ""votes_pct"": 28.120000, ""party"": ""R"" }, { ""name"": ""WRITE-IN"", ""votes"": 3, ""votes_pct"": 0.210000, ""party"": ""WI"" } ]"
"272585","5","51",51A,Hennepin,Richfield W-01 P-03,1.01390580135187,DFL,"47.85",47.85,1964.67955636905,"1992","[ { ""name"": ""Melissa Halvorson Wiklund"", ""votes"": 1471, ""votes_pct"": 73.850000, ""party"": ""DFL"" }, { ""name"": ""Frank Pafko"", ""votes"": 518, ""votes_pct"": 26, ""party"": ""R"" }, { ""name"": ""WRITE-IN"", ""votes"": 3, ""votes_pct"": 0.150000, ""party"": ""WI"" } ]"
"272590","5","51",51A,Hennepin,Richfield W-02 P-04,0.762990932263131,DFL,"53.51",53.51,2277.87766080635,"1738","[ { ""name"": ""Melissa Halvorson Wiklund"", ""votes"": 1333, ""votes_pct"": 76.700000, ""party"": ""DFL"" }, { ""name"": ""Frank Pafko"", ""votes"": 403, ""votes_pct"": 23.190000, ""party"": ""R"" }, { ""name"": ""WRITE-IN"", ""votes"": 2, ""votes_pct"": 0.120000, ""party"": ""WI"" } ]"
"272595","5","51",51A,Hennepin,Richfield W-02 P-06,0.735608035229067,DFL,"44.14",44.14,2552.99005728668,"1878","[ { ""name"": ""Melissa Halvorson Wiklund"", ""votes"": 1352, ""votes_pct"": 71.990000, ""party"": ""DFL"" }, { ""name"": ""Frank Pafko"", ""votes"": 523, ""votes_pct"": 27.850000, ""party"": ""R"" }, { ""name"": ""WRITE-IN"", ""votes"": 3, ""votes_pct"": 0.160000, ""party"": ""WI"" } ]"
"272600","5","51",51A,Hennepin,Richfield W-02 P-05,0.789913607506452,DFL,"46.60",46.6,2069.84660659444,"1635","[ { ""name"": ""Melissa Halvorson Wiklund"", ""votes"": 1198, ""votes_pct"": 73.270000, ""party"": ""DFL"" }, { ""name"": ""Frank Pafko"", ""votes"": 436, ""votes_pct"": 26.670000, ""party"": ""R"" }, { ""name"": ""WRITE-IN"", ""votes"": 1, ""votes_pct"": 0.060000, ""party"": ""WI"" } ]"
"272605","5","51",51A,Hennepin,Richfield W-03 P-07,0.972571171196196,DFL,"44.01",44.01,1614.27774799145,"1570","[ { ""name"": ""Melissa Halvorson Wiklund"", ""votes"": 1129, ""votes_pct"": 71.910000, ""party"": ""DFL"" }, { ""name"": ""Frank Pafko"", ""votes"": 438, ""votes_pct"": 27.900000, ""party"": ""R"" }, { ""name"": ""WRITE-IN"", ""votes"": 3, ""votes_pct"": 0.190000, ""party"": ""WI"" } ]"
"272610","5","51",51A,Hennepin,Richfield W-03 P-08,0.610835115588984,DFL,"40.96",40.96,2254.29083046782,"1377","[ { ""name"": ""Melissa Halvorson Wiklund"", ""votes"": 969, ""votes_pct"": 70.370000, ""party"": ""DFL"" }, { ""name"": ""Frank Pafko"", ""votes"": 405, ""votes_pct"": 29.410000, ""party"": ""R"" }, { ""name"": ""WRITE-IN"", ""votes"": 3, ""votes_pct"": 0.220000, ""party"": ""WI"" } ]"
"272615","5","51",51A,Hennepin,Richfield W-03 P-09,0.588054035914488,DFL,"49.71",49.71,1799.15438953615,"1058","[ { ""name"": ""Melissa Halvorson Wiklund"", ""votes"": 791, ""votes_pct"": 74.760000, ""party"": ""DFL"" }, { ""name"": ""Frank Pafko"", ""votes"": 265, ""votes_pct"": 25.050000, ""party"": ""R"" }, { ""name"": ""WRITE-IN"", ""votes"": 2, ""votes_pct"": 0.190000, ""party"": ""WI"" } ]"
"272645","5","43",43B,Hennepin,Robbinsdale W-01 P-01,0.805683793554783,DFL,"55.04",55.04,1786.06050104464,"1439","[ { ""name"": ""Ann H. Rest"", ""votes"": 1106, ""votes_pct"": 76.860000, ""party"": ""DFL"" }, { ""name"": ""Andrew Thomas Schuler"", ""votes"": 314, ""votes_pct"": 21.820000, ""party"": ""LMN"" }, { ""name"": ""WRITE-IN"", ""votes"": 19, ""votes_pct"": 1.320000, ""party"": ""WI"" } ]"
"272655","5","43",43B,Hennepin,Robbinsdale W-02 P-01,0.92812023184023,DFL,"65.99",65.99,1957.72049532564,"1817","[ { ""name"": ""Ann H. Rest"", ""votes"": 1503, ""votes_pct"": 82.720000, ""party"": ""DFL"" }, { ""name"": ""Andrew Thomas Schuler"", ""votes"": 304, ""votes_pct"": 16.730000, ""party"": ""LMN"" }, { ""name"": ""WRITE-IN"", ""votes"": 10, ""votes_pct"": 0.550000, ""party"": ""WI"" } ]"
"272665","5","43",43B,Hennepin,Robbinsdale W-03 P-01,0.521877388967649,DFL,"52.15",52.15,2634.71847807002,"1375","[ { ""name"": ""Ann H. Rest"", ""votes"": 1037, ""votes_pct"": 75.420000, ""party"": ""DFL"" }, { ""name"": ""Andrew Thomas Schuler"", ""votes"": 320, ""votes_pct"": 23.270000, ""party"": ""LMN"" }, { ""name"": ""WRITE-IN"", ""votes"": 18, ""votes_pct"": 1.310000, ""party"": ""WI"" } ]"
"272675","5","43",43B,Hennepin,Robbinsdale W-04 P-01,0.729577672873335,DFL,"56.37",56.37,2171.11907188942,"1584","[ { ""name"": ""Ann H. Rest"", ""votes"": 1234, ""votes_pct"": 77.900000, ""party"": ""DFL"" }, { ""name"": ""Andrew Thomas Schuler"", ""votes"": 341, ""votes_pct"": 21.530000, ""party"": ""LMN"" }, { ""name"": ""WRITE-IN"", ""votes"": 9, ""votes_pct"": 0.570000, ""party"": ""WI"" } ]"
"272695","6","29",29A,Hennepin,Rockford P-01,0.287045446957741,R,"21.66",-21.66,418.052267582793,"120","[ { ""name"": ""Bruce Anderson"", ""votes"": 73, ""votes_pct"": 60.830000, ""party"": ""R"" }, { ""name"": ""Chris Brazelton"", ""votes"": 47, ""votes_pct"": 39.170000, ""party"": ""DFL"" }, { ""name"": ""WRITE-IN"", ""votes"": 0, ""votes_pct"": 0, ""party"": ""WI"" } ]"
"272710","3","34",34A,Hennepin,Rogers P-01,6.79988626786755,R,"18.66",-18.66,337.358583604576,"2294","[ { ""name"": ""Karen Attia"", ""votes"": 1361, ""votes_pct"": 59.330000, ""party"": ""R"" }, { ""name"": ""John Hoffman"", ""votes"": 933, ""votes_pct"": 40.670000, ""party"": ""DFL"" }, { ""name"": ""WRITE-IN"", ""votes"": 0, ""votes_pct"": 0, ""party"": ""WI"" } ]"
"272715","3","34",34A,Hennepin,Rogers P-02,5.94677682862263,R,"19.03",-19.03,556.435880370244,"3309","[ { ""name"": ""Karen Attia"", ""votes"": 1969, ""votes_pct"": 59.500000, ""party"": ""R"" }, { ""name"": ""John Hoffman"", ""votes"": 1339, ""votes_pct"": 40.470000, ""party"": ""DFL"" }, { ""name"": ""WRITE-IN"", ""votes"": 1, ""votes_pct"": 0.030000, ""party"": ""WI"" } ]"
"272720","3","34",34A,Hennepin,Rogers P-03,13.4477323958835,R,"28.50",-28.5,75.403047156887,"1014","[ { ""name"": ""Karen Attia"", ""votes"": 651, ""votes_pct"": 64.200000, ""party"": ""R"" }, { ""name"": ""John Hoffman"", ""votes"": 362, ""votes_pct"": 35.700000, ""party"": ""DFL"" }, { ""name"": ""WRITE-IN"", ""votes"": 1, ""votes_pct"": 0.100000, ""party"": ""WI"" } ]"
"272725","3","45",45A,Hennepin,Shorewood P-01,3.81236106522972,DFL,"6.30",6.3,403.949146906736,"1540","[ { ""name"": ""Kelly Morrison"", ""votes"": 818, ""votes_pct"": 53.120000, ""party"": ""DFL"" }, { ""name"": ""Kathleen Fowke"", ""votes"": 721, ""votes_pct"": 46.820000, ""party"": ""R"" }, { ""name"": ""WRITE-IN"", ""votes"": 1, ""votes_pct"": 0.060000, ""party"": ""WI"" } ]"
"272730","3","45",45A,Hennepin,Shorewood P-02,3.34073033558679,DFL,"13.14",13.14,649.259228407319,"2169","[ { ""name"": ""Kelly Morrison"", ""votes"": 1226, ""votes_pct"": 56.520000, ""party"": ""DFL"" }, { ""name"": ""Kathleen Fowke"", ""votes"": 941, ""votes_pct"": 43.380000, ""party"": ""R"" }, { ""name"": ""WRITE-IN"", ""votes"": 2, ""votes_pct"": 0.090000, ""party"": ""WI"" } ]"
"272735","3","45",45B,Hennepin,Shorewood P-03,0.946710476176608,DFL,"12.03",12.03,1105.93473543086,"1047","[ { ""name"": ""Kelly Morrison"", ""votes"": 586, ""votes_pct"": 55.970000, ""party"": ""DFL"" }, { ""name"": ""Kathleen Fowke"", ""votes"": 460, ""votes_pct"": 43.940000, ""party"": ""R"" }, { ""name"": ""WRITE-IN"", ""votes"": 1, ""votes_pct"": 0.100000, ""party"": ""WI"" } ]"
"272755","3","45",45A,Hennepin,Spring Park P-01,0.606058344678501,R,"1.76",-1.76,1404.15523929703,"851","[ { ""name"": ""Kathleen Fowke"", ""votes"": 433, ""votes_pct"": 50.880000, ""party"": ""R"" }, { ""name"": ""Kelly Morrison"", ""votes"": 418, ""votes_pct"": 49.120000, ""party"": ""DFL"" }, { ""name"": ""WRITE-IN"", ""votes"": 0, ""votes_pct"": 0, ""party"": ""WI"" } ]"
"272765","5","39",39B,Hennepin,Saint Anthony P-01,0.966483966974526,DFL,"44.37",44.37,1333.70034480249,"1289","[ { ""name"": ""Mary K Kunesh"", ""votes"": 929, ""votes_pct"": 72.070000, ""party"": ""DFL"" }, { ""name"": ""Pam Wolf"", ""votes"": 357, ""votes_pct"": 27.700000, ""party"": ""R"" }, { ""name"": ""WRITE-IN"", ""votes"": 3, ""votes_pct"": 0.230000, ""party"": ""WI"" } ]"
"272770","5","39",39B,Hennepin,Saint Anthony P-02,0.721151739237501,DFL,"46.69",46.69,2708.16791215809,"1953","[ { ""name"": ""Mary K Kunesh"", ""votes"": 1432, ""votes_pct"": 73.320000, ""party"": ""DFL"" }, { ""name"": ""Pam Wolf"", ""votes"": 520, ""votes_pct"": 26.630000, ""party"": ""R"" }, { ""name"": ""WRITE-IN"", ""votes"": 1, ""votes_pct"": 0.050000, ""party"": ""WI"" } ]"
"272780","3","45",45A,Hennepin,Saint Bonifacius P-01,1.0392180315068,R,"9.74",-9.74,1106.60127628134,"1150","[ { ""name"": ""Kathleen Fowke"", ""votes"": 631, ""votes_pct"": 54.870000, ""party"": ""R"" }, { ""name"": ""Kelly Morrison"", ""votes"": 519, ""votes_pct"": 45.130000, ""party"": ""DFL"" }, { ""name"": ""WRITE-IN"", ""votes"": 0, ""votes_pct"": 0, ""party"": ""WI"" } ]"
"272790","5","46",46A,Hennepin,St. Louis Park W-01 P-01,0.918484120982142,DFL,"96.00",96,1799.70449378312,"1653","[ { ""name"": ""Ron Latz"", ""votes"": 1620, ""votes_pct"": 98, ""party"": ""DFL"" }, { ""name"": ""WRITE-IN"", ""votes"": 33, ""votes_pct"": 2, ""party"": ""WI"" } ]"
"272795","5","46",46A,Hennepin,St. Louis Park W-01 P-02,0.789368846850441,DFL,"94.44",94.44,2508.33309155808,"1980","[ { ""name"": ""Ron Latz"", ""votes"": 1925, ""votes_pct"": 97.220000, ""party"": ""DFL"" }, { ""name"": ""WRITE-IN"", ""votes"": 55, ""votes_pct"": 2.780000, ""party"": ""WI"" } ]"
"272800","5","46",46A,Hennepin,St. Louis Park W-01 P-03,0.645846933484467,DFL,"94.82",94.82,2214.14692222022,"1430","[ { ""name"": ""Ron Latz"", ""votes"": 1393, ""votes_pct"": 97.410000, ""party"": ""DFL"" }, { ""name"": ""WRITE-IN"", ""votes"": 37, ""votes_pct"": 2.590000, ""party"": ""WI"" } ]"
"272810","5","46",46A,Hennepin,St. Louis Park W-02 P-04,0.878351507473869,DFL,"95.66",95.66,2512.66148144643,"2207","[ { ""name"": ""Ron Latz"", ""votes"": 2159, ""votes_pct"": 97.830000, ""party"": ""DFL"" }, { ""name"": ""WRITE-IN"", ""votes"": 48, ""votes_pct"": 2.170000, ""party"": ""WI"" } ]"
"272815","5","46",46B,Hennepin,St. Louis Park W-02 P-05,0.933194166055866,DFL,"94.50",94.5,1873.13644210604,"1748","[ { ""name"": ""Ron Latz"", ""votes"": 1700, ""votes_pct"": 97.250000, ""party"": ""DFL"" }, { ""name"": ""WRITE-IN"", ""votes"": 48, ""votes_pct"": 2.750000, ""party"": ""WI"" } ]"
"272820","5","46",46B,Hennepin,St. Louis Park W-02 P-06,1.15693562711727,DFL,"95.66",95.66,1476.31377231922,"1708","[ { ""name"": ""Ron Latz"", ""votes"": 1671, ""votes_pct"": 97.830000, ""party"": ""DFL"" }, { ""name"": ""WRITE-IN"", ""votes"": 37, ""votes_pct"": 2.170000, ""party"": ""WI"" } ]"
"272830","5","46",46A,Hennepin,St. Louis Park W-03 P-07,0.745484411649978,DFL,"95.96",95.96,2256.25106805015,"1682","[ { ""name"": ""Ron Latz"", ""votes"": 1648, ""votes_pct"": 97.980000, ""party"": ""DFL"" }, { ""name"": ""WRITE-IN"", ""votes"": 34, ""votes_pct"": 2.020000, ""party"": ""WI"" } ]"
"272835","5","46",46A,Hennepin,St. Louis Park W-03 P-08,0.669445387148538,DFL,"96.62",96.62,1946.3873006132,"1303","[ { ""name"": ""Ron Latz"", ""votes"": 1281, ""votes_pct"": 98.310000, ""party"": ""DFL"" }, { ""name"": ""WRITE-IN"", ""votes"": 22, ""votes_pct"": 1.690000, ""party"": ""WI"" } ]"
"272840","5","46",46A,Hennepin,St. Louis Park W-03 P-09,0.802283488931925,DFL,"96.58",96.58,1823.54494412902,"1463","[ { ""name"": ""Ron Latz"", ""votes"": 1438, ""votes_pct"": 98.290000, ""party"": ""DFL"" }, { ""name"": ""WRITE-IN"", ""votes"": 25, ""votes_pct"": 1.710000, ""party"": ""WI"" } ]"
"272850","5","46",46A,Hennepin,St. Louis Park W-04 P-10,0.96344497790541,DFL,"95.71",95.71,1403.29757381613,"1352","[ { ""name"": ""Ron Latz"", ""votes"": 1323, ""votes_pct"": 97.860000, ""party"": ""DFL"" }, { ""name"": ""WRITE-IN"", ""votes"": 29, ""votes_pct"": 2.150000, ""party"": ""WI"" } ]"
"272855","5","46",46A,Hennepin,St. Louis Park W-04 P-11,0.96624290680632,DFL,"95.84",95.84,1693.15602575278,"1636","[ { ""name"": ""Ron Latz"", ""votes"": 1602, ""votes_pct"": 97.920000, ""party"": ""DFL"" }, { ""name"": ""WRITE-IN"", ""votes"": 34, ""votes_pct"": 2.080000, ""party"": ""WI"" } ]"
"272860","5","46",46A,Hennepin,St. Louis Park W-04 P-12,1.355364140704,DFL,"94.92",94.92,1392.98358522259,"1888","[ { ""name"": ""Ron Latz"", ""votes"": 1840, ""votes_pct"": 97.460000, ""party"": ""DFL"" }, { ""name"": ""WRITE-IN"", ""votes"": 48, ""votes_pct"": 2.540000, ""party"": ""WI"" } ]"
"272900","3","45",45A,Hennepin,Tonka Bay P-01,2.1049320914519,DFL,"2.88",2.88,462.722766190605,"974","[ { ""name"": ""Kelly Morrison"", ""votes"": 501, ""votes_pct"": 51.440000, ""party"": ""DFL"" }, { ""name"": ""Kathleen Fowke"", ""votes"": 473, ""votes_pct"": 48.560000, ""party"": ""R"" }, { ""name"": ""WRITE-IN"", ""votes"": 0, ""votes_pct"": 0, ""party"": ""WI"" } ]"
"272910","3","45",45B,Hennepin,Wayzata P-01,4.6833363317169,DFL,"5.20",5.2,528.896458540687,"2477","[ { ""name"": ""Kelly Morrison"", ""votes"": 1302, ""votes_pct"": 52.560000, ""party"": ""DFL"" }, { ""name"": ""Kathleen Fowke"", ""votes"": 1173, ""votes_pct"": 47.360000, ""party"": ""R"" }, { ""name"": ""WRITE-IN"", ""votes"": 2, ""votes_pct"": 0.080000, ""party"": ""WI"" } ]"
"272925","3","45",45B,Hennepin,Woodland P-01,1.16365027651072,R,"1.08",-1.08,238.044028855991,"277","[ { ""name"": ""Kathleen Fowke"", ""votes"": 140, ""votes_pct"": 50.540000, ""party"": ""R"" }, { ""name"": ""Kelly Morrison"", ""votes"": 137, ""votes_pct"": 49.460000, ""party"": ""DFL"" }, { ""name"": ""WRITE-IN"", ""votes"": 0, ""votes_pct"": 0, ""party"": ""WI"" } ]"
"280005","1","26",26B,Houston,Black Hammer Twp,35.6627440384944,R,"17.45",-17.45,4.17802959411001,"149","[ { ""name"": ""Jeremy Miller"", ""votes"": 87, ""votes_pct"": 58.390000, ""party"": ""R"" }, { ""name"": ""Daniel Wilson"", ""votes"": 61, ""votes_pct"": 40.940000, ""party"": ""DFL"" }, { ""name"": ""Eric M. Leitzen"", ""votes"": 1, ""votes_pct"": 0.670000, ""party"": ""LMN"" }, { ""name"": ""WRITE-IN"", ""votes"": 0, ""votes_pct"": 0, ""party"": ""WI"" } ]"
"280010","1","26",26B,Houston,Brownsville,1.85030828499875,R,"15.53",-15.53,142.678926609346,"264","[ { ""name"": ""Jeremy Miller"", ""votes"": 145, ""votes_pct"": 54.920000, ""party"": ""R"" }, { ""name"": ""Daniel Wilson"", ""votes"": 104, ""votes_pct"": 39.390000, ""party"": ""DFL"" }, { ""name"": ""Eric M. Leitzen"", ""votes"": 15, ""votes_pct"": 5.680000, ""party"": ""LMN"" }, { ""name"": ""WRITE-IN"", ""votes"": 0, ""votes_pct"": 0, ""party"": ""WI"" } ]"
"280015","1","26",26B,Houston,Brownsville Twp,29.6707443163303,R,"30.26",-30.26,7.68433705501998,"228","[ { ""name"": ""Jeremy Miller"", ""votes"": 143, ""votes_pct"": 62.720000, ""party"": ""R"" }, { ""name"": ""Daniel Wilson"", ""votes"": 74, ""votes_pct"": 32.460000, ""party"": ""DFL"" }, { ""name"": ""Eric M. Leitzen"", ""votes"": 9, ""votes_pct"": 3.950000, ""party"": ""LMN"" }, { ""name"": ""WRITE-IN"", ""votes"": 2, ""votes_pct"": 0.880000, ""party"": ""WI"" } ]"
"280020","1","26",26B,Houston,Caledonia P-1,1.41065000043353,R,"34.85",-34.85,341.686456493013,"482","[ { ""name"": ""Jeremy Miller"", ""votes"": 319, ""votes_pct"": 66.180000, ""party"": ""R"" }, { ""name"": ""Daniel Wilson"", ""votes"": 151, ""votes_pct"": 31.330000, ""party"": ""DFL"" }, { ""name"": ""Eric M. Leitzen"", ""votes"": 12, ""votes_pct"": 2.490000, ""party"": ""LMN"" }, { ""name"": ""WRITE-IN"", ""votes"": 0, ""votes_pct"": 0, ""party"": ""WI"" } ]"
"280025","1","26",26B,Houston,Caledonia P-2,1.41863840978102,R,"29.96",-29.96,432.809372541081,"614","[ { ""name"": ""Jeremy Miller"", ""votes"": 385, ""votes_pct"": 62.700000, ""party"": ""R"" }, { ""name"": ""Daniel Wilson"", ""votes"": 201, ""votes_pct"": 32.740000, ""party"": ""DFL"" }, { ""name"": ""Eric M. Leitzen"", ""votes"": 28, ""votes_pct"": 4.560000, ""party"": ""LMN"" }, { ""name"": ""WRITE-IN"", ""votes"": 0, ""votes_pct"": 0, ""party"": ""WI"" } ]"
"280030","1","26",26B,Houston,Caledonia Twp,33.8175665936351,R,"48.85",-48.85,8.95984041787999,"303","[ { ""name"": ""Jeremy Miller"", ""votes"": 223, ""votes_pct"": 73.600000, ""party"": ""R"" }, { ""name"": ""Daniel Wilson"", ""votes"": 75, ""votes_pct"": 24.750000, ""party"": ""DFL"" }, { ""name"": ""Eric M. Leitzen"", ""votes"": 5, ""votes_pct"": 1.650000, ""party"": ""LMN"" }, { ""name"": ""WRITE-IN"", ""votes"": 0, ""votes_pct"": 0, ""party"": ""WI"" } ]"
"280035","1","26",26B,Houston,Crooked Creek Twp,33.7856721476145,R,"24.79",-24.79,3.58139981561809,"121","[ { ""name"": ""Jeremy Miller"", ""votes"": 73, ""votes_pct"": 60.330000, ""party"": ""R"" }, { ""name"": ""Daniel Wilson"", ""votes"": 43, ""votes_pct"": 35.540000, ""party"": ""DFL"" }, { ""name"": ""Eric M. Leitzen"", ""votes"": 5, ""votes_pct"": 4.130000, ""party"": ""LMN"" }, { ""name"": ""WRITE-IN"", ""votes"": 0, ""votes_pct"": 0, ""party"": ""WI"" } ]"
"280040","1","26",26B,Houston,Eitzen,0.614418103002132,R,"61.91",-61.91,205.072082649171,"126","[ { ""name"": ""Jeremy Miller"", ""votes"": 101, ""votes_pct"": 80.160000, ""party"": ""R"" }, { ""name"": ""Daniel Wilson"", ""votes"": 23, ""votes_pct"": 18.250000, ""party"": ""DFL"" }, { ""name"": ""Eric M. Leitzen"", ""votes"": 2, ""votes_pct"": 1.590000, ""party"": ""LMN"" }, { ""name"": ""WRITE-IN"", ""votes"": 0, ""votes_pct"": 0, ""party"": ""WI"" } ]"
"280045","1","26",26B,Houston,Hokah,0.809008218203328,R,"15.44",-15.44,320.145079088561,"259","[ { ""name"": ""Jeremy Miller"", ""votes"": 138, ""votes_pct"": 53.280000, ""party"": ""R"" }, { ""name"": ""Daniel Wilson"", ""votes"": 98, ""votes_pct"": 37.840000, ""party"": ""DFL"" }, { ""name"": ""Eric M. Leitzen"", ""votes"": 23, ""votes_pct"": 8.880000, ""party"": ""LMN"" }, { ""name"": ""WRITE-IN"", ""votes"": 0, ""votes_pct"": 0, ""party"": ""WI"" } ]"
"280050","1","26",26B,Houston,Hokah Twp,25.2782621628322,R,"29.49",-29.49,9.25696547067466,"234","[ { ""name"": ""Jeremy Miller"", ""votes"": 149, ""votes_pct"": 63.680000, ""party"": ""R"" }, { ""name"": ""Daniel Wilson"", ""votes"": 80, ""votes_pct"": 34.190000, ""party"": ""DFL"" }, { ""name"": ""Eric M. Leitzen"", ""votes"": 5, ""votes_pct"": 2.140000, ""party"": ""LMN"" }, { ""name"": ""WRITE-IN"", ""votes"": 0, ""votes_pct"": 0, ""party"": ""WI"" } ]"
"280055","1","26",26B,Houston,Houston,1.23843655967031,R,"33.58",-33.58,329.447638487526,"408","[ { ""name"": ""Jeremy Miller"", ""votes"": 262, ""votes_pct"": 64.220000, ""party"": ""R"" }, { ""name"": ""Daniel Wilson"", ""votes"": 125, ""votes_pct"": 30.640000, ""party"": ""DFL"" }, { ""name"": ""Eric M. Leitzen"", ""votes"": 21, ""votes_pct"": 5.150000, ""party"": ""LMN"" }, { ""name"": ""WRITE-IN"", ""votes"": 0, ""votes_pct"": 0, ""party"": ""WI"" } ]"
"280060","1","26",26B,Houston,Houston Twp,33.2503884964122,R,"50.23",-50.23,6.34579051678651,"211","[ { ""name"": ""Jeremy Miller"", ""votes"": 156, ""votes_pct"": 73.930000, ""party"": ""R"" }, { ""name"": ""Daniel Wilson"", ""votes"": 50, ""votes_pct"": 23.700000, ""party"": ""DFL"" }, { ""name"": ""Eric M. Leitzen"", ""votes"": 5, ""votes_pct"": 2.370000, ""party"": ""LMN"" }, { ""name"": ""WRITE-IN"", ""votes"": 0, ""votes_pct"": 0, ""party"": ""WI"" } ]"
"280065","1","26",26B,Houston,Jefferson Twp,34.8459485120475,R,"12.97",-12.97,1.54967800578969,"54","[ { ""name"": ""Jeremy Miller"", ""votes"": 30, ""votes_pct"": 55.560000, ""party"": ""R"" }, { ""name"": ""Daniel Wilson"", ""votes"": 23, ""votes_pct"": 42.590000, ""party"": ""DFL"" }, { ""name"": ""Eric M. Leitzen"", ""votes"": 1, ""votes_pct"": 1.850000, ""party"": ""LMN"" }, { ""name"": ""WRITE-IN"", ""votes"": 0, ""votes_pct"": 0, ""party"": ""WI"" } ]"
"280070","1","26",26B,Houston,La Crescent P-1,1.26573286023885,R,"9.52",-9.52,904.614264169404,"1145","[ { ""name"": ""Jeremy Miller"", ""votes"": 613, ""votes_pct"": 53.540000, ""party"": ""R"" }, { ""name"": ""Daniel Wilson"", ""votes"": 504, ""votes_pct"": 44.020000, ""party"": ""DFL"" }, { ""name"": ""Eric M. Leitzen"", ""votes"": 28, ""votes_pct"": 2.450000, ""party"": ""LMN"" }, { ""name"": ""WRITE-IN"", ""votes"": 0, ""votes_pct"": 0, ""party"": ""WI"" } ]"
"280075","1","26",26B,Houston,La Crescent P-2,1.8107812747922,DFL,"2.78",2.78,436.275772782473,"790","[ { ""name"": ""Daniel Wilson"", ""votes"": 394, ""votes_pct"": 49.870000, ""party"": ""DFL"" }, { ""name"": ""Jeremy Miller"", ""votes"": 372, ""votes_pct"": 47.090000, ""party"": ""R"" }, { ""name"": ""Eric M. Leitzen"", ""votes"": 24, ""votes_pct"": 3.040000, ""party"": ""LMN"" }, { ""name"": ""WRITE-IN"", ""votes"": 0, ""votes_pct"": 0, ""party"": ""WI"" } ]"
"280076","1","26",26B,Houston,La Crescent P-3,0.560532052000206,R,"6.93",-6.93,927.690036893392,"520","[ { ""name"": ""Jeremy Miller"", ""votes"": 272, ""votes_pct"": 52.310000, ""party"": ""R"" }, { ""name"": ""Daniel Wilson"", ""votes"": 236, ""votes_pct"": 45.380000, ""party"": ""DFL"" }, { ""name"": ""Eric M. Leitzen"", ""votes"": 12, ""votes_pct"": 2.310000, ""party"": ""LMN"" }, { ""name"": ""WRITE-IN"", ""votes"": 0, ""votes_pct"": 0, ""party"": ""WI"" } ]"
"280080","1","26",26B,Houston,La Crescent Twp,22.4335549926774,R,"27.98",-27.98,25.8095518159736,"579","[ { ""name"": ""Jeremy Miller"", ""votes"": 365, ""votes_pct"": 63.040000, ""party"": ""R"" }, { ""name"": ""Daniel Wilson"", ""votes"": 203, ""votes_pct"": 35.060000, ""party"": ""DFL"" }, { ""name"": ""Eric M. Leitzen"", ""votes"": 11, ""votes_pct"": 1.900000, ""party"": ""LMN"" }, { ""name"": ""WRITE-IN"", ""votes"": 0, ""votes_pct"": 0, ""party"": ""WI"" } ]"
"280085","1","26",26B,Houston,Mayville Twp,30.6142122470313,R,"53.21",-53.21,5.58564102908061,"171","[ { ""name"": ""Jeremy Miller"", ""votes"": 130, ""votes_pct"": 76.020000, ""party"": ""R"" }, { ""name"": ""Daniel Wilson"", ""votes"": 39, ""votes_pct"": 22.810000, ""party"": ""DFL"" }, { ""name"": ""Eric M. Leitzen"", ""votes"": 2, ""votes_pct"": 1.170000, ""party"": ""LMN"" }, { ""name"": ""WRITE-IN"", ""votes"": 0, ""votes_pct"": 0, ""party"": ""WI"" } ]"
"280090","1","26",26B,Houston,Money Creek Twp,35.700435679297,R,"41.07",-41.07,7.84304153919261,"280","[ { ""name"": ""Jeremy Miller"", ""votes"": 193, ""votes_pct"": 68.930000, ""party"": ""R"" }, { ""name"": ""Daniel Wilson"", ""votes"": 78, ""votes_pct"": 27.860000, ""party"": ""DFL"" }, { ""name"": ""Eric M. Leitzen"", ""votes"": 9, ""votes_pct"": 3.210000, ""party"": ""LMN"" }, { ""name"": ""WRITE-IN"", ""votes"": 0, ""votes_pct"": 0, ""party"": ""WI"" } ]"
"280095","1","26",26B,Houston,Mound Prairie Twp,36.8197091994432,R,"23.16",-23.16,7.74041963384953,"285","[ { ""name"": ""Jeremy Miller"", ""votes"": 171, ""votes_pct"": 60, ""party"": ""R"" }, { ""name"": ""Daniel Wilson"", ""votes"": 105, ""votes_pct"": 36.840000, ""party"": ""DFL"" }, { ""name"": ""Eric M. Leitzen"", ""votes"": 9, ""votes_pct"": 3.160000, ""party"": ""LMN"" }, { ""name"": ""WRITE-IN"", ""votes"": 0, ""votes_pct"": 0, ""party"": ""WI"" } ]"
"280100","1","26",26B,Houston,Sheldon Twp,29.7585908001825,R,"62.17",-62.17,4.97335377853619,"148","[ { ""name"": ""Jeremy Miller"", ""votes"": 119, ""votes_pct"": 80.410000, ""party"": ""R"" }, { ""name"": ""Daniel Wilson"", ""votes"": 27, ""votes_pct"": 18.240000, ""party"": ""DFL"" }, { ""name"": ""Eric M. Leitzen"", ""votes"": 2, ""votes_pct"": 1.350000, ""party"": ""LMN"" }, { ""name"": ""WRITE-IN"", ""votes"": 0, ""votes_pct"": 0, ""party"": ""WI"" } ]"
"280105","1","26",26B,Houston,Spring Grove,0.990503857352295,R,"9.96",-9.96,516.908638163835,"512","[ { ""name"": ""Jeremy Miller"", ""votes"": 273, ""votes_pct"": 53.320000, ""party"": ""R"" }, { ""name"": ""Daniel Wilson"", ""votes"": 222, ""votes_pct"": 43.360000, ""party"": ""DFL"" }, { ""name"": ""Eric M. Leitzen"", ""votes"": 17, ""votes_pct"": 3.320000, ""party"": ""LMN"" }, { ""name"": ""WRITE-IN"", ""votes"": 0, ""votes_pct"": 0, ""party"": ""WI"" } ]"
"280110","1","26",26B,Houston,Spring Grove Twp,34.8883198525719,R,"41.26",-41.26,5.90455490176934,"206","[ { ""name"": ""Jeremy Miller"", ""votes"": 145, ""votes_pct"": 70.390000, ""party"": ""R"" }, { ""name"": ""Daniel Wilson"", ""votes"": 60, ""votes_pct"": 29.130000, ""party"": ""DFL"" }, { ""name"": ""Eric M. Leitzen"", ""votes"": 1, ""votes_pct"": 0.490000, ""party"": ""LMN"" }, { ""name"": ""WRITE-IN"", ""votes"": 0, ""votes_pct"": 0, ""party"": ""WI"" } ]"
"280115","1","26",26B,Houston,Union Twp,26.1695197399522,R,"36.99",-36.99,6.61074416799046,"173","[ { ""name"": ""Jeremy Miller"", ""votes"": 116, ""votes_pct"": 67.050000, ""party"": ""R"" }, { ""name"": ""Daniel Wilson"", ""votes"": 52, ""votes_pct"": 30.060000, ""party"": ""DFL"" }, { ""name"": ""Eric M. Leitzen"", ""votes"": 5, ""votes_pct"": 2.890000, ""party"": ""LMN"" }, { ""name"": ""WRITE-IN"", ""votes"": 0, ""votes_pct"": 0, ""party"": ""WI"" } ]"
"280120","1","26",26B,Houston,Wilmington Twp,35.8855338699129,R,"44.21",-44.21,5.29461260598103,"190","[ { ""name"": ""Jeremy Miller"", ""votes"": 136, ""votes_pct"": 71.580000, ""party"": ""R"" }, { ""name"": ""Daniel Wilson"", ""votes"": 52, ""votes_pct"": 27.370000, ""party"": ""DFL"" }, { ""name"": ""Eric M. Leitzen"", ""votes"": 2, ""votes_pct"": 1.050000, ""party"": ""LMN"" }, { ""name"": ""WRITE-IN"", ""votes"": 0, ""votes_pct"": 0, ""party"": ""WI"" } ]"
"280125","1","26",26B,Houston,Winnebago Twp,35.1983991860058,R,"47.27",-47.27,3.12514212418313,"110","[ { ""name"": ""Jeremy Miller"", ""votes"": 78, ""votes_pct"": 70.910000, ""party"": ""R"" }, { ""name"": ""Daniel Wilson"", ""votes"": 26, ""votes_pct"": 23.640000, ""party"": ""DFL"" }, { ""name"": ""Eric M. Leitzen"", ""votes"": 6, ""votes_pct"": 5.450000, ""party"": ""LMN"" }, { ""name"": ""WRITE-IN"", ""votes"": 0, ""votes_pct"": 0, ""party"": ""WI"" } ]"
"280130","1","26",26B,Houston,Yucatan Twp,42.9016237172523,R,"30.16",-30.16,4.40542766506052,"189","[ { ""name"": ""Jeremy Miller"", ""votes"": 121, ""votes_pct"": 64.020000, ""party"": ""R"" }, { ""name"": ""Daniel Wilson"", ""votes"": 64, ""votes_pct"": 33.860000, ""party"": ""DFL"" }, { ""name"": ""Eric M. Leitzen"", ""votes"": 4, ""votes_pct"": 2.120000, ""party"": ""LMN"" }, { ""name"": ""WRITE-IN"", ""votes"": 0, ""votes_pct"": 0, ""party"": ""WI"" } ]"
"290005","7","5",5A,Hubbard,Akeley,1.49306632290902,R,"34.62",-34.62,104.482967438484,"156","[ { ""name"": ""Paul J. Utke"", ""votes"": 105, ""votes_pct"": 67.310000, ""party"": ""R"" }, { ""name"": ""A. John Peters"", ""votes"": 51, ""votes_pct"": 32.690000, ""party"": ""DFL"" }, { ""name"": ""WRITE-IN"", ""votes"": 0, ""votes_pct"": 0, ""party"": ""WI"" } ]"
"290010","8","5",5A,Hubbard,Akeley Twp P-1,22.2389092040029,R,"21.69",-21.69,7.46439488003848,"166","[ { ""name"": ""Paul J. Utke"", ""votes"": 100, ""votes_pct"": 60.240000, ""party"": ""R"" }, { ""name"": ""A. John Peters"", ""votes"": 64, ""votes_pct"": 38.550000, ""party"": ""DFL"" }, { ""name"": ""WRITE-IN"", ""votes"": 2, ""votes_pct"": 1.200000, ""party"": ""WI"" } ]"
"290012","7","5",5A,Hubbard,Akeley Twp P-2,12.1842817755902,R,"50.72",-50.72,11.3260676781513,"138","[ { ""name"": ""Paul J. Utke"", ""votes"": 104, ""votes_pct"": 75.360000, ""party"": ""R"" }, { ""name"": ""A. John Peters"", ""votes"": 34, ""votes_pct"": 24.640000, ""party"": ""DFL"" }, { ""name"": ""WRITE-IN"", ""votes"": 0, ""votes_pct"": 0, ""party"": ""WI"" } ]"
"290015","8","5",5A,Hubbard,Arago Twp,35.6365624854868,R,"52.70",-52.7,9.84943483656558,"351","[ { ""name"": ""Paul J. Utke"", ""votes"": 268, ""votes_pct"": 76.350000, ""party"": ""R"" }, { ""name"": ""A. John Peters"", ""votes"": 83, ""votes_pct"": 23.650000, ""party"": ""DFL"" }, { ""name"": ""WRITE-IN"", ""votes"": 0, ""votes_pct"": 0, ""party"": ""WI"" } ]"
"290020","7","5",5A,Hubbard,Badoura Twp,36.3646201998608,R,"11.48",-11.48,1.67745461563307,"61","[ { ""name"": ""Paul J. Utke"", ""votes"": 34, ""votes_pct"": 55.740000, ""party"": ""R"" }, { ""name"": ""A. John Peters"", ""votes"": 27, ""votes_pct"": 44.260000, ""party"": ""DFL"" }, { ""name"": ""WRITE-IN"", ""votes"": 0, ""votes_pct"": 0, ""party"": ""WI"" } ]"
"290022","8","5",5A,Hubbard,Clay Twp,36.1124467525364,R,"26.32",-26.32,1.57840315807448,"57","[ { ""name"": ""Paul J. Utke"", ""votes"": 36, ""votes_pct"": 63.160000, ""party"": ""R"" }, { ""name"": ""A. John Peters"", ""votes"": 21, ""votes_pct"": 36.840000, ""party"": ""DFL"" }, { ""name"": ""WRITE-IN"", ""votes"": 0, ""votes_pct"": 0, ""party"": ""WI"" } ]"
"290025","8","5",5A,Hubbard,Clover Twp,35.2349183651622,R,"36.26",-36.26,2.5826652713342,"91","[ { ""name"": ""Paul J. Utke"", ""votes"": 62, ""votes_pct"": 68.130000, ""party"": ""R"" }, { ""name"": ""A. John Peters"", ""votes"": 29, ""votes_pct"": 31.870000, ""party"": ""DFL"" }, { ""name"": ""WRITE-IN"", ""votes"": 0, ""votes_pct"": 0, ""party"": ""WI"" } ]"
"290030","7","5",5A,Hubbard,Crow Wing Lake Twp,35.3473246923311,R,"36.04",-36.04,6.98779899610306,"247","[ { ""name"": ""Paul J. Utke"", ""votes"": 168, ""votes_pct"": 68.020000, ""party"": ""R"" }, { ""name"": ""A. John Peters"", ""votes"": 79, ""votes_pct"": 31.980000, ""party"": ""DFL"" }, { ""name"": ""WRITE-IN"", ""votes"": 0, ""votes_pct"": 0, ""party"": ""WI"" } ]"
"290035","8","2",2B,Hubbard,Farden Twp,36.1744845186839,R,"20.54",-20.54,14.1259787609709,"511","[ { ""name"": ""Steve Green"", ""votes"": 308, ""votes_pct"": 60.270000, ""party"": ""R"" }, { ""name"": ""Leonard Alan Roy"", ""votes"": 203, ""votes_pct"": 39.730000, ""party"": ""DFL"" }, { ""name"": ""WRITE-IN"", ""votes"": 0, ""votes_pct"": 0, ""party"": ""WI"" } ]"
"290040","8","2",2B,Hubbard,Fern Twp,36.1351955132626,R,"53.62",-53.62,3.81899137502523,"138","[ { ""name"": ""Steve Green"", ""votes"": 106, ""votes_pct"": 76.810000, ""party"": ""R"" }, { ""name"": ""Leonard Alan Roy"", ""votes"": 32, ""votes_pct"": 23.190000, ""party"": ""DFL"" }, { ""name"": ""WRITE-IN"", ""votes"": 0, ""votes_pct"": 0, ""party"": ""WI"" } ]"
"290045","8","2",2B,Hubbard,Guthrie Twp,35.362334205198,R,"48.24",-48.24,8.85122566241657,"313","[ { ""name"": ""Steve Green"", ""votes"": 232, ""votes_pct"": 74.120000, ""party"": ""R"" }, { ""name"": ""Leonard Alan Roy"", ""votes"": 81, ""votes_pct"": 25.880000, ""party"": ""DFL"" }, { ""name"": ""WRITE-IN"", ""votes"": 0, ""votes_pct"": 0, ""party"": ""WI"" } ]"
"290050","8","2",2B,Hubbard,Hart Lake Twp,35.5572626061381,R,"34.45",-34.45,7.59338543550849,"270","[ { ""name"": ""Steve Green"", ""votes"": 181, ""votes_pct"": 67.040000, ""party"": ""R"" }, { ""name"": ""Leonard Alan Roy"", ""votes"": 88, ""votes_pct"": 32.590000, ""party"": ""DFL"" }, { ""name"": ""WRITE-IN"", ""votes"": 1, ""votes_pct"": 0.370000, ""party"": ""WI"" } ]"
"290055","8","2",2B,Hubbard,Helga Twp,35.7554830510063,R,"35.48",-35.48,23.0174487875318,"823","[ { ""name"": ""Steve Green"", ""votes"": 557, ""votes_pct"": 67.680000, ""party"": ""R"" }, { ""name"": ""Leonard Alan Roy"", ""votes"": 265, ""votes_pct"": 32.200000, ""party"": ""DFL"" }, { ""name"": ""WRITE-IN"", ""votes"": 1, ""votes_pct"": 0.120000, ""party"": ""WI"" } ]"
"290060","8","5",5A,Hubbard,Hendrickson Twp,35.9687823883631,R,"52.00",-52,4.1702829520448,"150","[ { ""name"": ""Paul J. Utke"", ""votes"": 114, ""votes_pct"": 76, ""party"": ""R"" }, { ""name"": ""A. John Peters"", ""votes"": 36, ""votes_pct"": 24, ""party"": ""DFL"" }, { ""name"": ""WRITE-IN"", ""votes"": 0, ""votes_pct"": 0, ""party"": ""WI"" } ]"
"290065","7","5",5A,Hubbard,Henrietta Twp,34.1022017069534,R,"43.22",-43.22,23.3416014262122,"796","[ { ""name"": ""Paul J. Utke"", ""votes"": 570, ""votes_pct"": 71.610000, ""party"": ""R"" }, { ""name"": ""A. John Peters"", ""votes"": 226, ""votes_pct"": 28.390000, ""party"": ""DFL"" }, { ""name"": ""WRITE-IN"", ""votes"": 0, ""votes_pct"": 0, ""party"": ""WI"" } ]"
"290070","7","5",5A,Hubbard,Hubbard Twp,36.0620724405556,R,"42.24",-42.24,11.4247455045502,"412","[ { ""name"": ""Paul J. Utke"", ""votes"": 293, ""votes_pct"": 71.120000, ""party"": ""R"" }, { ""name"": ""A. John Peters"", ""votes"": 119, ""votes_pct"": 28.880000, ""party"": ""DFL"" }, { ""name"": ""WRITE-IN"", ""votes"": 0, ""votes_pct"": 0, ""party"": ""WI"" } ]"
"290075","8","2",2B,Hubbard,Lake Alice Twp,35.0060087659253,R,"35.84",-35.84,1.51402578781246,"53","[ { ""name"": ""Steve Green"", ""votes"": 36, ""votes_pct"": 67.920000, ""party"": ""R"" }, { ""name"": ""Leonard Alan Roy"", ""votes"": 17, ""votes_pct"": 32.080000, ""party"": ""DFL"" }, { ""name"": ""WRITE-IN"", ""votes"": 0, ""votes_pct"": 0, ""party"": ""WI"" } ]"
"290080","8","5",5A,Hubbard,Lake Emma Twp,35.8940061206298,R,"21.66",-21.66,17.4959573442281,"628","[ { ""name"": ""Paul J. Utke"", ""votes"": 382, ""votes_pct"": 60.830000, ""party"": ""R"" }, { ""name"": ""A. John Peters"", ""votes"": 246, ""votes_pct"": 39.170000, ""party"": ""DFL"" }, { ""name"": ""WRITE-IN"", ""votes"": 0, ""votes_pct"": 0, ""party"": ""WI"" } ]"
"290085","8","5",5A,Hubbard,Lake George Twp,36.0534503593321,R,"44.04",-44.04,6.7399929154659,"243","[ { ""name"": ""Paul J. Utke"", ""votes"": 175, ""votes_pct"": 72.020000, ""party"": ""R"" }, { ""name"": ""A. John Peters"", ""votes"": 68, ""votes_pct"": 27.980000, ""party"": ""DFL"" }, { ""name"": ""WRITE-IN"", ""votes"": 0, ""votes_pct"": 0, ""party"": ""WI"" } ]"
"290090","8","2",2B,Hubbard,Lake Hattie Twp,34.3226417123433,R,"38.78",-38.78,2.85525807778242,"98","[ { ""name"": ""Steve Green"", ""votes"": 68, ""votes_pct"": 69.390000, ""party"": ""R"" }, { ""name"": ""Leonard Alan Roy"", ""votes"": 30, ""votes_pct"": 30.610000, ""party"": ""DFL"" }, { ""name"": ""WRITE-IN"", ""votes"": 0, ""votes_pct"": 0, ""party"": ""WI"" } ]"
"290095","8","5",5A,Hubbard,Lakeport Twp P-1,29.6066779597789,R,"8.14",-8.14,13.6793462795859,"405","[ { ""name"": ""Paul J. Utke"", ""votes"": 219, ""votes_pct"": 54.070000, ""party"": ""R"" }, { ""name"": ""A. John Peters"", ""votes"": 186, ""votes_pct"": 45.930000, ""party"": ""DFL"" }, { ""name"": ""WRITE-IN"", ""votes"": 0, ""votes_pct"": 0, ""party"": ""WI"" } ]"
"290097","8","2",2B,Hubbard,Lakeport Twp P-2,5.76344565956016,R,"27.28",-27.28,5.7257415007047,"33","[ { ""name"": ""Steve Green"", ""votes"": 21, ""votes_pct"": 63.640000, ""party"": ""R"" }, { ""name"": ""Leonard Alan Roy"", ""votes"": 12, ""votes_pct"": 36.360000, ""party"": ""DFL"" }, { ""name"": ""WRITE-IN"", ""votes"": 0, ""votes_pct"": 0, ""party"": ""WI"" } ]"
"290100","8","5",5A,Hubbard,Laporte,0.702499059438462,R,"24.44",-24.44,64.0570252662978,"45","[ { ""name"": ""Paul J. Utke"", ""votes"": 28, ""votes_pct"": 62.220000, ""party"": ""R"" }, { ""name"": ""A. John Peters"", ""votes"": 17, ""votes_pct"": 37.780000, ""party"": ""DFL"" }, { ""name"": ""WRITE-IN"", ""votes"": 0, ""votes_pct"": 0, ""party"": ""WI"" } ]"
"290105","7","5",5A,Hubbard,Mantrap Twp,35.8882761843134,R,"22.68",-22.68,9.33452468654449,"335","[ { ""name"": ""Paul J. Utke"", ""votes"": 205, ""votes_pct"": 61.190000, ""party"": ""R"" }, { ""name"": ""A. John Peters"", ""votes"": 129, ""votes_pct"": 38.510000, ""party"": ""DFL"" }, { ""name"": ""WRITE-IN"", ""votes"": 1, ""votes_pct"": 0.300000, ""party"": ""WI"" } ]"
"290110","7","5",5A,Hubbard,Nevis,1.01096084717328,R,"27.38",-27.38,177.059280288151,"179","[ { ""name"": ""Paul J. Utke"", ""votes"": 114, ""votes_pct"": 63.690000, ""party"": ""R"" }, { ""name"": ""A. John Peters"", ""votes"": 65, ""votes_pct"": 36.310000, ""party"": ""DFL"" }, { ""name"": ""WRITE-IN"", ""votes"": 0, ""votes_pct"": 0, ""party"": ""WI"" } ]"
"290115","7","5",5A,Hubbard,Nevis Twp,33.4428429868533,R,"34.85",-34.85,19.0474236969151,"637","[ { ""name"": ""Paul J. Utke"", ""votes"": 429, ""votes_pct"": 67.350000, ""party"": ""R"" }, { ""name"": ""A. John Peters"", ""votes"": 207, ""votes_pct"": 32.500000, ""party"": ""DFL"" }, { ""name"": ""WRITE-IN"", ""votes"": 1, ""votes_pct"": 0.160000, ""party"": ""WI"" } ]"
"290120","7","5",5A,Hubbard,Park Rapids P-1,3.63245295411098,R,"26.40",-26.4,153.339907505099,"557","[ { ""name"": ""Paul J. Utke"", ""votes"": 352, ""votes_pct"": 63.200000, ""party"": ""R"" }, { ""name"": ""A. John Peters"", ""votes"": 205, ""votes_pct"": 36.800000, ""party"": ""DFL"" }, { ""name"": ""WRITE-IN"", ""votes"": 0, ""votes_pct"": 0, ""party"": ""WI"" } ]"
"290122","7","5",5A,Hubbard,Park Rapids P-2,3.91891039050654,R,"31.30",-31.3,250.324682691507,"981","[ { ""name"": ""Paul J. Utke"", ""votes"": 644, ""votes_pct"": 65.650000, ""party"": ""R"" }, { ""name"": ""A. John Peters"", ""votes"": 337, ""votes_pct"": 34.350000, ""party"": ""DFL"" }, { ""name"": ""WRITE-IN"", ""votes"": 0, ""votes_pct"": 0, ""party"": ""WI"" } ]"
"290125","8","2",2B,Hubbard,Rockwood Twp,36.0091270354702,R,"27.48",-27.48,6.97045501138522,"251","[ { ""name"": ""Steve Green"", ""votes"": 160, ""votes_pct"": 63.740000, ""party"": ""R"" }, { ""name"": ""Leonard Alan Roy"", ""votes"": 91, ""votes_pct"": 36.260000, ""party"": ""DFL"" }, { ""name"": ""WRITE-IN"", ""votes"": 0, ""votes_pct"": 0, ""party"": ""WI"" } ]"
"290130","8","2",2B,Hubbard,Schoolcraft Twp,35.1923948813923,R,"30.30",-30.3,1.87540518974163,"66","[ { ""name"": ""Steve Green"", ""votes"": 43, ""votes_pct"": 65.150000, ""party"": ""R"" }, { ""name"": ""Leonard Alan Roy"", ""votes"": 23, ""votes_pct"": 34.850000, ""party"": ""DFL"" }, { ""name"": ""WRITE-IN"", ""votes"": 0, ""votes_pct"": 0, ""party"": ""WI"" } ]"
"290135","8","5",5A,Hubbard,Steamboat River Twp P-1,35.8045276279848,R,"30.30",-30.3,1.84334229139262,"66","[ { ""name"": ""Paul J. Utke"", ""votes"": 43, ""votes_pct"": 65.150000, ""party"": ""R"" }, { ""name"": ""A. John Peters"", ""votes"": 23, ""votes_pct"": 34.850000, ""party"": ""DFL"" }, { ""name"": ""WRITE-IN"", ""votes"": 0, ""votes_pct"": 0, ""party"": ""WI"" } ]"
"290137","8","2",2B,Hubbard,Steamboat River Twp P-2,0.161297315446539,even,"0.00",0,24.7989248235553,"4","[ { ""name"": ""Steve Green"", ""votes"": 2, ""votes_pct"": 50, ""party"": ""R"" }, { ""name"": ""Leonard Alan Roy"", ""votes"": 2, ""votes_pct"": 50, ""party"": ""DFL"" }, { ""name"": ""WRITE-IN"", ""votes"": 0, ""votes_pct"": 0, ""party"": ""WI"" } ]"
"290140","7","5",5A,Hubbard,Straight River Twp,35.3274692482483,R,"52.18",-52.18,11.0112614426602,"389","[ { ""name"": ""Paul J. Utke"", ""votes"": 296, ""votes_pct"": 76.090000, ""party"": ""R"" }, { ""name"": ""A. John Peters"", ""votes"": 93, ""votes_pct"": 23.910000, ""party"": ""DFL"" }, { ""name"": ""WRITE-IN"", ""votes"": 0, ""votes_pct"": 0, ""party"": ""WI"" } ]"
"290145","8","5",5A,Hubbard,Thorpe Twp,35.9970781390635,R,"35.72",-35.72,0.7778409095269,"28","[ { ""name"": ""Paul J. Utke"", ""votes"": 19, ""votes_pct"": 67.860000, ""party"": ""R"" }, { ""name"": ""A. John Peters"", ""votes"": 9, ""votes_pct"": 32.140000, ""party"": ""DFL"" }, { ""name"": ""WRITE-IN"", ""votes"": 0, ""votes_pct"": 0, ""party"": ""WI"" } ]"
"290150","7","5",5A,Hubbard,Todd Twp P-1,28.3527269998701,R,"46.58",-46.58,22.7138645253753,"644","[ { ""name"": ""Paul J. Utke"", ""votes"": 472, ""votes_pct"": 73.290000, ""party"": ""R"" }, { ""name"": ""A. John Peters"", ""votes"": 172, ""votes_pct"": 26.710000, ""party"": ""DFL"" }, { ""name"": ""WRITE-IN"", ""votes"": 0, ""votes_pct"": 0, ""party"": ""WI"" } ]"
"290152","7","5",5A,Hubbard,Todd Twp P-2,0.949685863039056,R,"23.80",-23.8,44.2251502676867,"42","[ { ""name"": ""Paul J. Utke"", ""votes"": 26, ""votes_pct"": 61.900000, ""party"": ""R"" }, { ""name"": ""A. John Peters"", ""votes"": 16, ""votes_pct"": 38.100000, ""party"": ""DFL"" }, { ""name"": ""WRITE-IN"", ""votes"": 0, ""votes_pct"": 0, ""party"": ""WI"" } ]"
"290155","7","5",5A,Hubbard,White Oak Twp,36.5133881975405,R,"31.32",-31.32,6.81941644672603,"249","[ { ""name"": ""Paul J. Utke"", ""votes"": 163, ""votes_pct"": 65.460000, ""party"": ""R"" }, { ""name"": ""A. John Peters"", ""votes"": 85, ""votes_pct"": 34.140000, ""party"": ""DFL"" }, { ""name"": ""WRITE-IN"", ""votes"": 1, ""votes_pct"": 0.400000, ""party"": ""WI"" } ]"
"300005","8","31",31B,Isanti,Athens Twp,31.3325893243678,R,"45.24",-45.24,31.4688323327678,"986","[ { ""name"": ""Cal K. Bahr"", ""votes"": 716, ""votes_pct"": 72.620000, ""party"": ""R"" }, { ""name"": ""Jason Ruffalo"", ""votes"": 270, ""votes_pct"": 27.380000, ""party"": ""DFL"" }, { ""name"": ""WRITE-IN"", ""votes"": 0, ""votes_pct"": 0, ""party"": ""WI"" } ]"
"300010","8","28",28A,Isanti,Bradford Twp,35.9094633797671,R,"48.16",-48.16,47.1184986003813,"1692","[ { ""name"": ""Mark Koran"", ""votes"": 1253, ""votes_pct"": 74.050000, ""party"": ""R"" }, { ""name"": ""Victoria Ann Bird"", ""votes"": 438, ""votes_pct"": 25.890000, ""party"": ""DFL"" }, { ""name"": ""WRITE-IN"", ""votes"": 1, ""votes_pct"": 0.060000, ""party"": ""WI"" } ]"
"300015","8","28",28A,Isanti,Braham,1.51986279664534,R,"31.80",-31.8,426.354274497853,"648","[ { ""name"": ""Mark Koran"", ""votes"": 427, ""votes_pct"": 65.900000, ""party"": ""R"" }, { ""name"": ""Victoria Ann Bird"", ""votes"": 221, ""votes_pct"": 34.100000, ""party"": ""DFL"" }, { ""name"": ""WRITE-IN"", ""votes"": 0, ""votes_pct"": 0, ""party"": ""WI"" } ]"
"300020","8","28",28A,Isanti,Cambridge P-1,4.78452071026215,R,"16.77",-16.77,429.928121240653,"2057","[ { ""name"": ""Mark Koran"", ""votes"": 1199, ""votes_pct"": 58.290000, ""party"": ""R"" }, { ""name"": ""Victoria Ann Bird"", ""votes"": 854, ""votes_pct"": 41.520000, ""party"": ""DFL"" }, { ""name"": ""WRITE-IN"", ""votes"": 4, ""votes_pct"": 0.190000, ""party"": ""WI"" } ]"
"300022","8","28",28A,Isanti,Cambridge P-2,2.99598160445169,R,"28.34",-28.34,555.744400274687,"1665","[ { ""name"": ""Mark Koran"", ""votes"": 1068, ""votes_pct"": 64.140000, ""party"": ""R"" }, { ""name"": ""Victoria Ann Bird"", ""votes"": 596, ""votes_pct"": 35.800000, ""party"": ""DFL"" }, { ""name"": ""WRITE-IN"", ""votes"": 1, ""votes_pct"": 0.060000, ""party"": ""WI"" } ]"
"300025","8","28",28A,Isanti,Cambridge Twp,31.1074270127349,R,"39.68",-39.68,39.3796632392162,"1225","[ { ""name"": ""Mark Koran"", ""votes"": 855, ""votes_pct"": 69.800000, ""party"": ""R"" }, { ""name"": ""Victoria Ann Bird"", ""votes"": 369, ""votes_pct"": 30.120000, ""party"": ""DFL"" }, { ""name"": ""WRITE-IN"", ""votes"": 1, ""votes_pct"": 0.080000, ""party"": ""WI"" } ]"
"300030","8","10",10B,Isanti,Dalbo Twp,36.187923096172,R,"57.50",-57.5,10.1415049165621,"367","[ { ""name"": ""Nathan Wesenberg"", ""votes"": 289, ""votes_pct"": 78.750000, ""party"": ""R"" }, { ""name"": ""Suzanne M. Cekalla"", ""votes"": 78, ""votes_pct"": 21.250000, ""party"": ""DFL"" }, { ""name"": ""WRITE-IN"", ""votes"": 0, ""votes_pct"": 0, ""party"": ""WI"" } ]"
"300035","8","28",28A,Isanti,Isanti P-1,1.70438268802101,R,"38.80",-38.8,757.458996194688,"1291","[ { ""name"": ""Mark Koran"", ""votes"": 896, ""votes_pct"": 69.400000, ""party"": ""R"" }, { ""name"": ""Victoria Ann Bird"", ""votes"": 395, ""votes_pct"": 30.600000, ""party"": ""DFL"" }, { ""name"": ""WRITE-IN"", ""votes"": 0, ""votes_pct"": 0, ""party"": ""WI"" } ]"
"300037","8","28",28A,Isanti,Isanti P-2,3.40691326975128,R,"38.71",-38.71,340.484159165192,"1160","[ { ""name"": ""Mark Koran"", ""votes"": 804, ""votes_pct"": 69.310000, ""party"": ""R"" }, { ""name"": ""Victoria Ann Bird"", ""votes"": 355, ""votes_pct"": 30.600000, ""party"": ""DFL"" }, { ""name"": ""WRITE-IN"", ""votes"": 1, ""votes_pct"": 0.090000, ""party"": ""WI"" } ]"
"300040","8","28",28A,Isanti,Isanti Twp,27.9727683587481,R,"47.75",-47.75,42.0051381733384,"1175","[ { ""name"": ""Mark Koran"", ""votes"": 867, ""votes_pct"": 73.790000, ""party"": ""R"" }, { ""name"": ""Victoria Ann Bird"", ""votes"": 306, ""votes_pct"": 26.040000, ""party"": ""DFL"" }, { ""name"": ""WRITE-IN"", ""votes"": 2, ""votes_pct"": 0.170000, ""party"": ""WI"" } ]"
"300045","8","28",28A,Isanti,Maple Ridge Twp,35.6707119599087,R,"48.63",-48.63,11.2977840322599,"403","[ { ""name"": ""Mark Koran"", ""votes"": 299, ""votes_pct"": 74.190000, ""party"": ""R"" }, { ""name"": ""Victoria Ann Bird"", ""votes"": 103, ""votes_pct"": 25.560000, ""party"": ""DFL"" }, { ""name"": ""WRITE-IN"", ""votes"": 1, ""votes_pct"": 0.250000, ""party"": ""WI"" } ]"
"300050","8","28",28A,Isanti,North Branch Twp,34.9695320359156,R,"45.37",-45.37,27.7956250315761,"972","[ { ""name"": ""Mark Koran"", ""votes"": 706, ""votes_pct"": 72.630000, ""party"": ""R"" }, { ""name"": ""Victoria Ann Bird"", ""votes"": 265, ""votes_pct"": 27.260000, ""party"": ""DFL"" }, { ""name"": ""WRITE-IN"", ""votes"": 1, ""votes_pct"": 0.100000, ""party"": ""WI"" } ]"
"300055","8","28",28A,Isanti,Oxford Twp,23.6466043278122,R,"53.26",-53.26,23.3437322478797,"552","[ { ""name"": ""Mark Koran"", ""votes"": 423, ""votes_pct"": 76.630000, ""party"": ""R"" }, { ""name"": ""Victoria Ann Bird"", ""votes"": 129, ""votes_pct"": 23.370000, ""party"": ""DFL"" }, { ""name"": ""WRITE-IN"", ""votes"": 0, ""votes_pct"": 0, ""party"": ""WI"" } ]"
"300057","8","27",27B,Isanti,Saint Francis P-3,0.321048028280222,R,"100.00",-100,6.2295975175849,"2","[ { ""name"": ""Andrew Mathews"", ""votes"": 2, ""votes_pct"": 100, ""party"": ""R"" }, { ""name"": ""Emy Minzel"", ""votes"": 0, ""votes_pct"": 0, ""party"": ""DFL"" }, { ""name"": ""WRITE-IN"", ""votes"": 0, ""votes_pct"": 0, ""party"": ""WI"" } ]"
"300060","8","27",27B,Isanti,Spencer Brook Twp,35.3801253093374,R,"53.82",-53.82,24.7313991216722,"875","[ { ""name"": ""Andrew Mathews"", ""votes"": 673, ""votes_pct"": 76.910000, ""party"": ""R"" }, { ""name"": ""Emy Minzel"", ""votes"": 202, ""votes_pct"": 23.090000, ""party"": ""DFL"" }, { ""name"": ""WRITE-IN"", ""votes"": 0, ""votes_pct"": 0, ""party"": ""WI"" } ]"
"300065","8","28",28A,Isanti,Springvale Twp,35.2747816149128,R,"55.14",-55.14,23.6996506208438,"836","[ { ""name"": ""Mark Koran"", ""votes"": 648, ""votes_pct"": 77.510000, ""party"": ""R"" }, { ""name"": ""Victoria Ann Bird"", ""votes"": 187, ""votes_pct"": 22.370000, ""party"": ""DFL"" }, { ""name"": ""WRITE-IN"", ""votes"": 1, ""votes_pct"": 0.120000, ""party"": ""WI"" } ]"
"300070","8","28",28A,Isanti,Stanchfield Twp,34.2218652750503,R,"45.87",-45.87,16.6267967986781,"569","[ { ""name"": ""Mark Koran"", ""votes"": 415, ""votes_pct"": 72.940000, ""party"": ""R"" }, { ""name"": ""Victoria Ann Bird"", ""votes"": 154, ""votes_pct"": 27.070000, ""party"": ""DFL"" }, { ""name"": ""WRITE-IN"", ""votes"": 0, ""votes_pct"": 0, ""party"": ""WI"" } ]"
"300075","8","27",27B,Isanti,Stanford Twp,39.2760207135153,R,"50.68",-50.68,30.1965417691076,"1186","[ { ""name"": ""Andrew Mathews"", ""votes"": 893, ""votes_pct"": 75.300000, ""party"": ""R"" }, { ""name"": ""Emy Minzel"", ""votes"": 292, ""votes_pct"": 24.620000, ""party"": ""DFL"" }, { ""name"": ""WRITE-IN"", ""votes"": 1, ""votes_pct"": 0.080000, ""party"": ""WI"" } ]"
"300080","8","28",28A,Isanti,Wyanett Twp,35.5819211229082,R,"40.54",-40.54,27.1767226019011,"967","[ { ""name"": ""Mark Koran"", ""votes"": 679, ""votes_pct"": 70.220000, ""party"": ""R"" }, { ""name"": ""Victoria Ann Bird"", ""votes"": 287, ""votes_pct"": 29.680000, ""party"": ""DFL"" }, { ""name"": ""WRITE-IN"", ""votes"": 1, ""votes_pct"": 0.100000, ""party"": ""WI"" } ]"
"310005","8","3",3A,Itasca,Alvwood Twp,35.4319148811385,R,"60.00",-60,0.564462859743621,"20","[ { ""name"": ""Andrea Zupancich"", ""votes"": 16, ""votes_pct"": 80, ""party"": ""R"" }, { ""name"": ""Grant Hauschild"", ""votes"": 4, ""votes_pct"": 20, ""party"": ""DFL"" }, { ""name"": ""WRITE-IN"", ""votes"": 0, ""votes_pct"": 0, ""party"": ""WI"" } ]"
"310010","8","7",7A,Itasca,Arbo Twp,36.7977282378334,R,"7.26",-7.26,12.7181764313056,"468","[ { ""name"": ""Robert Farnsworth"", ""votes"": 251, ""votes_pct"": 53.630000, ""party"": ""R"" }, { ""name"": ""Ben DeNucci"", ""votes"": 217, ""votes_pct"": 46.370000, ""party"": ""DFL"" }, { ""name"": ""WRITE-IN"", ""votes"": 0, ""votes_pct"": 0, ""party"": ""WI"" } ]"
"310015","8","3",3A,Itasca,Ardenhurst Twp,34.5921551195863,R,"42.86",-42.86,3.03537029239754,"105","[ { ""name"": ""Andrea Zupancich"", ""votes"": 75, ""votes_pct"": 71.430000, ""party"": ""R"" }, { ""name"": ""Grant Hauschild"", ""votes"": 30, ""votes_pct"": 28.570000, ""party"": ""DFL"" }, { ""name"": ""WRITE-IN"", ""votes"": 0, ""votes_pct"": 0, ""party"": ""WI"" } ]"
"310020","8","2",2B,Itasca,Ball Club Prec,37.5378241304395,DFL,"1.36",1.36,3.91605010160398,"147","[ { ""name"": ""Leonard Alan Roy"", ""votes"": 74, ""votes_pct"": 50.340000, ""party"": ""DFL"" }, { ""name"": ""Steve Green"", ""votes"": 72, ""votes_pct"": 48.980000, ""party"": ""R"" }, { ""name"": ""WRITE-IN"", ""votes"": 1, ""votes_pct"": 0.680000, ""party"": ""WI"" } ]"
"310025","8","7",7A,Itasca,Balsam Twp,83.2551293359071,R,"22.25",-22.25,4.58830588634071,"382","[ { ""name"": ""Robert Farnsworth"", ""votes"": 233, ""votes_pct"": 60.990000, ""party"": ""R"" }, { ""name"": ""Ben DeNucci"", ""votes"": 148, ""votes_pct"": 38.740000, ""party"": ""DFL"" }, { ""name"": ""WRITE-IN"", ""votes"": 1, ""votes_pct"": 0.260000, ""party"": ""WI"" } ]"
"310030","8","6",6A,Itasca,Cohasset,35.9714493257348,R,"35.19",-35.19,42.0333355575496,"1512","[ { ""name"": ""Justin Eichorn"", ""votes"": 1021, ""votes_pct"": 67.530000, ""party"": ""R"" }, { ""name"": ""Steve Samuelson"", ""votes"": 489, ""votes_pct"": 32.340000, ""party"": ""DFL"" }, { ""name"": ""WRITE-IN"", ""votes"": 2, ""votes_pct"": 0.130000, ""party"": ""WI"" } ]"
"310035","8","7",7A,Itasca,Bass Lake Prec,33.9033575549869,R,"29.75",-29.75,19.5260896778828,"662","[ { ""name"": ""Robert Farnsworth"", ""votes"": 429, ""votes_pct"": 64.800000, ""party"": ""R"" }, { ""name"": ""Ben DeNucci"", ""votes"": 232, ""votes_pct"": 35.050000, ""party"": ""DFL"" }, { ""name"": ""WRITE-IN"", ""votes"": 1, ""votes_pct"": 0.150000, ""party"": ""WI"" } ]"
"310040","8","3",3A,Itasca,Bearville Twp,72.9781939086057,R,"5.18",-5.18,1.84986764908251,"135","[ { ""name"": ""Andrea Zupancich"", ""votes"": 71, ""votes_pct"": 52.590000, ""party"": ""R"" }, { ""name"": ""Grant Hauschild"", ""votes"": 64, ""votes_pct"": 47.410000, ""party"": ""DFL"" }, { ""name"": ""WRITE-IN"", ""votes"": 0, ""votes_pct"": 0, ""party"": ""WI"" } ]"
"310045","8","3",3A,Itasca,Bigfork,1.89220182634068,R,"24.20",-24.2,65.5321215072511,"124","[ { ""name"": ""Andrea Zupancich"", ""votes"": 77, ""votes_pct"": 62.100000, ""party"": ""R"" }, { ""name"": ""Grant Hauschild"", ""votes"": 47, ""votes_pct"": 37.900000, ""party"": ""DFL"" }, { ""name"": ""WRITE-IN"", ""votes"": 0, ""votes_pct"": 0, ""party"": ""WI"" } ]"
"310050","8","3",3A,Itasca,Bigfork Twp,47.9268919112841,R,"22.84",-22.84,2.64986931001254,"127","[ { ""name"": ""Andrea Zupancich"", ""votes"": 78, ""votes_pct"": 61.420000, ""party"": ""R"" }, { ""name"": ""Grant Hauschild"", ""votes"": 49, ""votes_pct"": 38.580000, ""party"": ""DFL"" }, { ""name"": ""WRITE-IN"", ""votes"": 0, ""votes_pct"": 0, ""party"": ""WI"" } ]"
"310055","8","7",7A,Itasca,Blackberry Twp,36.1135026277354,R,"35.77",-35.77,11.3807847506974,"411","[ { ""name"": ""Robert Farnsworth"", ""votes"": 278, ""votes_pct"": 67.640000, ""party"": ""R"" }, { ""name"": ""Ben DeNucci"", ""votes"": 131, ""votes_pct"": 31.870000, ""party"": ""DFL"" }, { ""name"": ""WRITE-IN"", ""votes"": 2, ""votes_pct"": 0.490000, ""party"": ""WI"" } ]"
"310060","8","7",7A,Itasca,Bovey,2.31403388708735,even,"0.00",0,113.222196728405,"262","[ { ""name"": ""Robert Farnsworth"", ""votes"": 131, ""votes_pct"": 50, ""party"": ""R"" }, { ""name"": ""Ben DeNucci"", ""votes"": 131, ""votes_pct"": 50, ""party"": ""DFL"" }, { ""name"": ""WRITE-IN"", ""votes"": 0, ""votes_pct"": 0, ""party"": ""WI"" } ]"
"310065","8","2",2B,Itasca,Bowstring Twp,35.5913382326416,even,"0.00",0,3.31541340841687,"118","[ { ""name"": ""Steve Green"", ""votes"": 59, ""votes_pct"": 50, ""party"": ""R"" }, { ""name"": ""Leonard Alan Roy"", ""votes"": 59, ""votes_pct"": 50, ""party"": ""DFL"" }, { ""name"": ""WRITE-IN"", ""votes"": 0, ""votes_pct"": 0, ""party"": ""WI"" } ]"
"310070","8","3",3A,Itasca,North Unorganized Prec,319.836896081317,R,"15.06",-15.06,1.03802908315991,"332","[ { ""name"": ""Andrea Zupancich"", ""votes"": 191, ""votes_pct"": 57.530000, ""party"": ""R"" }, { ""name"": ""Grant Hauschild"", ""votes"": 141, ""votes_pct"": 42.470000, ""party"": ""DFL"" }, { ""name"": ""WRITE-IN"", ""votes"": 0, ""votes_pct"": 0, ""party"": ""WI"" } ]"
"310074","8","7",7A,Itasca,Calumet,1.87475994363587,R,"7.54",-7.54,56.5405722262372,"106","[ { ""name"": ""Robert Farnsworth"", ""votes"": 57, ""votes_pct"": 53.770000, ""party"": ""R"" }, { ""name"": ""Ben DeNucci"", ""votes"": 49, ""votes_pct"": 46.230000, ""party"": ""DFL"" }, { ""name"": ""WRITE-IN"", ""votes"": 0, ""votes_pct"": 0, ""party"": ""WI"" } ]"
"310076","8","3",3A,Itasca,Carpenter Twp,105.919135242149,R,"34.28",-34.28,0.660881528535598,"70","[ { ""name"": ""Andrea Zupancich"", ""votes"": 47, ""votes_pct"": 67.140000, ""party"": ""R"" }, { ""name"": ""Grant Hauschild"", ""votes"": 23, ""votes_pct"": 32.860000, ""party"": ""DFL"" }, { ""name"": ""WRITE-IN"", ""votes"": 0, ""votes_pct"": 0, ""party"": ""WI"" } ]"
"310085","8","7",7A,Itasca,Coleraine,15.7897053781167,R,"9.78",-9.78,53.7058785894298,"848","[ { ""name"": ""Robert Farnsworth"", ""votes"": 465, ""votes_pct"": 54.830000, ""party"": ""R"" }, { ""name"": ""Ben DeNucci"", ""votes"": 382, ""votes_pct"": 45.050000, ""party"": ""DFL"" }, { ""name"": ""WRITE-IN"", ""votes"": 1, ""votes_pct"": 0.120000, ""party"": ""WI"" } ]"
"310090","8","7",7A,Itasca,Deer Lake Prec,37.5331272506576,R,"7.94",-7.94,10.737181511912,"403","[ { ""name"": ""Robert Farnsworth"", ""votes"": 217, ""votes_pct"": 53.850000, ""party"": ""R"" }, { ""name"": ""Ben DeNucci"", ""votes"": 185, ""votes_pct"": 45.910000, ""party"": ""DFL"" }, { ""name"": ""WRITE-IN"", ""votes"": 1, ""votes_pct"": 0.250000, ""party"": ""WI"" } ]"
"310095","8","2",2B,Itasca,Deer River P-1,0.299102259676206,DFL,"50.00",50,13.3733526598235,"4","[ { ""name"": ""Leonard Alan Roy"", ""votes"": 3, ""votes_pct"": 75, ""party"": ""DFL"" }, { ""name"": ""Steve Green"", ""votes"": 1, ""votes_pct"": 25, ""party"": ""R"" }, { ""name"": ""WRITE-IN"", ""votes"": 0, ""votes_pct"": 0, ""party"": ""WI"" } ]"
"310096","8","7",7A,Itasca,Deer River P-2,1.19070380941855,R,"22.96",-22.96,215.838731653591,"257","[ { ""name"": ""Robert Farnsworth"", ""votes"": 158, ""votes_pct"": 61.480000, ""party"": ""R"" }, { ""name"": ""Ben DeNucci"", ""votes"": 99, ""votes_pct"": 38.520000, ""party"": ""DFL"" }, { ""name"": ""WRITE-IN"", ""votes"": 0, ""votes_pct"": 0, ""party"": ""WI"" } ]"
"310100","8","7",7A,Itasca,Deer River Twp P-1,0.120858929227823,even,"0.00",0,0,"0","[ { ""name"": ""Robert Farnsworth"", ""votes"": 0, ""votes_pct"": 0, ""party"": ""R"" }, { ""name"": ""Ben DeNucci"", ""votes"": 0, ""votes_pct"": 0, ""party"": ""DFL"" }, { ""name"": ""WRITE-IN"", ""votes"": 0, ""votes_pct"": 0, ""party"": ""WI"" } ]"
"310101","8","7",7A,Itasca,Deer River Twp P-2,35.0854488632805,R,"35.54",-35.54,9.46261230100613,"332","[ { ""name"": ""Robert Farnsworth"", ""votes"": 225, ""votes_pct"": 67.770000, ""party"": ""R"" }, { ""name"": ""Ben DeNucci"", ""votes"": 107, ""votes_pct"": 32.230000, ""party"": ""DFL"" }, { ""name"": ""WRITE-IN"", ""votes"": 0, ""votes_pct"": 0, ""party"": ""WI"" } ]"
"310110","8","3",3A,Itasca,Effie,3.72045354196359,R,"18.75",-18.75,8.60110189230074,"32","[ { ""name"": ""Andrea Zupancich"", ""votes"": 19, ""votes_pct"": 59.380000, ""party"": ""R"" }, { ""name"": ""Grant Hauschild"", ""votes"": 13, ""votes_pct"": 40.630000, ""party"": ""DFL"" }, { ""name"": ""WRITE-IN"", ""votes"": 0, ""votes_pct"": 0, ""party"": ""WI"" } ]"
"310120","8","7",7A,Itasca,Feeley Twp,32.5826716699598,DFL,"3.52",3.52,5.21749725504353,"170","[ { ""name"": ""Ben DeNucci"", ""votes"": 88, ""votes_pct"": 51.760000, ""party"": ""DFL"" }, { ""name"": ""Robert Farnsworth"", ""votes"": 82, ""votes_pct"": 48.240000, ""party"": ""R"" }, { ""name"": ""WRITE-IN"", ""votes"": 0, ""votes_pct"": 0, ""party"": ""WI"" } ]"
"310125","8","2",2B,Itasca,Good Hope Twp,34.5663359810426,R,"50.72",-50.72,1.99616181587317,"69","[ { ""name"": ""Steve Green"", ""votes"": 52, ""votes_pct"": 75.360000, ""party"": ""R"" }, { ""name"": ""Leonard Alan Roy"", ""votes"": 17, ""votes_pct"": 24.640000, ""party"": ""DFL"" }, { ""name"": ""WRITE-IN"", ""votes"": 0, ""votes_pct"": 0, ""party"": ""WI"" } ]"
"310130","8","7",7A,Itasca,Goodland Twp,72.1421227257588,R,"28.74",-28.74,3.52082792137343,"254","[ { ""name"": ""Robert Farnsworth"", ""votes"": 163, ""votes_pct"": 64.170000, ""party"": ""R"" }, { ""name"": ""Ben DeNucci"", ""votes"": 90, ""votes_pct"": 35.430000, ""party"": ""DFL"" }, { ""name"": ""WRITE-IN"", ""votes"": 1, ""votes_pct"": 0.390000, ""party"": ""WI"" } ]"
"310135","8","7",7A,Itasca,Gran Prec,35.7723214339362,R,"0.56",-0.56,5.00386871259039,"179","[ { ""name"": ""Robert Farnsworth"", ""votes"": 90, ""votes_pct"": 50.280000, ""party"": ""R"" }, { ""name"": ""Ben DeNucci"", ""votes"": 89, ""votes_pct"": 49.720000, ""party"": ""DFL"" }, { ""name"": ""WRITE-IN"", ""votes"": 0, ""votes_pct"": 0, ""party"": ""WI"" } ]"
"310140","8","6",6A,Itasca,Grand Rapids P-1,4.91308816617333,R,"13.99",-13.99,184.812478280278,"908","[ { ""name"": ""Justin Eichorn"", ""votes"": 517, ""votes_pct"": 56.940000, ""party"": ""R"" }, { ""name"": ""Steve Samuelson"", ""votes"": 390, ""votes_pct"": 42.950000, ""party"": ""DFL"" }, { ""name"": ""WRITE-IN"", ""votes"": 1, ""votes_pct"": 0.110000, ""party"": ""WI"" } ]"
"310145","8","6",6A,Itasca,Grand Rapids P-2,6.74291764900611,DFL,"0.90",0.9,163.13412935751,"1100","[ { ""name"": ""Steve Samuelson"", ""votes"": 555, ""votes_pct"": 50.450000, ""party"": ""DFL"" }, { ""name"": ""Justin Eichorn"", ""votes"": 545, ""votes_pct"": 49.550000, ""party"": ""R"" }, { ""name"": ""WRITE-IN"", ""votes"": 0, ""votes_pct"": 0, ""party"": ""WI"" } ]"
"310151","8","6",6A,Itasca,Grand Rapids P-3,6.8945459583429,R,"8.36",-8.36,116.178788978951,"801","[ { ""name"": ""Justin Eichorn"", ""votes"": 434, ""votes_pct"": 54.180000, ""party"": ""R"" }, { ""name"": ""Steve Samuelson"", ""votes"": 367, ""votes_pct"": 45.820000, ""party"": ""DFL"" }, { ""name"": ""WRITE-IN"", ""votes"": 0, ""votes_pct"": 0, ""party"": ""WI"" } ]"
"310155","8","6",6A,Itasca,Grand Rapids P-4,5.92478672435793,R,"9.32",-9.32,269.54556751122,"1597","[ { ""name"": ""Justin Eichorn"", ""votes"": 873, ""votes_pct"": 54.660000, ""party"": ""R"" }, { ""name"": ""Steve Samuelson"", ""votes"": 724, ""votes_pct"": 45.340000, ""party"": ""DFL"" }, { ""name"": ""WRITE-IN"", ""votes"": 0, ""votes_pct"": 0, ""party"": ""WI"" } ]"
"310175","8","3",3A,Itasca,Grattan Twp,36.1131801652007,R,"68.00",-68,0.692268027507875,"25","[ { ""name"": ""Andrea Zupancich"", ""votes"": 21, ""votes_pct"": 84, ""party"": ""R"" }, { ""name"": ""Grant Hauschild"", ""votes"": 4, ""votes_pct"": 16, ""party"": ""DFL"" }, { ""name"": ""WRITE-IN"", ""votes"": 0, ""votes_pct"": 0, ""party"": ""WI"" } ]"
"310184","8","7",7A,Itasca,Greenway Twp,27.1095646718368,R,"3.04",-3.04,15.7877857937215,"428","[ { ""name"": ""Robert Farnsworth"", ""votes"": 220, ""votes_pct"": 51.400000, ""party"": ""R"" }, { ""name"": ""Ben DeNucci"", ""votes"": 207, ""votes_pct"": 48.360000, ""party"": ""DFL"" }, { ""name"": ""WRITE-IN"", ""votes"": 1, ""votes_pct"": 0.230000, ""party"": ""WI"" } ]"
"310200","8","6",6A,Itasca,Harris Twp,35.895403150005,R,"28.04",-28.04,50.3685664831361,"1808","[ { ""name"": ""Justin Eichorn"", ""votes"": 1157, ""votes_pct"": 63.990000, ""party"": ""R"" }, { ""name"": ""Steve Samuelson"", ""votes"": 650, ""votes_pct"": 35.950000, ""party"": ""DFL"" }, { ""name"": ""WRITE-IN"", ""votes"": 1, ""votes_pct"": 0.060000, ""party"": ""WI"" } ]"
"310205","8","2",2B,Itasca,Inger Prec,40.5850131199656,DFL,"21.56",21.56,2.51324299682982,"102","[ { ""name"": ""Leonard Alan Roy"", ""votes"": 62, ""votes_pct"": 60.780000, ""party"": ""DFL"" }, { ""name"": ""Steve Green"", ""votes"": 40, ""votes_pct"": 39.220000, ""party"": ""R"" }, { ""name"": ""WRITE-IN"", ""votes"": 0, ""votes_pct"": 0, ""party"": ""WI"" } ]"
"310215","8","7",7A,Itasca,Keewatin,2.87757933076528,DFL,"11.95",11.95,148.388611022738,"427","[ { ""name"": ""Ben DeNucci"", ""votes"": 238, ""votes_pct"": 55.740000, ""party"": ""DFL"" }, { ""name"": ""Robert Farnsworth"", ""votes"": 187, ""votes_pct"": 43.790000, ""party"": ""R"" }, { ""name"": ""WRITE-IN"", ""votes"": 2, ""votes_pct"": 0.470000, ""party"": ""WI"" } ]"
"310220","8","3",3A,Itasca,Kinghurst Twp,35.4513979116554,R,"39.28",-39.28,1.57962741383433,"56","[ { ""name"": ""Andrea Zupancich"", ""votes"": 39, ""votes_pct"": 69.640000, ""party"": ""R"" }, { ""name"": ""Grant Hauschild"", ""votes"": 17, ""votes_pct"": 30.360000, ""party"": ""DFL"" }, { ""name"": ""WRITE-IN"", ""votes"": 0, ""votes_pct"": 0, ""party"": ""WI"" } ]"
"310225","8","2",2B,Itasca,Lake Jessie Twp,36.5893707565,R,"5.98",-5.98,3.66226576815878,"134","[ { ""name"": ""Steve Green"", ""votes"": 71, ""votes_pct"": 52.990000, ""party"": ""R"" }, { ""name"": ""Leonard Alan Roy"", ""votes"": 63, ""votes_pct"": 47.010000, ""party"": ""DFL"" }, { ""name"": ""WRITE-IN"", ""votes"": 0, ""votes_pct"": 0, ""party"": ""WI"" } ]"
"310227","8","6",6A,Itasca,La Prairie P-6,1.67199744722482,R,"34.28",-34.28,169.258631626336,"283","[ { ""name"": ""Justin Eichorn"", ""votes"": 190, ""votes_pct"": 67.140000, ""party"": ""R"" }, { ""name"": ""Steve Samuelson"", ""votes"": 93, ""votes_pct"": 32.860000, ""party"": ""DFL"" }, { ""name"": ""WRITE-IN"", ""votes"": 0, ""votes_pct"": 0, ""party"": ""WI"" } ]"
"310230","8","7",7A,Itasca,Lawrence Twp,35.8434024698435,R,"2.40",-2.4,8.11864889904996,"291","[ { ""name"": ""Robert Farnsworth"", ""votes"": 149, ""votes_pct"": 51.200000, ""party"": ""R"" }, { ""name"": ""Ben DeNucci"", ""votes"": 142, ""votes_pct"": 48.800000, ""party"": ""DFL"" }, { ""name"": ""WRITE-IN"", ""votes"": 0, ""votes_pct"": 0, ""party"": ""WI"" } ]"
"310235","8","3",3A,Itasca,Liberty Prec,72.4381529312727,R,"38.46",-38.46,0.358926876899637,"26","[ { ""name"": ""Andrea Zupancich"", ""votes"": 18, ""votes_pct"": 69.230000, ""party"": ""R"" }, { ""name"": ""Grant Hauschild"", ""votes"": 8, ""votes_pct"": 30.770000, ""party"": ""DFL"" }, { ""name"": ""WRITE-IN"", ""votes"": 0, ""votes_pct"": 0, ""party"": ""WI"" } ]"
"310240","8","7",7A,Itasca,Lone Pine Twp,36.5831253944828,DFL,"17.39",17.39,7.54446201695015,"276","[ { ""name"": ""Ben DeNucci"", ""votes"": 161, ""votes_pct"": 58.330000, ""party"": ""DFL"" }, { ""name"": ""Robert Farnsworth"", ""votes"": 113, ""votes_pct"": 40.940000, ""party"": ""R"" }, { ""name"": ""WRITE-IN"", ""votes"": 2, ""votes_pct"": 0.720000, ""party"": ""WI"" } ]"
"310244","8","7",7A,Itasca,Grave Lake Prec,56.0021083858665,DFL,"19.14",19.14,1.67850823316008,"94","[ { ""name"": ""Ben DeNucci"", ""votes"": 56, ""votes_pct"": 59.570000, ""party"": ""DFL"" }, { ""name"": ""Robert Farnsworth"", ""votes"": 38, ""votes_pct"": 40.430000, ""party"": ""R"" }, { ""name"": ""WRITE-IN"", ""votes"": 0, ""votes_pct"": 0, ""party"": ""WI"" } ]"
"310245","8","3",3A,Itasca,Long Lake Prec,48.5386933392504,R,"11.35",-11.35,2.90489896410091,"141","[ { ""name"": ""Andrea Zupancich"", ""votes"": 78, ""votes_pct"": 55.320000, ""party"": ""R"" }, { ""name"": ""Grant Hauschild"", ""votes"": 62, ""votes_pct"": 43.970000, ""party"": ""DFL"" }, { ""name"": ""WRITE-IN"", ""votes"": 1, ""votes_pct"": 0.710000, ""party"": ""WI"" } ]"
"310247","8","7",7A,Itasca,Marble,4.43770364325717,R,"4.26",-4.26,47.5471137692131,"211","[ { ""name"": ""Robert Farnsworth"", ""votes"": 110, ""votes_pct"": 52.130000, ""party"": ""R"" }, { ""name"": ""Ben DeNucci"", ""votes"": 101, ""votes_pct"": 47.870000, ""party"": ""DFL"" }, { ""name"": ""WRITE-IN"", ""votes"": 0, ""votes_pct"": 0, ""party"": ""WI"" } ]"
"310249","8","3",3A,Itasca,Marcell Twp,57.4622611110405,R,"19.28",-19.28,4.78574971960445,"275","[ { ""name"": ""Andrea Zupancich"", ""votes"": 164, ""votes_pct"": 59.640000, ""party"": ""R"" }, { ""name"": ""Grant Hauschild"", ""votes"": 111, ""votes_pct"": 40.360000, ""party"": ""DFL"" }, { ""name"": ""WRITE-IN"", ""votes"": 0, ""votes_pct"": 0, ""party"": ""WI"" } ]"
"310255","8","2",2B,Itasca,Max Twp,34.1882820128035,R,"13.04",-13.04,2.01823537006509,"69","[ { ""name"": ""Steve Green"", ""votes"": 39, ""votes_pct"": 56.520000, ""party"": ""R"" }, { ""name"": ""Leonard Alan Roy"", ""votes"": 30, ""votes_pct"": 43.480000, ""party"": ""DFL"" }, { ""name"": ""WRITE-IN"", ""votes"": 0, ""votes_pct"": 0, ""party"": ""WI"" } ]"
"310260","8","3",3A,Itasca,McLeod Prec,138.089654075459,R,"7.60",-7.6,2.38251013229578,"329","[ { ""name"": ""Andrea Zupancich"", ""votes"": 177, ""votes_pct"": 53.800000, ""party"": ""R"" }, { ""name"": ""Grant Hauschild"", ""votes"": 152, ""votes_pct"": 46.200000, ""party"": ""DFL"" }, { ""name"": ""WRITE-IN"", ""votes"": 0, ""votes_pct"": 0, ""party"": ""WI"" } ]"
"310265","8","3",3A,Itasca,Moose Park Twp,36.5045465154942,R,"88.24",-88.24,0.931390833346439,"34","[ { ""name"": ""Andrea Zupancich"", ""votes"": 32, ""votes_pct"": 94.120000, ""party"": ""R"" }, { ""name"": ""Grant Hauschild"", ""votes"": 2, ""votes_pct"": 5.880000, ""party"": ""DFL"" }, { ""name"": ""WRITE-IN"", ""votes"": 0, ""votes_pct"": 0, ""party"": ""WI"" } ]"
"310270","8","2",2B,Itasca,Morse Twp P-1,36.5603137709238,R,"48.28",-48.28,7.1935925289887,"263","[ { ""name"": ""Steve Green"", ""votes"": 195, ""votes_pct"": 74.140000, ""party"": ""R"" }, { ""name"": ""Leonard Alan Roy"", ""votes"": 68, ""votes_pct"": 25.860000, ""party"": ""DFL"" }, { ""name"": ""WRITE-IN"", ""votes"": 0, ""votes_pct"": 0, ""party"": ""WI"" } ]"
"310271","8","2",2B,Itasca,Morse Twp P-2,0.399865289099562,even,"0.00",0,0,"0","[ { ""name"": ""Steve Green"", ""votes"": 0, ""votes_pct"": 0, ""party"": ""R"" }, { ""name"": ""Leonard Alan Roy"", ""votes"": 0, ""votes_pct"": 0, ""party"": ""DFL"" }, { ""name"": ""WRITE-IN"", ""votes"": 0, ""votes_pct"": 0, ""party"": ""WI"" } ]"
"310280","8","7",7A,Itasca,Nashwauk,15.8346972203449,DFL,"24.57",24.57,25.703049091275,"407","[ { ""name"": ""Ben DeNucci"", ""votes"": 251, ""votes_pct"": 61.670000, ""party"": ""DFL"" }, { ""name"": ""Robert Farnsworth"", ""votes"": 151, ""votes_pct"": 37.100000, ""party"": ""R"" }, { ""name"": ""WRITE-IN"", ""votes"": 5, ""votes_pct"": 1.230000, ""party"": ""WI"" } ]"
"310285","8","7",7A,Itasca,Nashwauk Twp,55.434139338006,R,"6.48",-6.48,6.96321805677167,"386","[ { ""name"": ""Robert Farnsworth"", ""votes"": 205, ""votes_pct"": 53.110000, ""party"": ""R"" }, { ""name"": ""Ben DeNucci"", ""votes"": 180, ""votes_pct"": 46.630000, ""party"": ""DFL"" }, { ""name"": ""WRITE-IN"", ""votes"": 1, ""votes_pct"": 0.260000, ""party"": ""WI"" } ]"
"310290","8","3",3A,Itasca,Nore Twp,36.4823234866748,R,"25.00",-25,0.438568557889248,"16","[ { ""name"": ""Andrea Zupancich"", ""votes"": 10, ""votes_pct"": 62.500000, ""party"": ""R"" }, { ""name"": ""Grant Hauschild"", ""votes"": 6, ""votes_pct"": 37.500000, ""party"": ""DFL"" }, { ""name"": ""WRITE-IN"", ""votes"": 0, ""votes_pct"": 0, ""party"": ""WI"" } ]"
"310295","8","2",2B,Itasca,Oteneagen Twp,36.3972986959854,R,"51.56",-51.56,3.5167444998911,"128","[ { ""name"": ""Steve Green"", ""votes"": 97, ""votes_pct"": 75.780000, ""party"": ""R"" }, { ""name"": ""Leonard Alan Roy"", ""votes"": 31, ""votes_pct"": 24.220000, ""party"": ""DFL"" }, { ""name"": ""WRITE-IN"", ""votes"": 0, ""votes_pct"": 0, ""party"": ""WI"" } ]"
"310300","8","3",3A,Itasca,Pomroy Twp,36.9281265836125,R,"23.08",-23.08,0.352035188423801,"13","[ { ""name"": ""Andrea Zupancich"", ""votes"": 8, ""votes_pct"": 61.540000, ""party"": ""R"" }, { ""name"": ""Grant Hauschild"", ""votes"": 5, ""votes_pct"": 38.460000, ""party"": ""DFL"" }, { ""name"": ""WRITE-IN"", ""votes"": 0, ""votes_pct"": 0, ""party"": ""WI"" } ]"
"310305","8","7",7A,Itasca,Sago Twp,34.3968311941383,R,"46.66",-46.66,3.05260677669324,"105","[ { ""name"": ""Robert Farnsworth"", ""votes"": 77, ""votes_pct"": 73.330000, ""party"": ""R"" }, { ""name"": ""Ben DeNucci"", ""votes"": 28, ""votes_pct"": 26.670000, ""party"": ""DFL"" }, { ""name"": ""WRITE-IN"", ""votes"": 0, ""votes_pct"": 0, ""party"": ""WI"" } ]"
"310310","8","2",2B,Itasca,Sand Lake Twp,37.4467850565366,R,"14.28",-14.28,3.17784289947283,"119","[ { ""name"": ""Steve Green"", ""votes"": 68, ""votes_pct"": 57.140000, ""party"": ""R"" }, { ""name"": ""Leonard Alan Roy"", ""votes"": 51, ""votes_pct"": 42.860000, ""party"": ""DFL"" }, { ""name"": ""WRITE-IN"", ""votes"": 0, ""votes_pct"": 0, ""party"": ""WI"" } ]"
"310320","8","6",6A,Itasca,Spang Twp,52.73290761453,R,"51.22",-51.22,2.33250934879435,"123","[ { ""name"": ""Justin Eichorn"", ""votes"": 93, ""votes_pct"": 75.610000, ""party"": ""R"" }, { ""name"": ""Steve Samuelson"", ""votes"": 30, ""votes_pct"": 24.390000, ""party"": ""DFL"" }, { ""name"": ""WRITE-IN"", ""votes"": 0, ""votes_pct"": 0, ""party"": ""WI"" } ]"
"310327","8","7",7A,Itasca,Splithand Twp,33.5035604381821,R,"9.78",-9.78,3.96972734421466,"133","[ { ""name"": ""Robert Farnsworth"", ""votes"": 73, ""votes_pct"": 54.890000, ""party"": ""R"" }, { ""name"": ""Ben DeNucci"", ""votes"": 60, ""votes_pct"": 45.110000, ""party"": ""DFL"" }, { ""name"": ""WRITE-IN"", ""votes"": 0, ""votes_pct"": 0, ""party"": ""WI"" } ]"
"310330","8","2",2B,Itasca,Squaw Lake,0.839892986156367,DFL,"10.34",10.34,34.5282083289131,"29","[ { ""name"": ""Leonard Alan Roy"", ""votes"": 16, ""votes_pct"": 55.170000, ""party"": ""DFL"" }, { ""name"": ""Steve Green"", ""votes"": 13, ""votes_pct"": 44.830000, ""party"": ""R"" }, { ""name"": ""WRITE-IN"", ""votes"": 0, ""votes_pct"": 0, ""party"": ""WI"" } ]"
"310335","8","3",3A,Itasca,Stokes Twp,57.2900096296242,R,"11.30",-11.3,2.16442623769225,"124","[ { ""name"": ""Andrea Zupancich"", ""votes"": 69, ""votes_pct"": 55.650000, ""party"": ""R"" }, { ""name"": ""Grant Hauschild"", ""votes"": 55, ""votes_pct"": 44.350000, ""party"": ""DFL"" }, { ""name"": ""WRITE-IN"", ""votes"": 0, ""votes_pct"": 0, ""party"": ""WI"" } ]"
"310338","8","7",7A,Itasca,Taconite P-2,6.70565632383504,R,"13.46",-13.46,15.5092946875812,"104","[ { ""name"": ""Robert Farnsworth"", ""votes"": 59, ""votes_pct"": 56.730000, ""party"": ""R"" }, { ""name"": ""Ben DeNucci"", ""votes"": 45, ""votes_pct"": 43.270000, ""party"": ""DFL"" }, { ""name"": ""WRITE-IN"", ""votes"": 0, ""votes_pct"": 0, ""party"": ""WI"" } ]"
"310339","8","7",7A,Itasca,Taconite P-1,22.9001594362269,R,"12.74",-12.74,8.9082349215998,"204","[ { ""name"": ""Robert Farnsworth"", ""votes"": 115, ""votes_pct"": 56.370000, ""party"": ""R"" }, { ""name"": ""Ben DeNucci"", ""votes"": 89, ""votes_pct"": 43.630000, ""party"": ""DFL"" }, { ""name"": ""WRITE-IN"", ""votes"": 0, ""votes_pct"": 0, ""party"": ""WI"" } ]"
"310340","8","6",6A,Itasca,Sugar Lake Prec,58.5899676937575,R,"26.66",-26.66,11.5890147533286,"679","[ { ""name"": ""Justin Eichorn"", ""votes"": 429, ""votes_pct"": 63.180000, ""party"": ""R"" }, { ""name"": ""Steve Samuelson"", ""votes"": 248, ""votes_pct"": 36.520000, ""party"": ""DFL"" }, { ""name"": ""WRITE-IN"", ""votes"": 2, ""votes_pct"": 0.290000, ""party"": ""WI"" } ]"
"310345","8","2",2B,Itasca,Third River Twp,36.330146187192,R,"53.34",-53.34,0.825760508791356,"30","[ { ""name"": ""Steve Green"", ""votes"": 23, ""votes_pct"": 76.670000, ""party"": ""R"" }, { ""name"": ""Leonard Alan Roy"", ""votes"": 7, ""votes_pct"": 23.330000, ""party"": ""DFL"" }, { ""name"": ""WRITE-IN"", ""votes"": 0, ""votes_pct"": 0, ""party"": ""WI"" } ]"
"310350","8","7",7A,Itasca,Trout Lake Twp,34.328622500571,R,"14.48",-14.48,16.6916106228984,"573","[ { ""name"": ""Robert Farnsworth"", ""votes"": 328, ""votes_pct"": 57.240000, ""party"": ""R"" }, { ""name"": ""Ben DeNucci"", ""votes"": 245, ""votes_pct"": 42.760000, ""party"": ""DFL"" }, { ""name"": ""WRITE-IN"", ""votes"": 0, ""votes_pct"": 0, ""party"": ""WI"" } ]"
"310355","8","7",7A,Itasca,Wabana Twp,35.847585906664,R,"13.12",-13.12,9.56828727304165,"343","[ { ""name"": ""Robert Farnsworth"", ""votes"": 194, ""votes_pct"": 56.560000, ""party"": ""R"" }, { ""name"": ""Ben DeNucci"", ""votes"": 149, ""votes_pct"": 43.440000, ""party"": ""DFL"" }, { ""name"": ""WRITE-IN"", ""votes"": 0, ""votes_pct"": 0, ""party"": ""WI"" } ]"
"310360","8","7",7A,Itasca,Warba,3.34511413660067,DFL,"4.10",4.1,21.8228727089663,"73","[ { ""name"": ""Ben DeNucci"", ""votes"": 38, ""votes_pct"": 52.050000, ""party"": ""DFL"" }, { ""name"": ""Robert Farnsworth"", ""votes"": 35, ""votes_pct"": 47.950000, ""party"": ""R"" }, { ""name"": ""WRITE-IN"", ""votes"": 0, ""votes_pct"": 0, ""party"": ""WI"" } ]"
"310365","8","7",7A,Itasca,Wawina Twp,36.5346775982202,R,"21.22",-21.22,0.903251435879855,"33","[ { ""name"": ""Robert Farnsworth"", ""votes"": 20, ""votes_pct"": 60.610000, ""party"": ""R"" }, { ""name"": ""Ben DeNucci"", ""votes"": 13, ""votes_pct"": 39.390000, ""party"": ""DFL"" }, { ""name"": ""WRITE-IN"", ""votes"": 0, ""votes_pct"": 0, ""party"": ""WI"" } ]"
"310370","8","2",2B,Itasca,Wellers-McCormick P-1,16.5518393040515,R,"40.00",-40,3.62497477759547,"60","[ { ""name"": ""Steve Green"", ""votes"": 42, ""votes_pct"": 70, ""party"": ""R"" }, { ""name"": ""Leonard Alan Roy"", ""votes"": 18, ""votes_pct"": 30, ""party"": ""DFL"" }, { ""name"": ""WRITE-IN"", ""votes"": 0, ""votes_pct"": 0, ""party"": ""WI"" } ]"
"310371","8","6",6A,Itasca,Wellers-McCormick P-2,12.7071913454987,R,"34.49",-34.49,11.4108614608502,"145","[ { ""name"": ""Justin Eichorn"", ""votes"": 97, ""votes_pct"": 66.900000, ""party"": ""R"" }, { ""name"": ""Steve Samuelson"", ""votes"": 47, ""votes_pct"": 32.410000, ""party"": ""DFL"" }, { ""name"": ""WRITE-IN"", ""votes"": 1, ""votes_pct"": 0.690000, ""party"": ""WI"" } ]"
"310372","8","6",6A,Itasca,Wildwood Twp,33.097378592318,R,"25.30",-25.3,2.50775147549796,"83","[ { ""name"": ""Justin Eichorn"", ""votes"": 52, ""votes_pct"": 62.650000, ""party"": ""R"" }, { ""name"": ""Steve Samuelson"", ""votes"": 31, ""votes_pct"": 37.350000, ""party"": ""DFL"" }, { ""name"": ""WRITE-IN"", ""votes"": 0, ""votes_pct"": 0, ""party"": ""WI"" } ]"
"310375","8","2",2B,Itasca,Winnibigoshish Prec,205.905155846762,R,"19.54",-19.54,0.422524631023552,"87","[ { ""name"": ""Steve Green"", ""votes"": 52, ""votes_pct"": 59.770000, ""party"": ""R"" }, { ""name"": ""Leonard Alan Roy"", ""votes"": 35, ""votes_pct"": 40.230000, ""party"": ""DFL"" }, { ""name"": ""WRITE-IN"", ""votes"": 0, ""votes_pct"": 0, ""party"": ""WI"" } ]"
"310380","8","3",3A,Itasca,Wirt Twp,36.1009500985891,R,"20.00",-20,1.38500509996146,"50","[ { ""name"": ""Andrea Zupancich"", ""votes"": 30, ""votes_pct"": 60, ""party"": ""R"" }, { ""name"": ""Grant Hauschild"", ""votes"": 20, ""votes_pct"": 40, ""party"": ""DFL"" }, { ""name"": ""WRITE-IN"", ""votes"": 0, ""votes_pct"": 0, ""party"": ""WI"" } ]"
"310385","8","7",7A,Itasca,Zemple,0.652095270039213,R,"51.52",-51.52,50.6061023844194,"33","[ { ""name"": ""Robert Farnsworth"", ""votes"": 25, ""votes_pct"": 75.760000, ""party"": ""R"" }, { ""name"": ""Ben DeNucci"", ""votes"": 8, ""votes_pct"": 24.240000, ""party"": ""DFL"" }, { ""name"": ""WRITE-IN"", ""votes"": 0, ""votes_pct"": 0, ""party"": ""WI"" } ]"
"320005","1","21",21B,Jackson,Alba Twp,35.2669118287286,R,"93.94",-93.94,1.87144256691725,"66","[ { ""name"": ""Bill Weber"", ""votes"": 64, ""votes_pct"": 96.970000, ""party"": ""R"" }, { ""name"": ""WRITE-IN"", ""votes"": 2, ""votes_pct"": 3.030000, ""party"": ""WI"" } ]"
"320010","1","21",21B,Jackson,Alpha,0.21611907571121,R,"100.00",-100,171.201916712995,"37","[ { ""name"": ""Bill Weber"", ""votes"": 37, ""votes_pct"": 100, ""party"": ""R"" }, { ""name"": ""WRITE-IN"", ""votes"": 0, ""votes_pct"": 0, ""party"": ""WI"" } ]"
"320015","1","21",21B,Jackson,Belmont Twp,36.1770324010781,R,"97.94",-97.94,2.68125917362722,"97","[ { ""name"": ""Bill Weber"", ""votes"": 96, ""votes_pct"": 98.970000, ""party"": ""R"" }, { ""name"": ""WRITE-IN"", ""votes"": 1, ""votes_pct"": 1.030000, ""party"": ""WI"" } ]"
"320020","1","21",21B,Jackson,Christiania Twp,36.197200098478,R,"100.00",-100,3.72957023285556,"135","[ { ""name"": ""Bill Weber"", ""votes"": 135, ""votes_pct"": 100, ""party"": ""R"" }, { ""name"": ""WRITE-IN"", ""votes"": 0, ""votes_pct"": 0, ""party"": ""WI"" } ]"
"320025","1","21",21B,Jackson,Delafield Twp,35.0650380856991,R,"96.72",-96.72,3.4792490372271,"122","[ { ""name"": ""Bill Weber"", ""votes"": 120, ""votes_pct"": 98.360000, ""party"": ""R"" }, { ""name"": ""WRITE-IN"", ""votes"": 2, ""votes_pct"": 1.640000, ""party"": ""WI"" } ]"
"320030","1","21",21B,Jackson,Des Moines Twp,31.2817068950572,R,"93.10",-93.1,3.70823754564138,"116","[ { ""name"": ""Bill Weber"", ""votes"": 112, ""votes_pct"": 96.550000, ""party"": ""R"" }, { ""name"": ""WRITE-IN"", ""votes"": 4, ""votes_pct"": 3.450000, ""party"": ""WI"" } ]"
"320035","1","21",21B,Jackson,Enterprise Twp,35.9443483224111,R,"100.00",-100,2.30912518584319,"83","[ { ""name"": ""Bill Weber"", ""votes"": 83, ""votes_pct"": 100, ""party"": ""R"" }, { ""name"": ""WRITE-IN"", ""votes"": 0, ""votes_pct"": 0, ""party"": ""WI"" } ]"
"320040","1","21",21B,Jackson,Ewington Twp,35.7541611912857,R,"98.18",-98.18,3.0765649741158,"110","[ { ""name"": ""Bill Weber"", ""votes"": 109, ""votes_pct"": 99.090000, ""party"": ""R"" }, { ""name"": ""WRITE-IN"", ""votes"": 1, ""votes_pct"": 0.910000, ""party"": ""WI"" } ]"
"320045","1","21",21B,Jackson,Heron Lake,1.24023155346605,R,"93.18",-93.18,141.908984260348,"176","[ { ""name"": ""Bill Weber"", ""votes"": 170, ""votes_pct"": 96.590000, ""party"": ""R"" }, { ""name"": ""WRITE-IN"", ""votes"": 6, ""votes_pct"": 3.410000, ""party"": ""WI"" } ]"
"320050","1","21",21B,Jackson,Heron Lake Twp,43.6334244236748,R,"100.00",-100,3.20854945146222,"140","[ { ""name"": ""Bill Weber"", ""votes"": 140, ""votes_pct"": 100, ""party"": ""R"" }, { ""name"": ""WRITE-IN"", ""votes"": 0, ""votes_pct"": 0, ""party"": ""WI"" } ]"
"320055","1","21",21B,Jackson,Hunter Twp,35.7789031448449,R,"100.00",-100,3.07443745703113,"110","[ { ""name"": ""Bill Weber"", ""votes"": 110, ""votes_pct"": 100, ""party"": ""R"" }, { ""name"": ""WRITE-IN"", ""votes"": 0, ""votes_pct"": 0, ""party"": ""WI"" } ]"
"320060","1","21",21B,Jackson,Jackson W-1,3.15083618742707,R,"92.78",-92.78,184.39549549367,"581","[ { ""name"": ""Bill Weber"", ""votes"": 560, ""votes_pct"": 96.390000, ""party"": ""R"" }, { ""name"": ""WRITE-IN"", ""votes"": 21, ""votes_pct"": 3.610000, ""party"": ""WI"" } ]"
"320070","1","21",21B,Jackson,Jackson W-2,2.04336762802801,R,"90.28",-90.28,281.88760167248,"576","[ { ""name"": ""Bill Weber"", ""votes"": 548, ""votes_pct"": 95.140000, ""party"": ""R"" }, { ""name"": ""WRITE-IN"", ""votes"": 28, ""votes_pct"": 4.860000, ""party"": ""WI"" } ]"
"320080","1","21",21B,Jackson,Kimball Twp,35.9458370596868,R,"96.00",-96,1.39098165712421,"50","[ { ""name"": ""Bill Weber"", ""votes"": 49, ""votes_pct"": 98, ""party"": ""R"" }, { ""name"": ""WRITE-IN"", ""votes"": 1, ""votes_pct"": 2, ""party"": ""WI"" } ]"
"320085","1","21",21B,Jackson,La Crosse Twp,34.9402796639711,R,"100.00",-100,1.94617789708531,"68","[ { ""name"": ""Bill Weber"", ""votes"": 68, ""votes_pct"": 100, ""party"": ""R"" }, { ""name"": ""WRITE-IN"", ""votes"": 0, ""votes_pct"": 0, ""party"": ""WI"" } ]"
"320090","1","21",21B,Jackson,Lakefield P-1,0.476962208848125,R,"94.98",-94.98,668.81609083955,"319","[ { ""name"": ""Bill Weber"", ""votes"": 311, ""votes_pct"": 97.490000, ""party"": ""R"" }, { ""name"": ""WRITE-IN"", ""votes"": 8, ""votes_pct"": 2.510000, ""party"": ""WI"" } ]"
"320095","1","21",21B,Jackson,Lakefield P-2,0.862954259342175,R,"99.38",-99.38,377.77205045434,"326","[ { ""name"": ""Bill Weber"", ""votes"": 325, ""votes_pct"": 99.690000, ""party"": ""R"" }, { ""name"": ""WRITE-IN"", ""votes"": 1, ""votes_pct"": 0.310000, ""party"": ""WI"" } ]"
"320100","1","21",21B,Jackson,Middletown Twp,36.0948077541523,R,"100.00",-100,2.6319575005652,"95","[ { ""name"": ""Bill Weber"", ""votes"": 95, ""votes_pct"": 100, ""party"": ""R"" }, { ""name"": ""WRITE-IN"", ""votes"": 0, ""votes_pct"": 0, ""party"": ""WI"" } ]"
"320105","1","21",21B,Jackson,Minneota Twp,36.1950559734407,R,"98.30",-98.3,3.23248567665851,"117","[ { ""name"": ""Bill Weber"", ""votes"": 116, ""votes_pct"": 99.150000, ""party"": ""R"" }, { ""name"": ""WRITE-IN"", ""votes"": 1, ""votes_pct"": 0.850000, ""party"": ""WI"" } ]"
"320110","1","21",21B,Jackson,Okabena,0.337976246359709,R,"92.86",-92.86,165.692117724744,"56","[ { ""name"": ""Bill Weber"", ""votes"": 54, ""votes_pct"": 96.430000, ""party"": ""R"" }, { ""name"": ""WRITE-IN"", ""votes"": 2, ""votes_pct"": 3.570000, ""party"": ""WI"" } ]"
"320115","1","21",21B,Jackson,Petersburg Twp,36.1344735635598,R,"100.00",-100,3.09953318686086,"112","[ { ""name"": ""Bill Weber"", ""votes"": 112, ""votes_pct"": 100, ""party"": ""R"" }, { ""name"": ""WRITE-IN"", ""votes"": 0, ""votes_pct"": 0, ""party"": ""WI"" } ]"
"320120","1","21",21B,Jackson,Rost Twp,36.0944236111388,R,"95.70",-95.7,2.57657529046399,"93","[ { ""name"": ""Bill Weber"", ""votes"": 91, ""votes_pct"": 97.850000, ""party"": ""R"" }, { ""name"": ""WRITE-IN"", ""votes"": 2, ""votes_pct"": 2.150000, ""party"": ""WI"" } ]"
"320125","1","21",21B,Jackson,Round Lake Twp,36.0043569523252,R,"94.20",-94.2,1.91643472736829,"69","[ { ""name"": ""Bill Weber"", ""votes"": 67, ""votes_pct"": 97.100000, ""party"": ""R"" }, { ""name"": ""WRITE-IN"", ""votes"": 2, ""votes_pct"": 2.900000, ""party"": ""WI"" } ]"
"320130","1","21",21B,Jackson,Sioux Valley Twp,36.1726543386608,R,"97.22",-97.22,1.99045387507124,"72","[ { ""name"": ""Bill Weber"", ""votes"": 71, ""votes_pct"": 98.610000, ""party"": ""R"" }, { ""name"": ""WRITE-IN"", ""votes"": 1, ""votes_pct"": 1.390000, ""party"": ""WI"" } ]"
"320135","1","21",21B,Jackson,Weimer Twp,34.6927117232381,R,"96.82",-96.82,1.81594337457919,"63","[ { ""name"": ""Bill Weber"", ""votes"": 62, ""votes_pct"": 98.410000, ""party"": ""R"" }, { ""name"": ""WRITE-IN"", ""votes"": 1, ""votes_pct"": 1.590000, ""party"": ""WI"" } ]"
"320140","1","21",21B,Jackson,West Heron Lake Twp,27.2921689851782,R,"100.00",-100,3.04116539968206,"83","[ { ""name"": ""Bill Weber"", ""votes"": 83, ""votes_pct"": 100, ""party"": ""R"" }, { ""name"": ""WRITE-IN"", ""votes"": 0, ""votes_pct"": 0, ""party"": ""WI"" } ]"
"320145","1","21",21B,Jackson,Wilder,0.794870526885435,R,"88.88",-88.88,22.6451974141373,"18","[ { ""name"": ""Bill Weber"", ""votes"": 17, ""votes_pct"": 94.440000, ""party"": ""R"" }, { ""name"": ""WRITE-IN"", ""votes"": 1, ""votes_pct"": 5.560000, ""party"": ""WI"" } ]"
"320150","1","21",21B,Jackson,Wisconsin Twp,35.3813447202415,R,"96.36",-96.36,3.10898302113061,"110","[ { ""name"": ""Bill Weber"", ""votes"": 108, ""votes_pct"": 98.180000, ""party"": ""R"" }, { ""name"": ""WRITE-IN"", ""votes"": 2, ""votes_pct"": 1.820000, ""party"": ""WI"" } ]"
"330005","8","10",10A,Kanabec,Ann Lake Twp,32.5024653576566,R,"38.78",-38.78,6.0303117884511,"196","[ { ""name"": ""Nathan Wesenberg"", ""votes"": 136, ""votes_pct"": 69.390000, ""party"": ""R"" }, { ""name"": ""Suzanne M. Cekalla"", ""votes"": 60, ""votes_pct"": 30.610000, ""party"": ""DFL"" }, { ""name"": ""WRITE-IN"", ""votes"": 0, ""votes_pct"": 0, ""party"": ""WI"" } ]"
"330010","8","11",11B,Kanabec,Arthur Twp,30.2223528127907,R,"41.09",-41.09,29.1506093340007,"881","[ { ""name"": ""Jason Rarick"", ""votes"": 621, ""votes_pct"": 70.490000, ""party"": ""R"" }, { ""name"": ""Michelle Boyechko"", ""votes"": 259, ""votes_pct"": 29.400000, ""party"": ""DFL"" }, { ""name"": ""WRITE-IN"", ""votes"": 1, ""votes_pct"": 0.110000, ""party"": ""WI"" } ]"
"330015","8","11",11B,Kanabec,Braham,0.0936565624464327,even,"0.00",0,0,"0","[ { ""name"": ""Jason Rarick"", ""votes"": 0, ""votes_pct"": 0, ""party"": ""R"" }, { ""name"": ""Michelle Boyechko"", ""votes"": 0, ""votes_pct"": 0, ""party"": ""DFL"" }, { ""name"": ""WRITE-IN"", ""votes"": 0, ""votes_pct"": 0, ""party"": ""WI"" } ]"
"330020","8","11",11B,Kanabec,Brunswick Twp,35.3838354311099,R,"45.28",-45.28,17.6634328185489,"625","[ { ""name"": ""Jason Rarick"", ""votes"": 453, ""votes_pct"": 72.480000, ""party"": ""R"" }, { ""name"": ""Michelle Boyechko"", ""votes"": 170, ""votes_pct"": 27.200000, ""party"": ""DFL"" }, { ""name"": ""WRITE-IN"", ""votes"": 2, ""votes_pct"": 0.320000, ""party"": ""WI"" } ]"
"330025","8","11",11B,Kanabec,Comfort Twp,35.9984124624396,R,"52.63",-52.63,14.2506284279969,"513","[ { ""name"": ""Jason Rarick"", ""votes"": 391, ""votes_pct"": 76.220000, ""party"": ""R"" }, { ""name"": ""Michelle Boyechko"", ""votes"": 121, ""votes_pct"": 23.590000, ""party"": ""DFL"" }, { ""name"": ""WRITE-IN"", ""votes"": 1, ""votes_pct"": 0.190000, ""party"": ""WI"" } ]"
"330030","8","10",10A,Kanabec,Ford Twp,36.2373010186087,R,"53.40",-53.4,2.84237504186935,"103","[ { ""name"": ""Nathan Wesenberg"", ""votes"": 79, ""votes_pct"": 76.700000, ""party"": ""R"" }, { ""name"": ""Suzanne M. Cekalla"", ""votes"": 24, ""votes_pct"": 23.300000, ""party"": ""DFL"" }, { ""name"": ""WRITE-IN"", ""votes"": 0, ""votes_pct"": 0, ""party"": ""WI"" } ]"
"330035","8","11",11B,Kanabec,Grass Lake Twp,34.7031914295924,R,"53.44",-53.44,13.860396700859,"481","[ { ""name"": ""Jason Rarick"", ""votes"": 369, ""votes_pct"": 76.720000, ""party"": ""R"" }, { ""name"": ""Michelle Boyechko"", ""votes"": 112, ""votes_pct"": 23.280000, ""party"": ""DFL"" }, { ""name"": ""WRITE-IN"", ""votes"": 0, ""votes_pct"": 0, ""party"": ""WI"" } ]"
"330040","8","11",11B,Kanabec,Grasston,0.980144430468489,R,"48.00",-48,51.0128899840823,"50","[ { ""name"": ""Jason Rarick"", ""votes"": 37, ""votes_pct"": 74, ""party"": ""R"" }, { ""name"": ""Michelle Boyechko"", ""votes"": 13, ""votes_pct"": 26, ""party"": ""DFL"" }, { ""name"": ""WRITE-IN"", ""votes"": 0, ""votes_pct"": 0, ""party"": ""WI"" } ]"
"330045","8","10",10A,Kanabec,Hay Brook Twp,36.3100502682146,R,"67.34",-67.34,2.69897726045805,"98","[ { ""name"": ""Nathan Wesenberg"", ""votes"": 82, ""votes_pct"": 83.670000, ""party"": ""R"" }, { ""name"": ""Suzanne M. Cekalla"", ""votes"": 16, ""votes_pct"": 16.330000, ""party"": ""DFL"" }, { ""name"": ""WRITE-IN"", ""votes"": 0, ""votes_pct"": 0, ""party"": ""WI"" } ]"
"330050","8","10",10A,Kanabec,Hillman Twp,36.9949814128194,R,"42.20",-42.2,5.89269116173847,"218","[ { ""name"": ""Nathan Wesenberg"", ""votes"": 155, ""votes_pct"": 71.100000, ""party"": ""R"" }, { ""name"": ""Suzanne M. Cekalla"", ""votes"": 63, ""votes_pct"": 28.900000, ""party"": ""DFL"" }, { ""name"": ""WRITE-IN"", ""votes"": 0, ""votes_pct"": 0, ""party"": ""WI"" } ]"
"330055","8","10",10B,Kanabec,Kanabec Twp,36.1890861738892,R,"50.66",-50.66,10.5280359434689,"381","[ { ""name"": ""Nathan Wesenberg"", ""votes"": 287, ""votes_pct"": 75.330000, ""party"": ""R"" }, { ""name"": ""Suzanne M. Cekalla"", ""votes"": 94, ""votes_pct"": 24.670000, ""party"": ""DFL"" }, { ""name"": ""WRITE-IN"", ""votes"": 0, ""votes_pct"": 0, ""party"": ""WI"" } ]"
"330060","8","11",11B,Kanabec,Knife Lake Twp,31.7447939437457,R,"40.30",-40.3,18.995240639097,"603","[ { ""name"": ""Jason Rarick"", ""votes"": 423, ""votes_pct"": 70.150000, ""party"": ""R"" }, { ""name"": ""Michelle Boyechko"", ""votes"": 180, ""votes_pct"": 29.850000, ""party"": ""DFL"" }, { ""name"": ""WRITE-IN"", ""votes"": 0, ""votes_pct"": 0, ""party"": ""WI"" } ]"
"330065","8","11",11B,Kanabec,Kroschel Twp,36.0290557961205,R,"47.82",-47.82,3.19186827017495,"115","[ { ""name"": ""Jason Rarick"", ""votes"": 85, ""votes_pct"": 73.910000, ""party"": ""R"" }, { ""name"": ""Michelle Boyechko"", ""votes"": 30, ""votes_pct"": 26.090000, ""party"": ""DFL"" }, { ""name"": ""WRITE-IN"", ""votes"": 0, ""votes_pct"": 0, ""party"": ""WI"" } ]"
"330070","8","11",11B,Kanabec,Mora,5.41274032188747,R,"18.92",-18.92,230.382380428914,"1247","[ { ""name"": ""Jason Rarick"", ""votes"": 741, ""votes_pct"": 59.420000, ""party"": ""R"" }, { ""name"": ""Michelle Boyechko"", ""votes"": 505, ""votes_pct"": 40.500000, ""party"": ""DFL"" }, { ""name"": ""WRITE-IN"", ""votes"": 1, ""votes_pct"": 0.080000, ""party"": ""WI"" } ]"
"330080","8","10",10B,Kanabec,Ogilvie,1.03844097936879,R,"22.61",-22.61,110.742933190003,"115","[ { ""name"": ""Nathan Wesenberg"", ""votes"": 70, ""votes_pct"": 60.870000, ""party"": ""R"" }, { ""name"": ""Suzanne M. Cekalla"", ""votes"": 44, ""votes_pct"": 38.260000, ""party"": ""DFL"" }, { ""name"": ""WRITE-IN"", ""votes"": 1, ""votes_pct"": 0.870000, ""party"": ""WI"" } ]"
"330085","8","10",10A,Kanabec,Peace Twp,37.8872406047292,R,"32.94",-32.94,10.9799498026276,"416","[ { ""name"": ""Nathan Wesenberg"", ""votes"": 276, ""votes_pct"": 66.350000, ""party"": ""R"" }, { ""name"": ""Suzanne M. Cekalla"", ""votes"": 139, ""votes_pct"": 33.410000, ""party"": ""DFL"" }, { ""name"": ""WRITE-IN"", ""votes"": 1, ""votes_pct"": 0.240000, ""party"": ""WI"" } ]"
"330090","8","11",11B,Kanabec,Pomroy Twp,37.7134381627017,R,"51.09",-51.09,4.82586602724534,"182","[ { ""name"": ""Jason Rarick"", ""votes"": 137, ""votes_pct"": 75.270000, ""party"": ""R"" }, { ""name"": ""Michelle Boyechko"", ""votes"": 44, ""votes_pct"": 24.180000, ""party"": ""DFL"" }, { ""name"": ""WRITE-IN"", ""votes"": 1, ""votes_pct"": 0.550000, ""party"": ""WI"" } ]"
"330095","8","11",11B,Kanabec,Quamba,0.697415159711556,R,"20.00",-20,71.6933082164137,"50","[ { ""name"": ""Jason Rarick"", ""votes"": 30, ""votes_pct"": 60, ""party"": ""R"" }, { ""name"": ""Michelle Boyechko"", ""votes"": 20, ""votes_pct"": 40, ""party"": ""DFL"" }, { ""name"": ""WRITE-IN"", ""votes"": 0, ""votes_pct"": 0, ""party"": ""WI"" } ]"
"330100","8","10",10B,Kanabec,South Fork Twp,36.3930464616276,R,"41.36",-41.36,10.0293884543261,"365","[ { ""name"": ""Nathan Wesenberg"", ""votes"": 258, ""votes_pct"": 70.680000, ""party"": ""R"" }, { ""name"": ""Suzanne M. Cekalla"", ""votes"": 107, ""votes_pct"": 29.320000, ""party"": ""DFL"" }, { ""name"": ""WRITE-IN"", ""votes"": 0, ""votes_pct"": 0, ""party"": ""WI"" } ]"
"330105","8","11",11B,Kanabec,Whited Twp,30.6682157799003,R,"42.16",-42.16,14.5427436405448,"446","[ { ""name"": ""Jason Rarick"", ""votes"": 317, ""votes_pct"": 71.080000, ""party"": ""R"" }, { ""name"": ""Michelle Boyechko"", ""votes"": 129, ""votes_pct"": 28.920000, ""party"": ""DFL"" }, { ""name"": ""WRITE-IN"", ""votes"": 0, ""votes_pct"": 0, ""party"": ""WI"" } ]"
"340005","7","16",16B,Kandiyohi,Arctander Twp,36.1171816354463,R,"44.86",-44.86,5.92515778667444,"214","[ { ""name"": ""Andrew Robert Lang"", ""votes"": 155, ""votes_pct"": 72.430000, ""party"": ""R"" }, { ""name"": ""Fernando Alvarado"", ""votes"": 59, ""votes_pct"": 27.570000, ""party"": ""DFL"" }, { ""name"": ""WRITE-IN"", ""votes"": 0, ""votes_pct"": 0, ""party"": ""WI"" } ]"
"340010","7","16",16B,Kandiyohi,Atwater,1.07076836549311,R,"35.74",-35.74,412.787689890754,"442","[ { ""name"": ""Andrew Robert Lang"", ""votes"": 300, ""votes_pct"": 67.870000, ""party"": ""R"" }, { ""name"": ""Fernando Alvarado"", ""votes"": 142, ""votes_pct"": 32.130000, ""party"": ""DFL"" }, { ""name"": ""WRITE-IN"", ""votes"": 0, ""votes_pct"": 0, ""party"": ""WI"" } ]"
"340015","7","16",16B,Kandiyohi,Blomkest,0.969299776656783,R,"61.64",-61.64,75.3120982363007,"73","[ { ""name"": ""Andrew Robert Lang"", ""votes"": 59, ""votes_pct"": 80.820000, ""party"": ""R"" }, { ""name"": ""Fernando Alvarado"", ""votes"": 14, ""votes_pct"": 19.180000, ""party"": ""DFL"" }, { ""name"": ""WRITE-IN"", ""votes"": 0, ""votes_pct"": 0, ""party"": ""WI"" } ]"
"340020","7","16",16B,Kandiyohi,Burbank Twp,35.8010401482291,R,"64.70",-64.7,6.64785154326788,"238","[ { ""name"": ""Andrew Robert Lang"", ""votes"": 196, ""votes_pct"": 82.350000, ""party"": ""R"" }, { ""name"": ""Fernando Alvarado"", ""votes"": 42, ""votes_pct"": 17.650000, ""party"": ""DFL"" }, { ""name"": ""WRITE-IN"", ""votes"": 0, ""votes_pct"": 0, ""party"": ""WI"" } ]"
"340025","7","16",16B,Kandiyohi,Colfax Twp,35.8165018067442,R,"44.28",-44.28,9.52075112862613,"341","[ { ""name"": ""Andrew Robert Lang"", ""votes"": 246, ""votes_pct"": 72.140000, ""party"": ""R"" }, { ""name"": ""Fernando Alvarado"", ""votes"": 95, ""votes_pct"": 27.860000, ""party"": ""DFL"" }, { ""name"": ""WRITE-IN"", ""votes"": 0, ""votes_pct"": 0, ""party"": ""WI"" } ]"
"340030","7","16",16B,Kandiyohi,Dovre Twp,34.4361811053675,R,"38.68",-38.68,35.1374618543692,"1210","[ { ""name"": ""Andrew Robert Lang"", ""votes"": 839, ""votes_pct"": 69.340000, ""party"": ""R"" }, { ""name"": ""Fernando Alvarado"", ""votes"": 371, ""votes_pct"": 30.660000, ""party"": ""DFL"" }, { ""name"": ""WRITE-IN"", ""votes"": 0, ""votes_pct"": 0, ""party"": ""WI"" } ]"
"340035","7","16",16A,Kandiyohi,East Lake Lillian Twp,35.8506091761889,R,"31.70",-31.7,2.2872693626211,"82","[ { ""name"": ""Andrew Robert Lang"", ""votes"": 54, ""votes_pct"": 65.850000, ""party"": ""R"" }, { ""name"": ""Fernando Alvarado"", ""votes"": 28, ""votes_pct"": 34.150000, ""party"": ""DFL"" }, { ""name"": ""WRITE-IN"", ""votes"": 0, ""votes_pct"": 0, ""party"": ""WI"" } ]"
"340040","7","16",16B,Kandiyohi,Edwards Twp,35.4983872956699,R,"76.92",-76.92,3.66213819566551,"130","[ { ""name"": ""Andrew Robert Lang"", ""votes"": 115, ""votes_pct"": 88.460000, ""party"": ""R"" }, { ""name"": ""Fernando Alvarado"", ""votes"": 15, ""votes_pct"": 11.540000, ""party"": ""DFL"" }, { ""name"": ""WRITE-IN"", ""votes"": 0, ""votes_pct"": 0, ""party"": ""WI"" } ]"
"340045","7","16",16A,Kandiyohi,Fahlun Twp,35.9941768707292,R,"52.60",-52.6,5.86205932025597,"211","[ { ""name"": ""Andrew Robert Lang"", ""votes"": 161, ""votes_pct"": 76.300000, ""party"": ""R"" }, { ""name"": ""Fernando Alvarado"", ""votes"": 50, ""votes_pct"": 23.700000, ""party"": ""DFL"" }, { ""name"": ""WRITE-IN"", ""votes"": 0, ""votes_pct"": 0, ""party"": ""WI"" } ]"
"340050","7","16",16B,Kandiyohi,Gennessee Twp,34.892933632823,R,"51.88",-51.88,6.07572874871652,"212","[ { ""name"": ""Andrew Robert Lang"", ""votes"": 161, ""votes_pct"": 75.940000, ""party"": ""R"" }, { ""name"": ""Fernando Alvarado"", ""votes"": 51, ""votes_pct"": 24.060000, ""party"": ""DFL"" }, { ""name"": ""WRITE-IN"", ""votes"": 0, ""votes_pct"": 0, ""party"": ""WI"" } ]"
"340055","7","16",16B,Kandiyohi,Green Lake Twp,34.1560484875467,R,"41.78",-41.78,27.6085800833729,"943","[ { ""name"": ""Andrew Robert Lang"", ""votes"": 668, ""votes_pct"": 70.840000, ""party"": ""R"" }, { ""name"": ""Fernando Alvarado"", ""votes"": 274, ""votes_pct"": 29.060000, ""party"": ""DFL"" }, { ""name"": ""WRITE-IN"", ""votes"": 1, ""votes_pct"": 0.110000, ""party"": ""WI"" } ]"
"340060","7","16",16B,Kandiyohi,Harrison Twp,35.1854570288321,R,"46.08",-46.08,9.80518740220699,"345","[ { ""name"": ""Andrew Robert Lang"", ""votes"": 252, ""votes_pct"": 73.040000, ""party"": ""R"" }, { ""name"": ""Fernando Alvarado"", ""votes"": 93, ""votes_pct"": 26.960000, ""party"": ""DFL"" }, { ""name"": ""WRITE-IN"", ""votes"": 0, ""votes_pct"": 0, ""party"": ""WI"" } ]"
"340065","7","16",16B,Kandiyohi,Holland Twp,35.381876799748,R,"76.42",-76.42,5.51129611082102,"195","[ { ""name"": ""Andrew Robert Lang"", ""votes"": 172, ""votes_pct"": 88.210000, ""party"": ""R"" }, { ""name"": ""Fernando Alvarado"", ""votes"": 23, ""votes_pct"": 11.790000, ""party"": ""DFL"" }, { ""name"": ""WRITE-IN"", ""votes"": 0, ""votes_pct"": 0, ""party"": ""WI"" } ]"
"340070","7","16",16B,Kandiyohi,Irving Twp,36.1181270745009,R,"42.08",-42.08,15.2001237181423,"549","[ { ""name"": ""Andrew Robert Lang"", ""votes"": 390, ""votes_pct"": 71.040000, ""party"": ""R"" }, { ""name"": ""Fernando Alvarado"", ""votes"": 159, ""votes_pct"": 28.960000, ""party"": ""DFL"" }, { ""name"": ""WRITE-IN"", ""votes"": 0, ""votes_pct"": 0, ""party"": ""WI"" } ]"
"340075","7","16",16B,Kandiyohi,Kandiyohi,0.388709060348466,R,"55.18",-55.18,596.847420515537,"232","[ { ""name"": ""Andrew Robert Lang"", ""votes"": 180, ""votes_pct"": 77.590000, ""party"": ""R"" }, { ""name"": ""Fernando Alvarado"", ""votes"": 52, ""votes_pct"": 22.410000, ""party"": ""DFL"" }, { ""name"": ""WRITE-IN"", ""votes"": 0, ""votes_pct"": 0, ""party"": ""WI"" } ]"
"340080","7","16",16B,Kandiyohi,Kandiyohi Twp,35.427797455642,R,"46.96",-46.96,8.83487042602344,"313","[ { ""name"": ""Andrew Robert Lang"", ""votes"": 230, ""votes_pct"": 73.480000, ""party"": ""R"" }, { ""name"": ""Fernando Alvarado"", ""votes"": 83, ""votes_pct"": 26.520000, ""party"": ""DFL"" }, { ""name"": ""WRITE-IN"", ""votes"": 0, ""votes_pct"": 0, ""party"": ""WI"" } ]"
"340085","7","16",16B,Kandiyohi,Lake Andrew Twp,35.9709112924504,R,"31.48",-31.48,18.9875645475612,"683","[ { ""name"": ""Andrew Robert Lang"", ""votes"": 449, ""votes_pct"": 65.740000, ""party"": ""R"" }, { ""name"": ""Fernando Alvarado"", ""votes"": 234, ""votes_pct"": 34.260000, ""party"": ""DFL"" }, { ""name"": ""WRITE-IN"", ""votes"": 0, ""votes_pct"": 0, ""party"": ""WI"" } ]"
"340090","7","16",16A,Kandiyohi,Lake Elizabeth Twp,35.9967476107454,R,"50.56",-50.56,2.47244559320778,"89","[ { ""name"": ""Andrew Robert Lang"", ""votes"": 67, ""votes_pct"": 75.280000, ""party"": ""R"" }, { ""name"": ""Fernando Alvarado"", ""votes"": 22, ""votes_pct"": 24.720000, ""party"": ""DFL"" }, { ""name"": ""WRITE-IN"", ""votes"": 0, ""votes_pct"": 0, ""party"": ""WI"" } ]"
"340095","7","16",16A,Kandiyohi,Lake Lillian,0.452309897705094,R,"43.18",-43.18,194.556874493549,"88","[ { ""name"": ""Andrew Robert Lang"", ""votes"": 63, ""votes_pct"": 71.590000, ""party"": ""R"" }, { ""name"": ""Fernando Alvarado"", ""votes"": 25, ""votes_pct"": 28.410000, ""party"": ""DFL"" }, { ""name"": ""WRITE-IN"", ""votes"": 0, ""votes_pct"": 0, ""party"": ""WI"" } ]"
"340100","7","16",16A,Kandiyohi,Lake Lillian Twp,36.2386432005484,R,"44.90",-44.9,2.70429550735821,"98","[ { ""name"": ""Andrew Robert Lang"", ""votes"": 71, ""votes_pct"": 72.450000, ""party"": ""R"" }, { ""name"": ""Fernando Alvarado"", ""votes"": 27, ""votes_pct"": 27.550000, ""party"": ""DFL"" }, { ""name"": ""WRITE-IN"", ""votes"": 0, ""votes_pct"": 0, ""party"": ""WI"" } ]"
"340105","7","16",16B,Kandiyohi,Mamre Twp,35.5351625622536,R,"76.33",-76.33,5.82521606978325,"207","[ { ""name"": ""Andrew Robert Lang"", ""votes"": 182, ""votes_pct"": 87.920000, ""party"": ""R"" }, { ""name"": ""Fernando Alvarado"", ""votes"": 24, ""votes_pct"": 11.590000, ""party"": ""DFL"" }, { ""name"": ""WRITE-IN"", ""votes"": 1, ""votes_pct"": 0.480000, ""party"": ""WI"" } ]"
"340110","7","16",16B,Kandiyohi,New London,1.33732029711852,R,"18.22",-18.22,455.388287542029,"609","[ { ""name"": ""Andrew Robert Lang"", ""votes"": 360, ""votes_pct"": 59.110000, ""party"": ""R"" }, { ""name"": ""Fernando Alvarado"", ""votes"": 249, ""votes_pct"": 40.890000, ""party"": ""DFL"" }, { ""name"": ""WRITE-IN"", ""votes"": 0, ""votes_pct"": 0, ""party"": ""WI"" } ]"
"340115","7","16",16B,Kandiyohi,New London Twp,34.4969188896875,R,"38.76",-38.76,48.3811323943753,"1669","[ { ""name"": ""Andrew Robert Lang"", ""votes"": 1158, ""votes_pct"": 69.380000, ""party"": ""R"" }, { ""name"": ""Fernando Alvarado"", ""votes"": 511, ""votes_pct"": 30.620000, ""party"": ""DFL"" }, { ""name"": ""WRITE-IN"", ""votes"": 0, ""votes_pct"": 0, ""party"": ""WI"" } ]"
"340120","7","16",16B,Kandiyohi,Norway Lake Twp,35.4625732557697,R,"39.14",-39.14,4.5399976713141,"161","[ { ""name"": ""Andrew Robert Lang"", ""votes"": 112, ""votes_pct"": 69.570000, ""party"": ""R"" }, { ""name"": ""Fernando Alvarado"", ""votes"": 49, ""votes_pct"": 30.430000, ""party"": ""DFL"" }, { ""name"": ""WRITE-IN"", ""votes"": 0, ""votes_pct"": 0, ""party"": ""WI"" } ]"
"340125","7","16",16B,Kandiyohi,Pennock,1.02119900017836,R,"45.80",-45.8,151.782365604479,"155","[ { ""name"": ""Andrew Robert Lang"", ""votes"": 113, ""votes_pct"": 72.900000, ""party"": ""R"" }, { ""name"": ""Fernando Alvarado"", ""votes"": 42, ""votes_pct"": 27.100000, ""party"": ""DFL"" }, { ""name"": ""WRITE-IN"", ""votes"": 0, ""votes_pct"": 0, ""party"": ""WI"" } ]"
"340130","7","16",16B,Kandiyohi,Prinsburg,1.01134119541069,R,"94.86",-94.86,307.512441311864,"311","[ { ""name"": ""Andrew Robert Lang"", ""votes"": 303, ""votes_pct"": 97.430000, ""party"": ""R"" }, { ""name"": ""Fernando Alvarado"", ""votes"": 8, ""votes_pct"": 2.570000, ""party"": ""DFL"" }, { ""name"": ""WRITE-IN"", ""votes"": 0, ""votes_pct"": 0, ""party"": ""WI"" } ]"
"340135","7","16",16B,Kandiyohi,Raymond,0.861947973410238,R,"50.62",-50.62,375.892756865726,"324","[ { ""name"": ""Andrew Robert Lang"", ""votes"": 244, ""votes_pct"": 75.310000, ""party"": ""R"" }, { ""name"": ""Fernando Alvarado"", ""votes"": 80, ""votes_pct"": 24.690000, ""party"": ""DFL"" }, { ""name"": ""WRITE-IN"", ""votes"": 0, ""votes_pct"": 0, ""party"": ""WI"" } ]"
"340140","7","16",16B,Kandiyohi,Regal,0.5132553056631,R,"54.54",-54.54,42.8636582169903,"22","[ { ""name"": ""Andrew Robert Lang"", ""votes"": 17, ""votes_pct"": 77.270000, ""party"": ""R"" }, { ""name"": ""Fernando Alvarado"", ""votes"": 5, ""votes_pct"": 22.730000, ""party"": ""DFL"" }, { ""name"": ""WRITE-IN"", ""votes"": 0, ""votes_pct"": 0, ""party"": ""WI"" } ]"
"340145","7","16",16B,Kandiyohi,Roseland Twp,35.2951172417973,R,"70.38",-70.38,5.35484834078358,"189","[ { ""name"": ""Andrew Robert Lang"", ""votes"": 161, ""votes_pct"": 85.190000, ""party"": ""R"" }, { ""name"": ""Fernando Alvarado"", ""votes"": 28, ""votes_pct"": 14.810000, ""party"": ""DFL"" }, { ""name"": ""WRITE-IN"", ""votes"": 0, ""votes_pct"": 0, ""party"": ""WI"" } ]"
"340150","7","16",16B,Kandiyohi,Roseville Twp,35.3645463895881,R,"56.64",-56.64,8.08719548808359,"286","[ { ""name"": ""Andrew Robert Lang"", ""votes"": 224, ""votes_pct"": 78.320000, ""party"": ""R"" }, { ""name"": ""Fernando Alvarado"", ""votes"": 62, ""votes_pct"": 21.680000, ""party"": ""DFL"" }, { ""name"": ""WRITE-IN"", ""votes"": 0, ""votes_pct"": 0, ""party"": ""WI"" } ]"
"340155","7","16",16B,Kandiyohi,Saint Johns Twp,33.7888059495386,R,"72.26",-72.26,5.12003887495652,"173","[ { ""name"": ""Andrew Robert Lang"", ""votes"": 149, ""votes_pct"": 86.130000, ""party"": ""R"" }, { ""name"": ""Fernando Alvarado"", ""votes"": 24, ""votes_pct"": 13.870000, ""party"": ""DFL"" }, { ""name"": ""WRITE-IN"", ""votes"": 0, ""votes_pct"": 0, ""party"": ""WI"" } ]"
"340160","7","16",16B,Kandiyohi,Spicer,1.22345463655958,R,"36.70",-36.7,451.998777457793,"553","[ { ""name"": ""Andrew Robert Lang"", ""votes"": 378, ""votes_pct"": 68.350000, ""party"": ""R"" }, { ""name"": ""Fernando Alvarado"", ""votes"": 175, ""votes_pct"": 31.650000, ""party"": ""DFL"" }, { ""name"": ""WRITE-IN"", ""votes"": 0, ""votes_pct"": 0, ""party"": ""WI"" } ]"
"340165","7","16",16B,Kandiyohi,Sunburg,0.501457625178939,R,"56.86",-56.86,101.703508809546,"51","[ { ""name"": ""Andrew Robert Lang"", ""votes"": 40, ""votes_pct"": 78.430000, ""party"": ""R"" }, { ""name"": ""Fernando Alvarado"", ""votes"": 11, ""votes_pct"": 21.570000, ""party"": ""DFL"" }, { ""name"": ""WRITE-IN"", ""votes"": 0, ""votes_pct"": 0, ""party"": ""WI"" } ]"
"340170","7","16",16B,Kandiyohi,Whitefield Twp,36.2848269428974,R,"64.08",-64.08,6.75213362283812,"245","[ { ""name"": ""Andrew Robert Lang"", ""votes"": 201, ""votes_pct"": 82.040000, ""party"": ""R"" }, { ""name"": ""Fernando Alvarado"", ""votes"": 44, ""votes_pct"": 17.960000, ""party"": ""DFL"" }, { ""name"": ""WRITE-IN"", ""votes"": 0, ""votes_pct"": 0, ""party"": ""WI"" } ]"
"340175","7","16",16B,Kandiyohi,Willmar W-1 P-1,3.32531379619253,R,"28.64",-28.64,187.952186862973,"625","[ { ""name"": ""Andrew Robert Lang"", ""votes"": 402, ""votes_pct"": 64.320000, ""party"": ""R"" }, { ""name"": ""Fernando Alvarado"", ""votes"": 223, ""votes_pct"": 35.680000, ""party"": ""DFL"" }, { ""name"": ""WRITE-IN"", ""votes"": 0, ""votes_pct"": 0, ""party"": ""WI"" } ]"
"340180","7","16",16B,Kandiyohi,Willmar W-1 P-2,1.34444230733627,R,"14.04",-14.04,264.793809341911,"356","[ { ""name"": ""Andrew Robert Lang"", ""votes"": 203, ""votes_pct"": 57.020000, ""party"": ""R"" }, { ""name"": ""Fernando Alvarado"", ""votes"": 153, ""votes_pct"": 42.980000, ""party"": ""DFL"" }, { ""name"": ""WRITE-IN"", ""votes"": 0, ""votes_pct"": 0, ""party"": ""WI"" } ]"
"340185","7","16",16B,Kandiyohi,Willmar W-1 P-3,1.34715153092048,R,"10.30",-10.3,345.915058034779,"466","[ { ""name"": ""Andrew Robert Lang"", ""votes"": 257, ""votes_pct"": 55.150000, ""party"": ""R"" }, { ""name"": ""Fernando Alvarado"", ""votes"": 209, ""votes_pct"": 44.850000, ""party"": ""DFL"" }, { ""name"": ""WRITE-IN"", ""votes"": 0, ""votes_pct"": 0, ""party"": ""WI"" } ]"
"340190","7","16",16B,Kandiyohi,Willmar W-2 P-1,2.27422897421663,R,"12.59",-12.59,247.996136886029,"564","[ { ""name"": ""Andrew Robert Lang"", ""votes"": 317, ""votes_pct"": 56.210000, ""party"": ""R"" }, { ""name"": ""Fernando Alvarado"", ""votes"": 246, ""votes_pct"": 43.620000, ""party"": ""DFL"" }, { ""name"": ""WRITE-IN"", ""votes"": 1, ""votes_pct"": 0.180000, ""party"": ""WI"" } ]"
"340195","7","16",16B,Kandiyohi,Willmar W-2 P-2,1.0830903973062,R,"26.28",-26.28,698.92596396641,"757","[ { ""name"": ""Andrew Robert Lang"", ""votes"": 478, ""votes_pct"": 63.140000, ""party"": ""R"" }, { ""name"": ""Fernando Alvarado"", ""votes"": 279, ""votes_pct"": 36.860000, ""party"": ""DFL"" }, { ""name"": ""WRITE-IN"", ""votes"": 0, ""votes_pct"": 0, ""party"": ""WI"" } ]"
"340200","7","16",16B,Kandiyohi,Willmar W-2 P-3,0.999797015908548,R,"28.62",-28.62,793.16099906477,"793","[ { ""name"": ""Andrew Robert Lang"", ""votes"": 510, ""votes_pct"": 64.310000, ""party"": ""R"" }, { ""name"": ""Fernando Alvarado"", ""votes"": 283, ""votes_pct"": 35.690000, ""party"": ""DFL"" }, { ""name"": ""WRITE-IN"", ""votes"": 0, ""votes_pct"": 0, ""party"": ""WI"" } ]"
"340202","7","16",16B,Kandiyohi,Willmar W-2 P-4,1.38904306882041,even,"0.00",0,0,"0","[ { ""name"": ""Andrew Robert Lang"", ""votes"": 0, ""votes_pct"": 0, ""party"": ""R"" }, { ""name"": ""Fernando Alvarado"", ""votes"": 0, ""votes_pct"": 0, ""party"": ""DFL"" }, { ""name"": ""WRITE-IN"", ""votes"": 0, ""votes_pct"": 0, ""party"": ""WI"" } ]"
"340205","7","16",16B,Kandiyohi,Willmar W-3 P-1,0.812368749827349,R,"12.95",-12.95,931.842836348498,"757","[ { ""name"": ""Andrew Robert Lang"", ""votes"": 427, ""votes_pct"": 56.410000, ""party"": ""R"" }, { ""name"": ""Fernando Alvarado"", ""votes"": 329, ""votes_pct"": 43.460000, ""party"": ""DFL"" }, { ""name"": ""WRITE-IN"", ""votes"": 1, ""votes_pct"": 0.130000, ""party"": ""WI"" } ]"
"340210","7","16",16B,Kandiyohi,Willmar W-3 P-2,0.451307155553397,R,"8.58",-8.58,620.420032243144,"280","[ { ""name"": ""Andrew Robert Lang"", ""votes"": 152, ""votes_pct"": 54.290000, ""party"": ""R"" }, { ""name"": ""Fernando Alvarado"", ""votes"": 128, ""votes_pct"": 45.710000, ""party"": ""DFL"" }, { ""name"": ""WRITE-IN"", ""votes"": 0, ""votes_pct"": 0, ""party"": ""WI"" } ]"
"340215","7","16",16B,Kandiyohi,Willmar W-3 P-3,0.420721116042942,R,"2.86",-2.86,915.095499890963,"385","[ { ""name"": ""Andrew Robert Lang"", ""votes"": 197, ""votes_pct"": 51.170000, ""party"": ""R"" }, { ""name"": ""Fernando Alvarado"", ""votes"": 186, ""votes_pct"": 48.310000, ""party"": ""DFL"" }, { ""name"": ""WRITE-IN"", ""votes"": 2, ""votes_pct"": 0.520000, ""party"": ""WI"" } ]"
"340220","7","16",16B,Kandiyohi,Willmar W-4 P-1,0.745697234479626,R,"5.18",-5.18,568.595376776316,"424","[ { ""name"": ""Andrew Robert Lang"", ""votes"": 223, ""votes_pct"": 52.590000, ""party"": ""R"" }, { ""name"": ""Fernando Alvarado"", ""votes"": 201, ""votes_pct"": 47.410000, ""party"": ""DFL"" }, { ""name"": ""WRITE-IN"", ""votes"": 0, ""votes_pct"": 0, ""party"": ""WI"" } ]"
"340225","7","16",16B,Kandiyohi,Willmar W-4 P-2,0.234231855683354,R,"9.82",-9.82,1477.16884618691,"346","[ { ""name"": ""Andrew Robert Lang"", ""votes"": 190, ""votes_pct"": 54.910000, ""party"": ""R"" }, { ""name"": ""Fernando Alvarado"", ""votes"": 156, ""votes_pct"": 45.090000, ""party"": ""DFL"" }, { ""name"": ""WRITE-IN"", ""votes"": 0, ""votes_pct"": 0, ""party"": ""WI"" } ]"
"340230","7","16",16B,Kandiyohi,Willmar W-4 P-3,1.11239945692762,R,"12.90",-12.9,480.94234195119,"535","[ { ""name"": ""Andrew Robert Lang"", ""votes"": 302, ""votes_pct"": 56.450000, ""party"": ""R"" }, { ""name"": ""Fernando Alvarado"", ""votes"": 233, ""votes_pct"": 43.550000, ""party"": ""DFL"" }, { ""name"": ""WRITE-IN"", ""votes"": 0, ""votes_pct"": 0, ""party"": ""WI"" } ]"
"340235","7","16",16B,Kandiyohi,Willmar Twp,22.2126531825756,R,"56.46",-56.46,11.1648076419138,"248","[ { ""name"": ""Andrew Robert Lang"", ""votes"": 194, ""votes_pct"": 78.230000, ""party"": ""R"" }, { ""name"": ""Fernando Alvarado"", ""votes"": 54, ""votes_pct"": 21.770000, ""party"": ""DFL"" }, { ""name"": ""WRITE-IN"", ""votes"": 0, ""votes_pct"": 0, ""party"": ""WI"" } ]"
"350005","7","1",1A,Kittson,Arveson Twp,34.7104990268022,R,"100.00",-100,1.1811988058236,"41","[ { ""name"": ""Mark Johnson"", ""votes"": 41, ""votes_pct"": 100, ""party"": ""R"" }, { ""name"": ""WRITE-IN"", ""votes"": 0, ""votes_pct"": 0, ""party"": ""WI"" } ]"
"350010","7","1",1A,Kittson,Cannon Twp,35.7421657881074,R,"100.00",-100,0.251803431648639,"9","[ { ""name"": ""Mark Johnson"", ""votes"": 9, ""votes_pct"": 100, ""party"": ""R"" }, { ""name"": ""WRITE-IN"", ""votes"": 0, ""votes_pct"": 0, ""party"": ""WI"" } ]"
"350015","7","1",1A,Kittson,Caribou Twp,44.3862200006082,R,"100.00",-100,0.202765633114887,"9","[ { ""name"": ""Mark Johnson"", ""votes"": 9, ""votes_pct"": 100, ""party"": ""R"" }, { ""name"": ""WRITE-IN"", ""votes"": 0, ""votes_pct"": 0, ""party"": ""WI"" } ]"
"350020","7","1",1A,Kittson,Clow Twp,45.5058061068897,R,"100.00",-100,0.32962826688019,"15","[ { ""name"": ""Mark Johnson"", ""votes"": 15, ""votes_pct"": 100, ""party"": ""R"" }, { ""name"": ""WRITE-IN"", ""votes"": 0, ""votes_pct"": 0, ""party"": ""WI"" } ]"
"350025","7","1",1A,Kittson,Davis Twp,35.9376035870709,R,"88.24",-88.24,0.473042114753473,"17","[ { ""name"": ""Mark Johnson"", ""votes"": 16, ""votes_pct"": 94.120000, ""party"": ""R"" }, { ""name"": ""WRITE-IN"", ""votes"": 1, ""votes_pct"": 5.880000, ""party"": ""WI"" } ]"
"350030","7","1",1A,Kittson,Deerwood Twp,35.6766454815814,R,"97.10",-97.1,1.93403833428292,"69","[ { ""name"": ""Mark Johnson"", ""votes"": 68, ""votes_pct"": 98.550000, ""party"": ""R"" }, { ""name"": ""WRITE-IN"", ""votes"": 1, ""votes_pct"": 1.450000, ""party"": ""WI"" } ]"
"350035","7","1",1A,Kittson,Donaldson,0.236658921644317,R,"100.00",-100,33.8039231498887,"8","[ { ""name"": ""Mark Johnson"", ""votes"": 8, ""votes_pct"": 100, ""party"": ""R"" }, { ""name"": ""WRITE-IN"", ""votes"": 0, ""votes_pct"": 0, ""party"": ""WI"" } ]"
"350040","7","1",1A,Kittson,Granville Twp,34.5572505897805,R,"88.24",-88.24,0.983874568136353,"34","[ { ""name"": ""Mark Johnson"", ""votes"": 32, ""votes_pct"": 94.120000, ""party"": ""R"" }, { ""name"": ""WRITE-IN"", ""votes"": 2, ""votes_pct"": 5.880000, ""party"": ""WI"" } ]"
"350045","7","1",1A,Kittson,Hallock,2.20823064196792,R,"88.86",-88.86,138.119630351742,"305","[ { ""name"": ""Mark Johnson"", ""votes"": 288, ""votes_pct"": 94.430000, ""party"": ""R"" }, { ""name"": ""WRITE-IN"", ""votes"": 17, ""votes_pct"": 5.570000, ""party"": ""WI"" } ]"
"350050","7","1",1A,Kittson,Hallock Twp,33.822431279504,R,"95.92",-95.92,1.44874268780593,"49","[ { ""name"": ""Mark Johnson"", ""votes"": 48, ""votes_pct"": 97.960000, ""party"": ""R"" }, { ""name"": ""WRITE-IN"", ""votes"": 1, ""votes_pct"": 2.040000, ""party"": ""WI"" } ]"
"350055","7","1",1A,Kittson,Halma,0.944851111730955,R,"100.00",-100,19.0506205438275,"18","[ { ""name"": ""Mark Johnson"", ""votes"": 18, ""votes_pct"": 100, ""party"": ""R"" }, { ""name"": ""WRITE-IN"", ""votes"": 0, ""votes_pct"": 0, ""party"": ""WI"" } ]"
"350060","7","1",1A,Kittson,Hampden Twp,35.9595571054262,R,"87.50",-87.5,0.444944300984887,"16","[ { ""name"": ""Mark Johnson"", ""votes"": 15, ""votes_pct"": 93.750000, ""party"": ""R"" }, { ""name"": ""WRITE-IN"", ""votes"": 1, ""votes_pct"": 6.250000, ""party"": ""WI"" } ]"
"350065","7","1",1A,Kittson,Hazelton Twp,35.9923380669696,R,"85.00",-85,1.11134764086661,"40","[ { ""name"": ""Mark Johnson"", ""votes"": 37, ""votes_pct"": 92.500000, ""party"": ""R"" }, { ""name"": ""WRITE-IN"", ""votes"": 3, ""votes_pct"": 7.500000, ""party"": ""WI"" } ]"
"350070","7","1",1A,Kittson,Hill Twp,32.4525377693217,R,"100.00",-100,0.184885386857849,"6","[ { ""name"": ""Mark Johnson"", ""votes"": 6, ""votes_pct"": 100, ""party"": ""R"" }, { ""name"": ""WRITE-IN"", ""votes"": 0, ""votes_pct"": 0, ""party"": ""WI"" } ]"
"350075","7","1",1A,Kittson,Humboldt,0.11292999675908,R,"100.00",-100,123.970604815185,"14","[ { ""name"": ""Mark Johnson"", ""votes"": 14, ""votes_pct"": 100, ""party"": ""R"" }, { ""name"": ""WRITE-IN"", ""votes"": 0, ""votes_pct"": 0, ""party"": ""WI"" } ]"
"350080","7","1",1A,Kittson,Jupiter Twp,35.7398018839462,R,"100.00",-100,0.979300336181257,"35","[ { ""name"": ""Mark Johnson"", ""votes"": 35, ""votes_pct"": 100, ""party"": ""R"" }, { ""name"": ""WRITE-IN"", ""votes"": 0, ""votes_pct"": 0, ""party"": ""WI"" } ]"
"350085","7","1",1A,Kittson,Karlstad,1.45503959091648,R,"93.96",-93.96,182.125628508215,"265","[ { ""name"": ""Mark Johnson"", ""votes"": 257, ""votes_pct"": 96.980000, ""party"": ""R"" }, { ""name"": ""WRITE-IN"", ""votes"": 8, ""votes_pct"": 3.020000, ""party"": ""WI"" } ]"
"350090","7","1",1A,Kittson,Kennedy,0.440534638580751,R,"96.50",-96.5,129.388236492899,"57","[ { ""name"": ""Mark Johnson"", ""votes"": 56, ""votes_pct"": 98.250000, ""party"": ""R"" }, { ""name"": ""WRITE-IN"", ""votes"": 1, ""votes_pct"": 1.750000, ""party"": ""WI"" } ]"
"350092","7","1",1A,Kittson,Klondike Unorg,36.2257196469082,even,"0.00",0,0,"0","[ { ""name"": ""Mark Johnson"", ""votes"": 0, ""votes_pct"": 0, ""party"": ""R"" }, { ""name"": ""WRITE-IN"", ""votes"": 0, ""votes_pct"": 0, ""party"": ""WI"" } ]"
"350095","7","1",1A,Kittson,Lake Bronson,0.546718457084085,R,"78.46",-78.46,118.891175444628,"65","[ { ""name"": ""Mark Johnson"", ""votes"": 58, ""votes_pct"": 89.230000, ""party"": ""R"" }, { ""name"": ""WRITE-IN"", ""votes"": 7, ""votes_pct"": 10.770000, ""party"": ""WI"" } ]"
"350100","7","1",1A,Kittson,Lancaster,2.3358356259381,R,"95.28",-95.28,54.3702641528961,"127","[ { ""name"": ""Mark Johnson"", ""votes"": 124, ""votes_pct"": 97.640000, ""party"": ""R"" }, { ""name"": ""WRITE-IN"", ""votes"": 3, ""votes_pct"": 2.360000, ""party"": ""WI"" } ]"
"350105","7","1",1A,Kittson,McKinley,45.9299805116724,R,"100.00",-100,0.239494985137312,"11","[ { ""name"": ""Mark Johnson"", ""votes"": 11, ""votes_pct"": 100, ""party"": ""R"" }, { ""name"": ""WRITE-IN"", ""votes"": 0, ""votes_pct"": 0, ""party"": ""WI"" } ]"
"350110","7","1",1A,Kittson,North Red River,23.8125799386318,even,"0.00",0,0,"0","[ { ""name"": ""Mark Johnson"", ""votes"": 0, ""votes_pct"": 0, ""party"": ""R"" }, { ""name"": ""WRITE-IN"", ""votes"": 0, ""votes_pct"": 0, ""party"": ""WI"" } ]"
"350115","7","1",1A,Kittson,Norway Twp,35.2135018601309,R,"81.82",-81.82,1.24952071437738,"44","[ { ""name"": ""Mark Johnson"", ""votes"": 40, ""votes_pct"": 90.910000, ""party"": ""R"" }, { ""name"": ""WRITE-IN"", ""votes"": 4, ""votes_pct"": 9.090000, ""party"": ""WI"" } ]"
"350118","7","1",1A,Kittson,Peatland Unorg,36.5639893540436,R,"100.00",-100,0.0820479398719722,"3","[ { ""name"": ""Mark Johnson"", ""votes"": 3, ""votes_pct"": 100, ""party"": ""R"" }, { ""name"": ""WRITE-IN"", ""votes"": 0, ""votes_pct"": 0, ""party"": ""WI"" } ]"
"350120","7","1",1A,Kittson,Pelan Twp,35.622061586397,R,"100.00",-100,0.645667290878611,"23","[ { ""name"": ""Mark Johnson"", ""votes"": 23, ""votes_pct"": 100, ""party"": ""R"" }, { ""name"": ""WRITE-IN"", ""votes"": 0, ""votes_pct"": 0, ""party"": ""WI"" } ]"
"350125","7","1",1A,Kittson,Percy Twp,35.4376399275756,R,"57.14",-57.14,0.395060168470925,"14","[ { ""name"": ""Mark Johnson"", ""votes"": 11, ""votes_pct"": 78.570000, ""party"": ""R"" }, { ""name"": ""WRITE-IN"", ""votes"": 3, ""votes_pct"": 21.430000, ""party"": ""WI"" } ]"
"350130","7","1",1A,Kittson,Poppleton Twp,35.1233995630518,R,"74.54",-74.54,1.56590764801302,"55","[ { ""name"": ""Mark Johnson"", ""votes"": 48, ""votes_pct"": 87.270000, ""party"": ""R"" }, { ""name"": ""WRITE-IN"", ""votes"": 7, ""votes_pct"": 12.730000, ""party"": ""WI"" } ]"
"350135","7","1",1A,Kittson,Richardville Twp,45.3374610115284,R,"92.00",-92,1.10284076091703,"50","[ { ""name"": ""Mark Johnson"", ""votes"": 48, ""votes_pct"": 96, ""party"": ""R"" }, { ""name"": ""WRITE-IN"", ""votes"": 2, ""votes_pct"": 4, ""party"": ""WI"" } ]"
"350140","7","1",1A,Kittson,Saint Joseph Twp,45.1192959493848,R,"78.94",-78.94,0.421105861698604,"19","[ { ""name"": ""Mark Johnson"", ""votes"": 17, ""votes_pct"": 89.470000, ""party"": ""R"" }, { ""name"": ""WRITE-IN"", ""votes"": 2, ""votes_pct"": 10.530000, ""party"": ""WI"" } ]"
"350145","7","1",1A,Kittson,Saint Vincent,1.08644332386061,R,"85.72",-85.72,12.8860840621229,"14","[ { ""name"": ""Mark Johnson"", ""votes"": 13, ""votes_pct"": 92.860000, ""party"": ""R"" }, { ""name"": ""WRITE-IN"", ""votes"": 1, ""votes_pct"": 7.140000, ""party"": ""WI"" } ]"
"350150","7","1",1A,Kittson,Saint Vincent Twp,54.5084566926471,R,"100.00",-100,0.476990206246424,"26","[ { ""name"": ""Mark Johnson"", ""votes"": 26, ""votes_pct"": 100, ""party"": ""R"" }, { ""name"": ""WRITE-IN"", ""votes"": 0, ""votes_pct"": 0, ""party"": ""WI"" } ]"
"350155","7","1",1A,Kittson,Skane Twp,35.4375470501395,R,"76.00",-76,0.705466435490816,"25","[ { ""name"": ""Mark Johnson"", ""votes"": 22, ""votes_pct"": 88, ""party"": ""R"" }, { ""name"": ""WRITE-IN"", ""votes"": 3, ""votes_pct"": 12, ""party"": ""WI"" } ]"
"350160","7","1",1A,Kittson,South Red River Twp,18.1184539643851,R,"100.00",-100,0.386346429654523,"7","[ { ""name"": ""Mark Johnson"", ""votes"": 7, ""votes_pct"": 100, ""party"": ""R"" }, { ""name"": ""WRITE-IN"", ""votes"": 0, ""votes_pct"": 0, ""party"": ""WI"" } ]"
"350165","7","1",1A,Kittson,Spring Brook Twp,35.9917539697544,R,"100.00",-100,0.694603547829558,"25","[ { ""name"": ""Mark Johnson"", ""votes"": 25, ""votes_pct"": 100, ""party"": ""R"" }, { ""name"": ""WRITE-IN"", ""votes"": 0, ""votes_pct"": 0, ""party"": ""WI"" } ]"
"350170","7","1",1A,Kittson,Svea Twp,35.8443885101316,R,"100.00",-100,0.251085326715954,"9","[ { ""name"": ""Mark Johnson"", ""votes"": 9, ""votes_pct"": 100, ""party"": ""R"" }, { ""name"": ""WRITE-IN"", ""votes"": 0, ""votes_pct"": 0, ""party"": ""WI"" } ]"
"350175","7","1",1A,Kittson,Tegner Twp,35.7737758859181,R,"100.00",-100,0.447254996258257,"16","[ { ""name"": ""Mark Johnson"", ""votes"": 16, ""votes_pct"": 100, ""party"": ""R"" }, { ""name"": ""WRITE-IN"", ""votes"": 0, ""votes_pct"": 0, ""party"": ""WI"" } ]"
"350180","7","1",1A,Kittson,Teien Twp,29.2144377319809,R,"100.00",-100,0.718822665445701,"21","[ { ""name"": ""Mark Johnson"", ""votes"": 21, ""votes_pct"": 100, ""party"": ""R"" }, { ""name"": ""WRITE-IN"", ""votes"": 0, ""votes_pct"": 0, ""party"": ""WI"" } ]"
"350185","7","1",1A,Kittson,Thompson Twp,36.0379408732972,R,"91.90",-91.9,2.05339145930036,"74","[ { ""name"": ""Mark Johnson"", ""votes"": 71, ""votes_pct"": 95.950000, ""party"": ""R"" }, { ""name"": ""WRITE-IN"", ""votes"": 3, ""votes_pct"": 4.050000, ""party"": ""WI"" } ]"
"360005","8","3",3A,Koochiching,Big Falls,6.04093564430928,R,"45.46",-45.46,14.5672798356821,"88","[ { ""name"": ""Andrea Zupancich"", ""votes"": 64, ""votes_pct"": 72.730000, ""party"": ""R"" }, { ""name"": ""Grant Hauschild"", ""votes"": 24, ""votes_pct"": 27.270000, ""party"": ""DFL"" }, { ""name"": ""WRITE-IN"", ""votes"": 0, ""votes_pct"": 0, ""party"": ""WI"" } ]"
"360023","8","3",3A,Koochiching,Dinner Creek Unorg,385.756600709809,R,"26.66",-26.66,0.0777692460603362,"30","[ { ""name"": ""Andrea Zupancich"", ""votes"": 19, ""votes_pct"": 63.330000, ""party"": ""R"" }, { ""name"": ""Grant Hauschild"", ""votes"": 11, ""votes_pct"": 36.670000, ""party"": ""DFL"" }, { ""name"": ""WRITE-IN"", ""votes"": 0, ""votes_pct"": 0, ""party"": ""WI"" } ]"
"360050","8","3",3A,Koochiching,International Falls East Ward,3.00471387443756,R,"18.15",-18.15,212.665839977729,"639","[ { ""name"": ""Andrea Zupancich"", ""votes"": 377, ""votes_pct"": 59, ""party"": ""R"" }, { ""name"": ""Grant Hauschild"", ""votes"": 261, ""votes_pct"": 40.850000, ""party"": ""DFL"" }, { ""name"": ""WRITE-IN"", ""votes"": 1, ""votes_pct"": 0.160000, ""party"": ""WI"" } ]"
"360055","8","3",3A,Koochiching,International Falls Center Ward,1.88222521279607,R,"3.31",-3.31,320.896774675943,"604","[ { ""name"": ""Andrea Zupancich"", ""votes"": 311, ""votes_pct"": 51.490000, ""party"": ""R"" }, { ""name"": ""Grant Hauschild"", ""votes"": 291, ""votes_pct"": 48.180000, ""party"": ""DFL"" }, { ""name"": ""WRITE-IN"", ""votes"": 2, ""votes_pct"": 0.330000, ""party"": ""WI"" } ]"
"360060","8","3",3A,Koochiching,International Falls West Ward,1.93224878479561,R,"4.88",-4.88,466.813594138402,"902","[ { ""name"": ""Andrea Zupancich"", ""votes"": 473, ""votes_pct"": 52.440000, ""party"": ""R"" }, { ""name"": ""Grant Hauschild"", ""votes"": 429, ""votes_pct"": 47.560000, ""party"": ""DFL"" }, { ""name"": ""WRITE-IN"", ""votes"": 0, ""votes_pct"": 0, ""party"": ""WI"" } ]"
"360070","8","3",3A,Koochiching,Jameson Precinct,31.3190327192757,R,"58.24",-58.24,2.90558143400108,"91","[ { ""name"": ""Andrea Zupancich"", ""votes"": 72, ""votes_pct"": 79.120000, ""party"": ""R"" }, { ""name"": ""Grant Hauschild"", ""votes"": 19, ""votes_pct"": 20.880000, ""party"": ""DFL"" }, { ""name"": ""WRITE-IN"", ""votes"": 0, ""votes_pct"": 0, ""party"": ""WI"" } ]"
"360075","8","3",3A,Koochiching,Koochiching Poll 1,58.2587526620385,R,"12.00",-12,9.44064153227882,"550","[ { ""name"": ""Andrea Zupancich"", ""votes"": 308, ""votes_pct"": 56, ""party"": ""R"" }, { ""name"": ""Grant Hauschild"", ""votes"": 242, ""votes_pct"": 44, ""party"": ""DFL"" }, { ""name"": ""WRITE-IN"", ""votes"": 0, ""votes_pct"": 0, ""party"": ""WI"" } ]"
"360080","8","3",3A,Koochiching,Koochiching Poll 2,57.8241980668638,R,"21.00",-21,4.53097507201123,"262","[ { ""name"": ""Andrea Zupancich"", ""votes"": 158, ""votes_pct"": 60.310000, ""party"": ""R"" }, { ""name"": ""Grant Hauschild"", ""votes"": 103, ""votes_pct"": 39.310000, ""party"": ""DFL"" }, { ""name"": ""WRITE-IN"", ""votes"": 1, ""votes_pct"": 0.380000, ""party"": ""WI"" } ]"
"360082","8","3",3A,Koochiching,Koochiching Poll 4,5.59752825532329,R,"28.26",-28.26,49.307477767088,"276","[ { ""name"": ""Andrea Zupancich"", ""votes"": 177, ""votes_pct"": 64.130000, ""party"": ""R"" }, { ""name"": ""Grant Hauschild"", ""votes"": 99, ""votes_pct"": 35.870000, ""party"": ""DFL"" }, { ""name"": ""WRITE-IN"", ""votes"": 0, ""votes_pct"": 0, ""party"": ""WI"" } ]"
"360083","8","3",3A,Koochiching,Koochiching Poll 5,26.5906193571533,R,"39.04",-39.04,7.89752194860052,"210","[ { ""name"": ""Andrea Zupancich"", ""votes"": 146, ""votes_pct"": 69.520000, ""party"": ""R"" }, { ""name"": ""Grant Hauschild"", ""votes"": 64, ""votes_pct"": 30.480000, ""party"": ""DFL"" }, { ""name"": ""WRITE-IN"", ""votes"": 0, ""votes_pct"": 0, ""party"": ""WI"" } ]"
"360090","8","3",3A,Koochiching,Littlefork,1.17296203206768,R,"26.98",-26.98,214.840713604154,"252","[ { ""name"": ""Andrea Zupancich"", ""votes"": 160, ""votes_pct"": 63.490000, ""party"": ""R"" }, { ""name"": ""Grant Hauschild"", ""votes"": 92, ""votes_pct"": 36.510000, ""party"": ""DFL"" }, { ""name"": ""WRITE-IN"", ""votes"": 0, ""votes_pct"": 0, ""party"": ""WI"" } ]"
"360100","8","3",3A,Koochiching,Mizpah,3.01948643008198,R,"52.38",-52.38,6.95482509568021,"21","[ { ""name"": ""Andrea Zupancich"", ""votes"": 16, ""votes_pct"": 76.190000, ""party"": ""R"" }, { ""name"": ""Grant Hauschild"", ""votes"": 5, ""votes_pct"": 23.810000, ""party"": ""DFL"" }, { ""name"": ""WRITE-IN"", ""votes"": 0, ""votes_pct"": 0, ""party"": ""WI"" } ]"
"360115","8","3",3A,Koochiching,Northome,1.7599103171497,R,"42.46",-42.46,41.4793863577257,"73","[ { ""name"": ""Andrea Zupancich"", ""votes"": 52, ""votes_pct"": 71.230000, ""party"": ""R"" }, { ""name"": ""Grant Hauschild"", ""votes"": 21, ""votes_pct"": 28.770000, ""party"": ""DFL"" }, { ""name"": ""WRITE-IN"", ""votes"": 0, ""votes_pct"": 0, ""party"": ""WI"" } ]"
"360120","8","3",3A,Koochiching,Ranier East Precinct,0.261746621082847,DFL,"5.26",5.26,362.946423556432,"95","[ { ""name"": ""Grant Hauschild"", ""votes"": 50, ""votes_pct"": 52.630000, ""party"": ""DFL"" }, { ""name"": ""Andrea Zupancich"", ""votes"": 45, ""votes_pct"": 47.370000, ""party"": ""R"" }, { ""name"": ""WRITE-IN"", ""votes"": 0, ""votes_pct"": 0, ""party"": ""WI"" } ]"
"360121","8","3",3A,Koochiching,Ranier West Precinct,0.829133132259861,R,"5.32",-5.32,203.827338969531,"169","[ { ""name"": ""Andrea Zupancich"", ""votes"": 89, ""votes_pct"": 52.660000, ""party"": ""R"" }, { ""name"": ""Grant Hauschild"", ""votes"": 80, ""votes_pct"": 47.340000, ""party"": ""DFL"" }, { ""name"": ""WRITE-IN"", ""votes"": 0, ""votes_pct"": 0, ""party"": ""WI"" } ]"
"360140","8","3",3A,Koochiching,Scarlett Precinct,29.09047838845,R,"47.70",-47.7,2.23440808129877,"65","[ { ""name"": ""Andrea Zupancich"", ""votes"": 48, ""votes_pct"": 73.850000, ""party"": ""R"" }, { ""name"": ""Grant Hauschild"", ""votes"": 17, ""votes_pct"": 26.150000, ""party"": ""DFL"" }, { ""name"": ""WRITE-IN"", ""votes"": 0, ""votes_pct"": 0, ""party"": ""WI"" } ]"
"360170","8","3",3A,Koochiching,Meadowbrook Precinct,48.0632279162607,R,"56.25",-56.25,1.33157931280657,"64","[ { ""name"": ""Andrea Zupancich"", ""votes"": 50, ""votes_pct"": 78.130000, ""party"": ""R"" }, { ""name"": ""Grant Hauschild"", ""votes"": 14, ""votes_pct"": 21.880000, ""party"": ""DFL"" }, { ""name"": ""WRITE-IN"", ""votes"": 0, ""votes_pct"": 0, ""party"": ""WI"" } ]"
"360175","8","3",3A,Koochiching,West Koochiching,760.611992796513,even,"0.00",0,0,"0","[ { ""name"": ""Andrea Zupancich"", ""votes"": 0, ""votes_pct"": 0, ""party"": ""R"" }, { ""name"": ""Grant Hauschild"", ""votes"": 0, ""votes_pct"": 0, ""party"": ""DFL"" }, { ""name"": ""WRITE-IN"", ""votes"": 0, ""votes_pct"": 0, ""party"": ""WI"" } ]"
"360180","8","3",3A,Koochiching,Central Koochiching,567.743473738584,R,"43.32",-43.32,0.540737171276331,"307","[ { ""name"": ""Andrea Zupancich"", ""votes"": 220, ""votes_pct"": 71.660000, ""party"": ""R"" }, { ""name"": ""Grant Hauschild"", ""votes"": 87, ""votes_pct"": 28.340000, ""party"": ""DFL"" }, { ""name"": ""WRITE-IN"", ""votes"": 0, ""votes_pct"": 0, ""party"": ""WI"" } ]"
"360185","8","3",3A,Koochiching,Northwest Koochiching,423.609851667717,R,"27.14",-27.14,0.63501828142327,"269","[ { ""name"": ""Andrea Zupancich"", ""votes"": 171, ""votes_pct"": 63.570000, ""party"": ""R"" }, { ""name"": ""Grant Hauschild"", ""votes"": 98, ""votes_pct"": 36.430000, ""party"": ""DFL"" }, { ""name"": ""WRITE-IN"", ""votes"": 0, ""votes_pct"": 0, ""party"": ""WI"" } ]"
"360190","8","3",3A,Koochiching,Southeast Koochiching,301.109122540769,R,"9.10",-9.1,0.0730632131446674,"22","[ { ""name"": ""Andrea Zupancich"", ""votes"": 12, ""votes_pct"": 54.550000, ""party"": ""R"" }, { ""name"": ""Grant Hauschild"", ""votes"": 10, ""votes_pct"": 45.450000, ""party"": ""DFL"" }, { ""name"": ""WRITE-IN"", ""votes"": 0, ""votes_pct"": 0, ""party"": ""WI"" } ]"
"360195","8","3",3A,Koochiching,Southwest Koochiching,437.977901423205,R,"63.94",-63.94,0.531990311024526,"233","[ { ""name"": ""Andrea Zupancich"", ""votes"": 191, ""votes_pct"": 81.970000, ""party"": ""R"" }, { ""name"": ""Grant Hauschild"", ""votes"": 42, ""votes_pct"": 18.030000, ""party"": ""DFL"" }, { ""name"": ""WRITE-IN"", ""votes"": 0, ""votes_pct"": 0, ""party"": ""WI"" } ]"
"370005","7","15",15A,Lac qui Parle,Agassiz Twp,37.2876072982241,R,"94.88",-94.88,1.04592390946623,"39","[ { ""name"": ""Gary Dahms"", ""votes"": 38, ""votes_pct"": 97.440000, ""party"": ""R"" }, { ""name"": ""Anita Gaul"", ""votes"": 1, ""votes_pct"": 2.560000, ""party"": ""DFL"" }, { ""name"": ""WRITE-IN"", ""votes"": 0, ""votes_pct"": 0, ""party"": ""WI"" } ]"
"370010","7","15",15A,Lac qui Parle,Arena Twp,37.1508276807568,R,"45.72",-45.72,1.88421104911906,"70","[ { ""name"": ""Gary Dahms"", ""votes"": 51, ""votes_pct"": 72.860000, ""party"": ""R"" }, { ""name"": ""Anita Gaul"", ""votes"": 19, ""votes_pct"": 27.140000, ""party"": ""DFL"" }, { ""name"": ""WRITE-IN"", ""votes"": 0, ""votes_pct"": 0, ""party"": ""WI"" } ]"
"370015","7","15",15A,Lac qui Parle,Augusta Twp,28.7114493668231,R,"26.08",-26.08,1.60214830718906,"46","[ { ""name"": ""Gary Dahms"", ""votes"": 29, ""votes_pct"": 63.040000, ""party"": ""R"" }, { ""name"": ""Anita Gaul"", ""votes"": 17, ""votes_pct"": 36.960000, ""party"": ""DFL"" }, { ""name"": ""WRITE-IN"", ""votes"": 0, ""votes_pct"": 0, ""party"": ""WI"" } ]"
"370020","7","15",15A,Lac qui Parle,Baxter Twp,35.950939912499,R,"11.90",-11.9,2.33651749312946,"84","[ { ""name"": ""Gary Dahms"", ""votes"": 47, ""votes_pct"": 55.950000, ""party"": ""R"" }, { ""name"": ""Anita Gaul"", ""votes"": 37, ""votes_pct"": 44.050000, ""party"": ""DFL"" }, { ""name"": ""WRITE-IN"", ""votes"": 0, ""votes_pct"": 0, ""party"": ""WI"" } ]"
"370025","7","15",15A,Lac qui Parle,Bellingham,0.387702875416428,R,"50.00",-50,144.440507282415,"56","[ { ""name"": ""Gary Dahms"", ""votes"": 42, ""votes_pct"": 75, ""party"": ""R"" }, { ""name"": ""Anita Gaul"", ""votes"": 14, ""votes_pct"": 25, ""party"": ""DFL"" }, { ""name"": ""WRITE-IN"", ""votes"": 0, ""votes_pct"": 0, ""party"": ""WI"" } ]"
"370030","7","15",15A,Lac qui Parle,Boyd,0.517216782334824,R,"39.14",-39.14,88.9375626837676,"46","[ { ""name"": ""Gary Dahms"", ""votes"": 32, ""votes_pct"": 69.570000, ""party"": ""R"" }, { ""name"": ""Anita Gaul"", ""votes"": 14, ""votes_pct"": 30.430000, ""party"": ""DFL"" }, { ""name"": ""WRITE-IN"", ""votes"": 0, ""votes_pct"": 0, ""party"": ""WI"" } ]"
"370035","7","15",15A,Lac qui Parle,Camp Release Twp,29.3750426873604,R,"65.46",-65.46,4.73190801727105,"139","[ { ""name"": ""Gary Dahms"", ""votes"": 115, ""votes_pct"": 82.730000, ""party"": ""R"" }, { ""name"": ""Anita Gaul"", ""votes"": 24, ""votes_pct"": 17.270000, ""party"": ""DFL"" }, { ""name"": ""WRITE-IN"", ""votes"": 0, ""votes_pct"": 0, ""party"": ""WI"" } ]"
"370040","7","15",15A,Lac qui Parle,Cerro Gordo Twp,36.0362922363358,R,"18.36",-18.36,2.71948066569361,"98","[ { ""name"": ""Gary Dahms"", ""votes"": 58, ""votes_pct"": 59.180000, ""party"": ""R"" }, { ""name"": ""Anita Gaul"", ""votes"": 40, ""votes_pct"": 40.820000, ""party"": ""DFL"" }, { ""name"": ""WRITE-IN"", ""votes"": 0, ""votes_pct"": 0, ""party"": ""WI"" } ]"
"370045","7","15",15A,Lac qui Parle,Dawson,1.43935583298636,R,"14.04",-14.04,415.463630532054,"598","[ { ""name"": ""Gary Dahms"", ""votes"": 341, ""votes_pct"": 57.020000, ""party"": ""R"" }, { ""name"": ""Anita Gaul"", ""votes"": 257, ""votes_pct"": 42.980000, ""party"": ""DFL"" }, { ""name"": ""WRITE-IN"", ""votes"": 0, ""votes_pct"": 0, ""party"": ""WI"" } ]"
"370060","7","15",15A,Lac qui Parle,Freeland Twp,36.4594505621346,R,"43.48",-43.48,1.26167562293914,"46","[ { ""name"": ""Gary Dahms"", ""votes"": 33, ""votes_pct"": 71.740000, ""party"": ""R"" }, { ""name"": ""Anita Gaul"", ""votes"": 13, ""votes_pct"": 28.260000, ""party"": ""DFL"" }, { ""name"": ""WRITE-IN"", ""votes"": 0, ""votes_pct"": 0, ""party"": ""WI"" } ]"
"370065","7","15",15A,Lac qui Parle,Garfield Twp,37.2140981963279,R,"28.30",-28.3,1.42419143735236,"53","[ { ""name"": ""Gary Dahms"", ""votes"": 34, ""votes_pct"": 64.150000, ""party"": ""R"" }, { ""name"": ""Anita Gaul"", ""votes"": 19, ""votes_pct"": 35.850000, ""party"": ""DFL"" }, { ""name"": ""WRITE-IN"", ""votes"": 0, ""votes_pct"": 0, ""party"": ""WI"" } ]"
"370070","7","15",15A,Lac qui Parle,Hamlin Twp,36.0507610163844,R,"33.34",-33.34,2.49647989286819,"90","[ { ""name"": ""Gary Dahms"", ""votes"": 60, ""votes_pct"": 66.670000, ""party"": ""R"" }, { ""name"": ""Anita Gaul"", ""votes"": 30, ""votes_pct"": 33.330000, ""party"": ""DFL"" }, { ""name"": ""WRITE-IN"", ""votes"": 0, ""votes_pct"": 0, ""party"": ""WI"" } ]"
"370075","7","15",15A,Lac qui Parle,Hantho Twp,33.2938659730119,R,"31.04",-31.04,1.74206263841558,"58","[ { ""name"": ""Gary Dahms"", ""votes"": 38, ""votes_pct"": 65.520000, ""party"": ""R"" }, { ""name"": ""Anita Gaul"", ""votes"": 20, ""votes_pct"": 34.480000, ""party"": ""DFL"" }, { ""name"": ""WRITE-IN"", ""votes"": 0, ""votes_pct"": 0, ""party"": ""WI"" } ]"
"370080","7","15",15A,Lac qui Parle,Lac qui Parle Twp,31.5139203851215,R,"30.76",-30.76,3.30012891855566,"104","[ { ""name"": ""Gary Dahms"", ""votes"": 68, ""votes_pct"": 65.380000, ""party"": ""R"" }, { ""name"": ""Anita Gaul"", ""votes"": 36, ""votes_pct"": 34.620000, ""party"": ""DFL"" }, { ""name"": ""WRITE-IN"", ""votes"": 0, ""votes_pct"": 0, ""party"": ""WI"" } ]"
"370085","7","15",15A,Lac qui Parle,Lake Shore Twp,53.95234153023,R,"34.14",-34.14,1.51985989253228,"82","[ { ""name"": ""Gary Dahms"", ""votes"": 55, ""votes_pct"": 67.070000, ""party"": ""R"" }, { ""name"": ""Anita Gaul"", ""votes"": 27, ""votes_pct"": 32.930000, ""party"": ""DFL"" }, { ""name"": ""WRITE-IN"", ""votes"": 0, ""votes_pct"": 0, ""party"": ""WI"" } ]"
"370090","7","15",15A,Lac qui Parle,Louisburg,0.257446560346232,R,"47.36",-47.36,73.8017240333196,"19","[ { ""name"": ""Gary Dahms"", ""votes"": 14, ""votes_pct"": 73.680000, ""party"": ""R"" }, { ""name"": ""Anita Gaul"", ""votes"": 5, ""votes_pct"": 26.320000, ""party"": ""DFL"" }, { ""name"": ""WRITE-IN"", ""votes"": 0, ""votes_pct"": 0, ""party"": ""WI"" } ]"
"370095","7","15",15A,Lac qui Parle,Madison,1.13841191807729,R,"19.18",-19.18,554.280915352433,"631","[ { ""name"": ""Gary Dahms"", ""votes"": 376, ""votes_pct"": 59.590000, ""party"": ""R"" }, { ""name"": ""Anita Gaul"", ""votes"": 255, ""votes_pct"": 40.410000, ""party"": ""DFL"" }, { ""name"": ""WRITE-IN"", ""votes"": 0, ""votes_pct"": 0, ""party"": ""WI"" } ]"
"370110","7","15",15A,Lac qui Parle,Madison Twp,34.9301703797947,R,"47.06",-47.06,2.92011172264427,"102","[ { ""name"": ""Gary Dahms"", ""votes"": 75, ""votes_pct"": 73.530000, ""party"": ""R"" }, { ""name"": ""Anita Gaul"", ""votes"": 27, ""votes_pct"": 26.470000, ""party"": ""DFL"" }, { ""name"": ""WRITE-IN"", ""votes"": 0, ""votes_pct"": 0, ""party"": ""WI"" } ]"
"370115","7","15",15A,Lac qui Parle,Manfred Twp,33.4764601419234,R,"68.00",-68,1.49358683050792,"50","[ { ""name"": ""Gary Dahms"", ""votes"": 42, ""votes_pct"": 84, ""party"": ""R"" }, { ""name"": ""Anita Gaul"", ""votes"": 8, ""votes_pct"": 16, ""party"": ""DFL"" }, { ""name"": ""WRITE-IN"", ""votes"": 0, ""votes_pct"": 0, ""party"": ""WI"" } ]"
"370120","7","15",15A,Lac qui Parle,Marietta,0.376532126819234,R,"35.84",-35.84,140.758241395546,"53","[ { ""name"": ""Gary Dahms"", ""votes"": 36, ""votes_pct"": 67.920000, ""party"": ""R"" }, { ""name"": ""Anita Gaul"", ""votes"": 17, ""votes_pct"": 32.080000, ""party"": ""DFL"" }, { ""name"": ""WRITE-IN"", ""votes"": 0, ""votes_pct"": 0, ""party"": ""WI"" } ]"
"370125","7","15",15A,Lac qui Parle,Maxwell Twp,36.3580421338906,R,"64.22",-64.22,2.61290197228324,"95","[ { ""name"": ""Gary Dahms"", ""votes"": 78, ""votes_pct"": 82.110000, ""party"": ""R"" }, { ""name"": ""Anita Gaul"", ""votes"": 17, ""votes_pct"": 17.890000, ""party"": ""DFL"" }, { ""name"": ""WRITE-IN"", ""votes"": 0, ""votes_pct"": 0, ""party"": ""WI"" } ]"
"370130","7","15",15A,Lac qui Parle,Mehurin Twp,29.0943436140443,R,"22.22",-22.22,1.23735391585264,"36","[ { ""name"": ""Gary Dahms"", ""votes"": 22, ""votes_pct"": 61.110000, ""party"": ""R"" }, { ""name"": ""Anita Gaul"", ""votes"": 14, ""votes_pct"": 38.890000, ""party"": ""DFL"" }, { ""name"": ""WRITE-IN"", ""votes"": 0, ""votes_pct"": 0, ""party"": ""WI"" } ]"
"370135","7","15",15A,Lac qui Parle,Nassau,0.15919300014159,R,"85.72",-85.72,175.887130559109,"28","[ { ""name"": ""Gary Dahms"", ""votes"": 26, ""votes_pct"": 92.860000, ""party"": ""R"" }, { ""name"": ""Anita Gaul"", ""votes"": 2, ""votes_pct"": 7.140000, ""party"": ""DFL"" }, { ""name"": ""WRITE-IN"", ""votes"": 0, ""votes_pct"": 0, ""party"": ""WI"" } ]"
"370140","7","15",15A,Lac qui Parle,Perry Twp,36.9650222183385,R,"69.24",-69.24,1.40673525617963,"52","[ { ""name"": ""Gary Dahms"", ""votes"": 44, ""votes_pct"": 84.620000, ""party"": ""R"" }, { ""name"": ""Anita Gaul"", ""votes"": 8, ""votes_pct"": 15.380000, ""party"": ""DFL"" }, { ""name"": ""WRITE-IN"", ""votes"": 0, ""votes_pct"": 0, ""party"": ""WI"" } ]"
"370145","7","15",15A,Lac qui Parle,Providence Twp,36.0960925603578,R,"25.84",-25.84,2.46564084051977,"89","[ { ""name"": ""Gary Dahms"", ""votes"": 56, ""votes_pct"": 62.920000, ""party"": ""R"" }, { ""name"": ""Anita Gaul"", ""votes"": 33, ""votes_pct"": 37.080000, ""party"": ""DFL"" }, { ""name"": ""WRITE-IN"", ""votes"": 0, ""votes_pct"": 0, ""party"": ""WI"" } ]"
"370150","7","15",15A,Lac qui Parle,Riverside Twp,34.6588961122275,R,"40.48",-40.48,4.8472403580312,"168","[ { ""name"": ""Gary Dahms"", ""votes"": 118, ""votes_pct"": 70.240000, ""party"": ""R"" }, { ""name"": ""Anita Gaul"", ""votes"": 50, ""votes_pct"": 29.760000, ""party"": ""DFL"" }, { ""name"": ""WRITE-IN"", ""votes"": 0, ""votes_pct"": 0, ""party"": ""WI"" } ]"
"370155","7","15",15A,Lac qui Parle,Ten Mile Lake Twp,35.4168065945866,R,"44.12",-44.12,1.9199924142905,"68","[ { ""name"": ""Gary Dahms"", ""votes"": 49, ""votes_pct"": 72.060000, ""party"": ""R"" }, { ""name"": ""Anita Gaul"", ""votes"": 19, ""votes_pct"": 27.940000, ""party"": ""DFL"" }, { ""name"": ""WRITE-IN"", ""votes"": 0, ""votes_pct"": 0, ""party"": ""WI"" } ]"
"370160","7","15",15A,Lac qui Parle,Walter Twp,29.0655226493131,R,"71.88",-71.88,2.20192152648294,"64","[ { ""name"": ""Gary Dahms"", ""votes"": 55, ""votes_pct"": 85.940000, ""party"": ""R"" }, { ""name"": ""Anita Gaul"", ""votes"": 9, ""votes_pct"": 14.060000, ""party"": ""DFL"" }, { ""name"": ""WRITE-IN"", ""votes"": 0, ""votes_pct"": 0, ""party"": ""WI"" } ]"
"370165","7","15",15A,Lac qui Parle,Yellow Bank Twp,35.348523225341,R,"78.08",-78.08,2.06514992251973,"73","[ { ""name"": ""Gary Dahms"", ""votes"": 65, ""votes_pct"": 89.040000, ""party"": ""R"" }, { ""name"": ""Anita Gaul"", ""votes"": 8, ""votes_pct"": 10.960000, ""party"": ""DFL"" }, { ""name"": ""WRITE-IN"", ""votes"": 0, ""votes_pct"": 0, ""party"": ""WI"" } ]"
"380005","8","3",3A,Lake,Beaver Bay,0.798446141761554,R,"31.25",-31.25,80.1556882206249,"64","[ { ""name"": ""Andrea Zupancich"", ""votes"": 42, ""votes_pct"": 65.630000, ""party"": ""R"" }, { ""name"": ""Grant Hauschild"", ""votes"": 22, ""votes_pct"": 34.380000, ""party"": ""DFL"" }, { ""name"": ""WRITE-IN"", ""votes"": 0, ""votes_pct"": 0, ""party"": ""WI"" } ]"
"380010","8","3",3A,Lake,Beaver Bay Twp P-1,116.994287023743,R,"26.25",-26.25,1.36758814528721,"160","[ { ""name"": ""Andrea Zupancich"", ""votes"": 101, ""votes_pct"": 63.130000, ""party"": ""R"" }, { ""name"": ""Grant Hauschild"", ""votes"": 59, ""votes_pct"": 36.880000, ""party"": ""DFL"" }, { ""name"": ""WRITE-IN"", ""votes"": 0, ""votes_pct"": 0, ""party"": ""WI"" } ]"
"380020","8","3",3A,Lake,Beaver Bay Twp P-4,23.1816507325732,DFL,"7.46",7.46,5.78043391067543,"134","[ { ""name"": ""Grant Hauschild"", ""votes"": 72, ""votes_pct"": 53.730000, ""party"": ""DFL"" }, { ""name"": ""Andrea Zupancich"", ""votes"": 62, ""votes_pct"": 46.270000, ""party"": ""R"" }, { ""name"": ""WRITE-IN"", ""votes"": 0, ""votes_pct"": 0, ""party"": ""WI"" } ]"
"380025","8","3",3A,Lake,Crystal Bay Twp,210.161512916269,DFL,"21.74",21.74,1.09439638499193,"230","[ { ""name"": ""Grant Hauschild"", ""votes"": 140, ""votes_pct"": 60.870000, ""party"": ""DFL"" }, { ""name"": ""Andrea Zupancich"", ""votes"": 90, ""votes_pct"": 39.130000, ""party"": ""R"" }, { ""name"": ""WRITE-IN"", ""votes"": 0, ""votes_pct"": 0, ""party"": ""WI"" } ]"
"380035","8","3",3A,Lake,Fall Lake Twp,587.639816282376,DFL,"2.46",2.46,0.694302851330185,"408","[ { ""name"": ""Grant Hauschild"", ""votes"": 209, ""votes_pct"": 51.230000, ""party"": ""DFL"" }, { ""name"": ""Andrea Zupancich"", ""votes"": 199, ""votes_pct"": 48.770000, ""party"": ""R"" }, { ""name"": ""WRITE-IN"", ""votes"": 0, ""votes_pct"": 0, ""party"": ""WI"" } ]"
"380040","8","3",3A,Lake,Silver Bay P-1,3.86262536841324,DFL,"6.02",6.02,64.4639270575414,"249","[ { ""name"": ""Grant Hauschild"", ""votes"": 132, ""votes_pct"": 53.010000, ""party"": ""DFL"" }, { ""name"": ""Andrea Zupancich"", ""votes"": 117, ""votes_pct"": 46.990000, ""party"": ""R"" }, { ""name"": ""WRITE-IN"", ""votes"": 0, ""votes_pct"": 0, ""party"": ""WI"" } ]"
"380050","8","3",3A,Lake,Silver Bay P-2,4.1961896308332,R,"25.00",-25,150.612831068483,"632","[ { ""name"": ""Andrea Zupancich"", ""votes"": 394, ""votes_pct"": 62.340000, ""party"": ""R"" }, { ""name"": ""Grant Hauschild"", ""votes"": 236, ""votes_pct"": 37.340000, ""party"": ""DFL"" }, { ""name"": ""WRITE-IN"", ""votes"": 2, ""votes_pct"": 0.320000, ""party"": ""WI"" } ]"
"380060","8","3",3A,Lake,Silver Creek Twp,295.846873005341,DFL,"10.66",10.66,2.37622927313249,"703","[ { ""name"": ""Grant Hauschild"", ""votes"": 389, ""votes_pct"": 55.330000, ""party"": ""DFL"" }, { ""name"": ""Andrea Zupancich"", ""votes"": 314, ""votes_pct"": 44.670000, ""party"": ""R"" }, { ""name"": ""WRITE-IN"", ""votes"": 0, ""votes_pct"": 0, ""party"": ""WI"" } ]"
"380065","8","3",3A,Lake,Stony River Twp,577.757296149462,DFL,"2.07",2.07,0.167890566932636,"97","[ { ""name"": ""Grant Hauschild"", ""votes"": 49, ""votes_pct"": 50.520000, ""party"": ""DFL"" }, { ""name"": ""Andrea Zupancich"", ""votes"": 47, ""votes_pct"": 48.450000, ""party"": ""R"" }, { ""name"": ""WRITE-IN"", ""votes"": 1, ""votes_pct"": 1.030000, ""party"": ""WI"" } ]"
"380070","8","3",3B,Lake,Two Harbors W-1,0.473411605109157,DFL,"27.09",27.09,935.760752839709,"443","[ { ""name"": ""Grant Hauschild"", ""votes"": 281, ""votes_pct"": 63.430000, ""party"": ""DFL"" }, { ""name"": ""Andrea Zupancich"", ""votes"": 161, ""votes_pct"": 36.340000, ""party"": ""R"" }, { ""name"": ""WRITE-IN"", ""votes"": 1, ""votes_pct"": 0.230000, ""party"": ""WI"" } ]"
"380080","8","3",3B,Lake,Two Harbors W-2,0.283953206625274,DFL,"16.20",16.2,1151.59819424591,"327","[ { ""name"": ""Grant Hauschild"", ""votes"": 190, ""votes_pct"": 58.100000, ""party"": ""DFL"" }, { ""name"": ""Andrea Zupancich"", ""votes"": 137, ""votes_pct"": 41.900000, ""party"": ""R"" }, { ""name"": ""WRITE-IN"", ""votes"": 0, ""votes_pct"": 0, ""party"": ""WI"" } ]"
"380090","8","3",3B,Lake,Two Harbors W-3,0.929247279817428,DFL,"11.98",11.98,440.141186187123,"409","[ { ""name"": ""Grant Hauschild"", ""votes"": 229, ""votes_pct"": 55.990000, ""party"": ""DFL"" }, { ""name"": ""Andrea Zupancich"", ""votes"": 180, ""votes_pct"": 44.010000, ""party"": ""R"" }, { ""name"": ""WRITE-IN"", ""votes"": 0, ""votes_pct"": 0, ""party"": ""WI"" } ]"
"380105","8","3",3B,Lake,Two Harbors W-4,1.59645379330137,DFL,"27.80",27.8,290.644177706188,"464","[ { ""name"": ""Grant Hauschild"", ""votes"": 296, ""votes_pct"": 63.790000, ""party"": ""DFL"" }, { ""name"": ""Andrea Zupancich"", ""votes"": 167, ""votes_pct"": 35.990000, ""party"": ""R"" }, { ""name"": ""WRITE-IN"", ""votes"": 1, ""votes_pct"": 0.220000, ""party"": ""WI"" } ]"
"380110","8","3",3A,Lake,Unorg Terr No 1,191.872132884432,DFL,"13.96",13.96,0.448215166565117,"86","[ { ""name"": ""Grant Hauschild"", ""votes"": 49, ""votes_pct"": 56.980000, ""party"": ""DFL"" }, { ""name"": ""Andrea Zupancich"", ""votes"": 37, ""votes_pct"": 43.020000, ""party"": ""R"" }, { ""name"": ""WRITE-IN"", ""votes"": 0, ""votes_pct"": 0, ""party"": ""WI"" } ]"
"380115","8","3",3B,Lake,Unorg Terr No 2 Prec 1,3.56368836116522,DFL,"21.42",21.42,62.8562257129461,"224","[ { ""name"": ""Grant Hauschild"", ""votes"": 136, ""votes_pct"": 60.710000, ""party"": ""DFL"" }, { ""name"": ""Andrea Zupancich"", ""votes"": 88, ""votes_pct"": 39.290000, ""party"": ""R"" }, { ""name"": ""WRITE-IN"", ""votes"": 0, ""votes_pct"": 0, ""party"": ""WI"" } ]"
"380120","8","3",3B,Lake,Unorg Terr No 2 Prec 2,9.630740500524,DFL,"1.54",1.54,40.2876601211391,"388","[ { ""name"": ""Grant Hauschild"", ""votes"": 197, ""votes_pct"": 50.770000, ""party"": ""DFL"" }, { ""name"": ""Andrea Zupancich"", ""votes"": 191, ""votes_pct"": 49.230000, ""party"": ""R"" }, { ""name"": ""WRITE-IN"", ""votes"": 0, ""votes_pct"": 0, ""party"": ""WI"" } ]"
"380125","8","3",3B,Lake,Unorg Terr No 2 Prec 3,20.847348710005,R,"7.20",-7.2,17.3163506315194,"361","[ { ""name"": ""Andrea Zupancich"", ""votes"": 193, ""votes_pct"": 53.460000, ""party"": ""R"" }, { ""name"": ""Grant Hauschild"", ""votes"": 167, ""votes_pct"": 46.260000, ""party"": ""DFL"" }, { ""name"": ""WRITE-IN"", ""votes"": 1, ""votes_pct"": 0.280000, ""party"": ""WI"" } ]"
"380130","8","3",3A,Lake,Unorg Terr No 2 Prec 4,53.1257451545106,R,"4.50",-4.5,4.17876491622539,"222","[ { ""name"": ""Andrea Zupancich"", ""votes"": 116, ""votes_pct"": 52.250000, ""party"": ""R"" }, { ""name"": ""Grant Hauschild"", ""votes"": 106, ""votes_pct"": 47.750000, ""party"": ""DFL"" }, { ""name"": ""WRITE-IN"", ""votes"": 0, ""votes_pct"": 0, ""party"": ""WI"" } ]"
"380135","8","3",3A,Lake,Unorg Terr No 2 Prec 5,184.96221904609,R,"17.34",-17.34,0.405488214765151,"75","[ { ""name"": ""Andrea Zupancich"", ""votes"": 44, ""votes_pct"": 58.670000, ""party"": ""R"" }, { ""name"": ""Grant Hauschild"", ""votes"": 31, ""votes_pct"": 41.330000, ""party"": ""DFL"" }, { ""name"": ""WRITE-IN"", ""votes"": 0, ""votes_pct"": 0, ""party"": ""WI"" } ]"
"390005","8","2",2A,Lake of the Woods,1-A Baudette Unorg,5.69634670550088,R,"57.26",-57.26,20.5394801350513,"117","[ { ""name"": ""Steve Green"", ""votes"": 92, ""votes_pct"": 78.630000, ""party"": ""R"" }, { ""name"": ""Leonard Alan Roy"", ""votes"": 25, ""votes_pct"": 21.370000, ""party"": ""DFL"" }, { ""name"": ""WRITE-IN"", ""votes"": 0, ""votes_pct"": 0, ""party"": ""WI"" } ]"
"390010","8","2",2A,Lake of the Woods,1-B Baudette City,1.52912302302217,R,"26.44",-26.44,113.790713618389,"174","[ { ""name"": ""Steve Green"", ""votes"": 110, ""votes_pct"": 63.220000, ""party"": ""R"" }, { ""name"": ""Leonard Alan Roy"", ""votes"": 64, ""votes_pct"": 36.780000, ""party"": ""DFL"" }, { ""name"": ""WRITE-IN"", ""votes"": 0, ""votes_pct"": 0, ""party"": ""WI"" } ]"
"390015","8","2",2A,Lake of the Woods,2-A Gudrid Unorg,29.4536752408127,R,"41.30",-41.3,3.12354907317371,"92","[ { ""name"": ""Steve Green"", ""votes"": 65, ""votes_pct"": 70.650000, ""party"": ""R"" }, { ""name"": ""Leonard Alan Roy"", ""votes"": 27, ""votes_pct"": 29.350000, ""party"": ""DFL"" }, { ""name"": ""WRITE-IN"", ""votes"": 0, ""votes_pct"": 0, ""party"": ""WI"" } ]"
"390020","8","2",2A,Lake of the Woods,2-B Baudette City,1.84994734801605,R,"45.68",-45.68,87.5700598580464,"162","[ { ""name"": ""Steve Green"", ""votes"": 118, ""votes_pct"": 72.840000, ""party"": ""R"" }, { ""name"": ""Leonard Alan Roy"", ""votes"": 44, ""votes_pct"": 27.160000, ""party"": ""DFL"" }, { ""name"": ""WRITE-IN"", ""votes"": 0, ""votes_pct"": 0, ""party"": ""WI"" } ]"
"390030","8","2",2A,Lake of the Woods,3-A Unorg,140.048624670926,R,"66.66",-66.66,1.0282143101252,"144","[ { ""name"": ""Steve Green"", ""votes"": 120, ""votes_pct"": 83.330000, ""party"": ""R"" }, { ""name"": ""Leonard Alan Roy"", ""votes"": 24, ""votes_pct"": 16.670000, ""party"": ""DFL"" }, { ""name"": ""WRITE-IN"", ""votes"": 0, ""votes_pct"": 0, ""party"": ""WI"" } ]"
"390031","8","2",2A,Lake of the Woods,3-C S McDougald Unorg,15.9277571395242,R,"30.62",-30.62,3.07639045289107,"49","[ { ""name"": ""Steve Green"", ""votes"": 32, ""votes_pct"": 65.310000, ""party"": ""R"" }, { ""name"": ""Leonard Alan Roy"", ""votes"": 17, ""votes_pct"": 34.690000, ""party"": ""DFL"" }, { ""name"": ""WRITE-IN"", ""votes"": 0, ""votes_pct"": 0, ""party"": ""WI"" } ]"
"390035","8","2",2A,Lake of the Woods,3-D Forest Unorg,537.128925364746,R,"52.18",-52.18,0.0856405191151509,"46","[ { ""name"": ""Steve Green"", ""votes"": 35, ""votes_pct"": 76.090000, ""party"": ""R"" }, { ""name"": ""Leonard Alan Roy"", ""votes"": 11, ""votes_pct"": 23.910000, ""party"": ""DFL"" }, { ""name"": ""WRITE-IN"", ""votes"": 0, ""votes_pct"": 0, ""party"": ""WI"" } ]"
"390040","8","2",2A,Lake of the Woods,4-A Wheeler Unorg,19.6046203730048,R,"43.94",-43.94,8.00831625468178,"157","[ { ""name"": ""Steve Green"", ""votes"": 113, ""votes_pct"": 71.970000, ""party"": ""R"" }, { ""name"": ""Leonard Alan Roy"", ""votes"": 44, ""votes_pct"": 28.030000, ""party"": ""DFL"" }, { ""name"": ""WRITE-IN"", ""votes"": 0, ""votes_pct"": 0, ""party"": ""WI"" } ]"
"390044","8","2",2A,Lake of the Woods,4-B Wabanica Unorg,41.2221636391851,R,"38.50",-38.5,5.4824875758139,"226","[ { ""name"": ""Steve Green"", ""votes"": 156, ""votes_pct"": 69.030000, ""party"": ""R"" }, { ""name"": ""Leonard Alan Roy"", ""votes"": 69, ""votes_pct"": 30.530000, ""party"": ""DFL"" }, { ""name"": ""WRITE-IN"", ""votes"": 1, ""votes_pct"": 0.440000, ""party"": ""WI"" } ]"
"390045","8","2",2A,Lake of the Woods,5-B Zippel Unorg,32.9369853879238,R,"84.84",-84.84,2.00382637398864,"66","[ { ""name"": ""Steve Green"", ""votes"": 61, ""votes_pct"": 92.420000, ""party"": ""R"" }, { ""name"": ""Leonard Alan Roy"", ""votes"": 5, ""votes_pct"": 7.580000, ""party"": ""DFL"" }, { ""name"": ""WRITE-IN"", ""votes"": 0, ""votes_pct"": 0, ""party"": ""WI"" } ]"
"390046","8","2",2A,Lake of the Woods,4-C N McDougald Unorg,19.317881888122,R,"45.61",-45.61,2.95063404622262,"57","[ { ""name"": ""Steve Green"", ""votes"": 41, ""votes_pct"": 71.930000, ""party"": ""R"" }, { ""name"": ""Leonard Alan Roy"", ""votes"": 15, ""votes_pct"": 26.320000, ""party"": ""DFL"" }, { ""name"": ""WRITE-IN"", ""votes"": 1, ""votes_pct"": 1.750000, ""party"": ""WI"" } ]"
"390050","8","2",2A,Lake of the Woods,5-A Unorg,115.415914182812,R,"48.48",-48.48,2.2873795340029,"264","[ { ""name"": ""Steve Green"", ""votes"": 196, ""votes_pct"": 74.240000, ""party"": ""R"" }, { ""name"": ""Leonard Alan Roy"", ""votes"": 68, ""votes_pct"": 25.760000, ""party"": ""DFL"" }, { ""name"": ""WRITE-IN"", ""votes"": 0, ""votes_pct"": 0, ""party"": ""WI"" } ]"
"390055","8","2",2A,Lake of the Woods,3-B Williams City,0.975691720816956,R,"23.80",-23.8,43.0463835081362,"42","[ { ""name"": ""Steve Green"", ""votes"": 26, ""votes_pct"": 61.900000, ""party"": ""R"" }, { ""name"": ""Leonard Alan Roy"", ""votes"": 16, ""votes_pct"": 38.100000, ""party"": ""DFL"" }, { ""name"": ""WRITE-IN"", ""votes"": 0, ""votes_pct"": 0, ""party"": ""WI"" } ]"
"390065","8","2",2A,Lake of the Woods,2-C Unorg,215.767201114436,R,"65.72",-65.72,0.324423729086026,"70","[ { ""name"": ""Steve Green"", ""votes"": 58, ""votes_pct"": 82.860000, ""party"": ""R"" }, { ""name"": ""Leonard Alan Roy"", ""votes"": 12, ""votes_pct"": 17.140000, ""party"": ""DFL"" }, { ""name"": ""WRITE-IN"", ""votes"": 0, ""votes_pct"": 0, ""party"": ""WI"" } ]"
"390070","8","2",2A,Lake of the Woods,5-C Northwest Angle,595.481803274358,R,"71.72",-71.72,0.166251931554636,"99","[ { ""name"": ""Steve Green"", ""votes"": 85, ""votes_pct"": 85.860000, ""party"": ""R"" }, { ""name"": ""Leonard Alan Roy"", ""votes"": 14, ""votes_pct"": 14.140000, ""party"": ""DFL"" }, { ""name"": ""WRITE-IN"", ""votes"": 0, ""votes_pct"": 0, ""party"": ""WI"" } ]"
"390075","8","2",2A,Lake of the Woods,5-D Roosevelt,0.0270087098720353,even,"0.00",0,0,"0","[ { ""name"": ""Steve Green"", ""votes"": 0, ""votes_pct"": 0, ""party"": ""R"" }, { ""name"": ""Leonard Alan Roy"", ""votes"": 0, ""votes_pct"": 0, ""party"": ""DFL"" }, { ""name"": ""WRITE-IN"", ""votes"": 0, ""votes_pct"": 0, ""party"": ""WI"" } ]"
"390080","8","2",2A,Lake of the Woods,3-E Baudette City,0.983231237825694,R,"45.94",-45.94,37.6310257206854,"37","[ { ""name"": ""Steve Green"", ""votes"": 27, ""votes_pct"": 72.970000, ""party"": ""R"" }, { ""name"": ""Leonard Alan Roy"", ""votes"": 10, ""votes_pct"": 27.030000, ""party"": ""DFL"" }, { ""name"": ""WRITE-IN"", ""votes"": 0, ""votes_pct"": 0, ""party"": ""WI"" } ]"
"400005","2","22",22B,Le Sueur,Cleveland,0.557259663056382,R,"94.40",-94.4,513.225734716534,"286","[ { ""name"": ""Rich Draheim"", ""votes"": 278, ""votes_pct"": 97.200000, ""party"": ""R"" }, { ""name"": ""WRITE-IN"", ""votes"": 8, ""votes_pct"": 2.800000, ""party"": ""WI"" } ]"
"400010","2","22",22B,Le Sueur,Cleveland Twp,37.1587880149972,R,"91.72",-91.72,9.09609860966358,"338","[ { ""name"": ""Rich Draheim"", ""votes"": 324, ""votes_pct"": 95.860000, ""party"": ""R"" }, { ""name"": ""WRITE-IN"", ""votes"": 14, ""votes_pct"": 4.140000, ""party"": ""WI"" } ]"
"400015","2","22",22B,Le Sueur,Cordova Twp,36.2594814152314,R,"94.24",-94.24,6.70169540532712,"243","[ { ""name"": ""Rich Draheim"", ""votes"": 236, ""votes_pct"": 97.120000, ""party"": ""R"" }, { ""name"": ""WRITE-IN"", ""votes"": 7, ""votes_pct"": 2.880000, ""party"": ""WI"" } ]"
"400020","2","22",22B,Le Sueur,Derrynane Twp,36.0745671516902,R,"98.24",-98.24,6.29252179369155,"227","[ { ""name"": ""Rich Draheim"", ""votes"": 225, ""votes_pct"": 99.120000, ""party"": ""R"" }, { ""name"": ""WRITE-IN"", ""votes"": 2, ""votes_pct"": 0.880000, ""party"": ""WI"" } ]"
"400025","2","22",22B,Le Sueur,Elysian,1.45406830854414,R,"94.32",-94.32,242.079411215856,"352","[ { ""name"": ""Rich Draheim"", ""votes"": 342, ""votes_pct"": 97.160000, ""party"": ""R"" }, { ""name"": ""WRITE-IN"", ""votes"": 10, ""votes_pct"": 2.840000, ""party"": ""WI"" } ]"
"400030","2","22",22B,Le Sueur,Elysian Twp,34.7257485396221,R,"95.12",-95.12,14.1393640352999,"491","[ { ""name"": ""Rich Draheim"", ""votes"": 479, ""votes_pct"": 97.560000, ""party"": ""R"" }, { ""name"": ""WRITE-IN"", ""votes"": 12, ""votes_pct"": 2.440000, ""party"": ""WI"" } ]"
"400035","2","22",22B,Le Sueur,Heidelberg,0.529333161372873,R,"96.88",-96.88,120.906840285635,"64","[ { ""name"": ""Rich Draheim"", ""votes"": 63, ""votes_pct"": 98.440000, ""party"": ""R"" }, { ""name"": ""WRITE-IN"", ""votes"": 1, ""votes_pct"": 1.560000, ""party"": ""WI"" } ]"
"400040","2","18",18A,Le Sueur,Kasota,1.26239206639432,R,"13.07",-13.07,224.177581223489,"283","[ { ""name"": ""Mark Wright"", ""votes"": 159, ""votes_pct"": 56.180000, ""party"": ""R"" }, { ""name"": ""Nick Frentz"", ""votes"": 122, ""votes_pct"": 43.110000, ""party"": ""DFL"" }, { ""name"": ""WRITE-IN"", ""votes"": 2, ""votes_pct"": 0.710000, ""party"": ""WI"" } ]"
"400045","2","18",18A,Le Sueur,Kasota Twp P-1,9.20649303129699,DFL,"2.15",2.15,25.1996063225517,"232","[ { ""name"": ""Nick Frentz"", ""votes"": 118, ""votes_pct"": 50.860000, ""party"": ""DFL"" }, { ""name"": ""Mark Wright"", ""votes"": 113, ""votes_pct"": 48.710000, ""party"": ""R"" }, { ""name"": ""WRITE-IN"", ""votes"": 1, ""votes_pct"": 0.430000, ""party"": ""WI"" } ]"
"400047","2","22",22B,Le Sueur,Kasota Twp P-2,29.8829623917568,R,"89.88",-89.88,15.8618812213462,"474","[ { ""name"": ""Rich Draheim"", ""votes"": 450, ""votes_pct"": 94.940000, ""party"": ""R"" }, { ""name"": ""WRITE-IN"", ""votes"": 24, ""votes_pct"": 5.060000, ""party"": ""WI"" } ]"
"400050","2","22",22B,Le Sueur,Kilkenny,0.143764158169675,R,"85.36",-85.36,285.189302549322,"41","[ { ""name"": ""Rich Draheim"", ""votes"": 38, ""votes_pct"": 92.680000, ""party"": ""R"" }, { ""name"": ""WRITE-IN"", ""votes"": 3, ""votes_pct"": 7.320000, ""party"": ""WI"" } ]"
"400055","2","22",22B,Le Sueur,Kilkenny Twp,36.0334622688569,R,"95.68",-95.68,5.13411668908353,"185","[ { ""name"": ""Rich Draheim"", ""votes"": 181, ""votes_pct"": 97.840000, ""party"": ""R"" }, { ""name"": ""WRITE-IN"", ""votes"": 4, ""votes_pct"": 2.160000, ""party"": ""WI"" } ]"
"400062","2","22",22B,Le Sueur,Lanesburgh Twp,33.5022576531142,R,"94.38",-94.38,23.4014079921901,"784","[ { ""name"": ""Rich Draheim"", ""votes"": 762, ""votes_pct"": 97.190000, ""party"": ""R"" }, { ""name"": ""WRITE-IN"", ""votes"": 22, ""votes_pct"": 2.810000, ""party"": ""WI"" } ]"
"400065","2","22",22B,Le Sueur,Le Center,1.67523100287929,R,"97.12",-97.12,414.868157767779,"695","[ { ""name"": ""Rich Draheim"", ""votes"": 685, ""votes_pct"": 98.560000, ""party"": ""R"" }, { ""name"": ""WRITE-IN"", ""votes"": 10, ""votes_pct"": 1.440000, ""party"": ""WI"" } ]"
"400075","2","22",22B,Le Sueur,Le Sueur,4.76240653048446,R,"91.24",-91.24,249.033758963738,"1186","[ { ""name"": ""Rich Draheim"", ""votes"": 1134, ""votes_pct"": 95.620000, ""party"": ""R"" }, { ""name"": ""WRITE-IN"", ""votes"": 52, ""votes_pct"": 4.380000, ""party"": ""WI"" } ]"
"400085","2","22",22B,Le Sueur,Lexington Twp,34.5712959624532,R,"96.60",-96.6,10.2107829681416,"353","[ { ""name"": ""Rich Draheim"", ""votes"": 347, ""votes_pct"": 98.300000, ""party"": ""R"" }, { ""name"": ""WRITE-IN"", ""votes"": 6, ""votes_pct"": 1.700000, ""party"": ""WI"" } ]"
"400087","2","18",18A,Le Sueur,Mankato W-2 P-101,0.0284868231322604,even,"0.00",0,0,"0","[ { ""name"": ""Mark Wright"", ""votes"": 0, ""votes_pct"": 0, ""party"": ""R"" }, { ""name"": ""Nick Frentz"", ""votes"": 0, ""votes_pct"": 0, ""party"": ""DFL"" }, { ""name"": ""WRITE-IN"", ""votes"": 0, ""votes_pct"": 0, ""party"": ""WI"" } ]"
"400090","2","22",22B,Le Sueur,Montgomery,2.50215404976623,R,"92.26",-92.26,443.61777009841,"1110","[ { ""name"": ""Rich Draheim"", ""votes"": 1067, ""votes_pct"": 96.130000, ""party"": ""R"" }, { ""name"": ""WRITE-IN"", ""votes"": 43, ""votes_pct"": 3.870000, ""party"": ""WI"" } ]"
"400100","2","22",22B,Le Sueur,Montgomery Twp,33.9491015083549,R,"98.06",-98.06,9.10186091151646,"309","[ { ""name"": ""Rich Draheim"", ""votes"": 306, ""votes_pct"": 99.030000, ""party"": ""R"" }, { ""name"": ""WRITE-IN"", ""votes"": 3, ""votes_pct"": 0.970000, ""party"": ""WI"" } ]"
"400105","2","22",22B,Le Sueur,New Prague,1.65538340405509,R,"94.14",-94.14,784.108380463623,"1298","[ { ""name"": ""Rich Draheim"", ""votes"": 1260, ""votes_pct"": 97.070000, ""party"": ""R"" }, { ""name"": ""WRITE-IN"", ""votes"": 38, ""votes_pct"": 2.930000, ""party"": ""WI"" } ]"
"400110","2","22",22B,Le Sueur,Ottawa Twp,15.1918026280277,R,"91.18",-91.18,8.95219634759408,"136","[ { ""name"": ""Rich Draheim"", ""votes"": 130, ""votes_pct"": 95.590000, ""party"": ""R"" }, { ""name"": ""WRITE-IN"", ""votes"": 6, ""votes_pct"": 4.410000, ""party"": ""WI"" } ]"
"400115","2","22",22B,Le Sueur,Sharon Twp,35.7777154012064,R,"96.24",-96.24,7.43479557084942,"266","[ { ""name"": ""Rich Draheim"", ""votes"": 261, ""votes_pct"": 98.120000, ""party"": ""R"" }, { ""name"": ""WRITE-IN"", ""votes"": 5, ""votes_pct"": 1.880000, ""party"": ""WI"" } ]"
"400120","2","22",22B,Le Sueur,Tyrone Twp,35.6077457971607,R,"91.66",-91.66,6.06609587785879,"216","[ { ""name"": ""Rich Draheim"", ""votes"": 207, ""votes_pct"": 95.830000, ""party"": ""R"" }, { ""name"": ""WRITE-IN"", ""votes"": 9, ""votes_pct"": 4.170000, ""party"": ""WI"" } ]"
"400125","2","22",22B,Le Sueur,Washington Twp,15.0532436875135,R,"93.86",-93.86,28.1666867820458,"424","[ { ""name"": ""Rich Draheim"", ""votes"": 411, ""votes_pct"": 96.930000, ""party"": ""R"" }, { ""name"": ""WRITE-IN"", ""votes"": 13, ""votes_pct"": 3.070000, ""party"": ""WI"" } ]"
"400130","2","22",22B,Le Sueur,Waterville,2.35894503834218,R,"93.12",-93.12,258.590170641999,"610","[ { ""name"": ""Rich Draheim"", ""votes"": 589, ""votes_pct"": 96.560000, ""party"": ""R"" }, { ""name"": ""WRITE-IN"", ""votes"": 21, ""votes_pct"": 3.440000, ""party"": ""WI"" } ]"
"400140","2","22",22B,Le Sueur,Waterville Twp,33.6513766515241,R,"94.32",-94.32,9.42011981508766,"317","[ { ""name"": ""Rich Draheim"", ""votes"": 308, ""votes_pct"": 97.160000, ""party"": ""R"" }, { ""name"": ""WRITE-IN"", ""votes"": 9, ""votes_pct"": 2.840000, ""party"": ""WI"" } ]"
"410005","7","21",21A,Lincoln,Alta Vista Twp,36.4444322025198,R,"100.00",-100,2.08536655414665,"76","[ { ""name"": ""Bill Weber"", ""votes"": 76, ""votes_pct"": 100, ""party"": ""R"" }, { ""name"": ""WRITE-IN"", ""votes"": 0, ""votes_pct"": 0, ""party"": ""WI"" } ]"
"410010","7","21",21A,Lincoln,Arco,0.355377247953671,R,"87.50",-87.5,90.0451567573952,"32","[ { ""name"": ""Bill Weber"", ""votes"": 30, ""votes_pct"": 93.750000, ""party"": ""R"" }, { ""name"": ""WRITE-IN"", ""votes"": 2, ""votes_pct"": 6.250000, ""party"": ""WI"" } ]"
"410015","7","21",21A,Lincoln,Ash Lake Twp,36.7223691257023,R,"91.42",-91.42,1.90619509760895,"70","[ { ""name"": ""Bill Weber"", ""votes"": 67, ""votes_pct"": 95.710000, ""party"": ""R"" }, { ""name"": ""WRITE-IN"", ""votes"": 3, ""votes_pct"": 4.290000, ""party"": ""WI"" } ]"
"410020","7","21",21A,Lincoln,Diamond Lake Twp,35.0265869178182,R,"94.88",-94.88,2.22687983225454,"78","[ { ""name"": ""Bill Weber"", ""votes"": 76, ""votes_pct"": 97.440000, ""party"": ""R"" }, { ""name"": ""WRITE-IN"", ""votes"": 2, ""votes_pct"": 2.560000, ""party"": ""WI"" } ]"
"410025","7","21",21A,Lincoln,Drammen Twp,38.6873803982952,R,"95.56",-95.56,1.16316999333413,"45","[ { ""name"": ""Bill Weber"", ""votes"": 44, ""votes_pct"": 97.780000, ""party"": ""R"" }, { ""name"": ""WRITE-IN"", ""votes"": 1, ""votes_pct"": 2.220000, ""party"": ""WI"" } ]"
"410030","7","21",21A,Lincoln,Hansonville Twp,33.7826571929847,R,"100.00",-100,1.03603454873491,"35","[ { ""name"": ""Bill Weber"", ""votes"": 35, ""votes_pct"": 100, ""party"": ""R"" }, { ""name"": ""WRITE-IN"", ""votes"": 0, ""votes_pct"": 0, ""party"": ""WI"" } ]"
"410035","7","21",21A,Lincoln,Hendricks,1.10597977271024,R,"90.04",-90.04,199.822822671008,"221","[ { ""name"": ""Bill Weber"", ""votes"": 210, ""votes_pct"": 95.020000, ""party"": ""R"" }, { ""name"": ""WRITE-IN"", ""votes"": 11, ""votes_pct"": 4.980000, ""party"": ""WI"" } ]"
"410040","7","21",21A,Lincoln,Hendricks Twp,36.3257746764284,R,"92.80",-92.8,3.05568156463921,"111","[ { ""name"": ""Bill Weber"", ""votes"": 107, ""votes_pct"": 96.400000, ""party"": ""R"" }, { ""name"": ""WRITE-IN"", ""votes"": 4, ""votes_pct"": 3.600000, ""party"": ""WI"" } ]"
"410045","7","21",21A,Lincoln,Hope Twp,34.7820307798649,R,"93.16",-93.16,3.36380588990021,"117","[ { ""name"": ""Bill Weber"", ""votes"": 113, ""votes_pct"": 96.580000, ""party"": ""R"" }, { ""name"": ""WRITE-IN"", ""votes"": 4, ""votes_pct"": 3.420000, ""party"": ""WI"" } ]"
"410050","7","21",21A,Lincoln,Ivanhoe,0.655370772705792,R,"100.00",-100,309.748326373917,"203","[ { ""name"": ""Bill Weber"", ""votes"": 203, ""votes_pct"": 100, ""party"": ""R"" }, { ""name"": ""WRITE-IN"", ""votes"": 0, ""votes_pct"": 0, ""party"": ""WI"" } ]"
"410055","7","21",21A,Lincoln,Lake Benton,4.18509958041747,R,"96.70",-96.7,43.4876151696838,"182","[ { ""name"": ""Bill Weber"", ""votes"": 179, ""votes_pct"": 98.350000, ""party"": ""R"" }, { ""name"": ""WRITE-IN"", ""votes"": 3, ""votes_pct"": 1.650000, ""party"": ""WI"" } ]"
"410060","7","21",21A,Lincoln,Lake Benton Twp,34.2739108158232,R,"97.70",-97.7,2.53837388057375,"87","[ { ""name"": ""Bill Weber"", ""votes"": 86, ""votes_pct"": 98.850000, ""party"": ""R"" }, { ""name"": ""WRITE-IN"", ""votes"": 1, ""votes_pct"": 1.150000, ""party"": ""WI"" } ]"
"410065","7","21",21A,Lincoln,Lake Stay Twp,36.0795189810627,R,"96.42",-96.42,1.55212712313025,"56","[ { ""name"": ""Bill Weber"", ""votes"": 55, ""votes_pct"": 98.210000, ""party"": ""R"" }, { ""name"": ""WRITE-IN"", ""votes"": 1, ""votes_pct"": 1.790000, ""party"": ""WI"" } ]"
"410070","7","21",21A,Lincoln,Limestone Twp,34.6126962386205,R,"97.10",-97.1,1.99348815603133,"69","[ { ""name"": ""Bill Weber"", ""votes"": 68, ""votes_pct"": 98.550000, ""party"": ""R"" }, { ""name"": ""WRITE-IN"", ""votes"": 1, ""votes_pct"": 1.450000, ""party"": ""WI"" } ]"
"410075","7","21",21A,Lincoln,Marble Twp,36.5717084482164,R,"97.26",-97.26,1.99607847424914,"73","[ { ""name"": ""Bill Weber"", ""votes"": 72, ""votes_pct"": 98.630000, ""party"": ""R"" }, { ""name"": ""WRITE-IN"", ""votes"": 1, ""votes_pct"": 1.370000, ""party"": ""WI"" } ]"
"410080","7","21",21A,Lincoln,Marshfield Twp,36.0760667906153,R,"97.80",-97.8,2.52244793004077,"91","[ { ""name"": ""Bill Weber"", ""votes"": 90, ""votes_pct"": 98.900000, ""party"": ""R"" }, { ""name"": ""WRITE-IN"", ""votes"": 1, ""votes_pct"": 1.100000, ""party"": ""WI"" } ]"
"410085","7","21",21A,Lincoln,Royal Twp,34.2131580774255,R,"92.10",-92.1,2.22136757524721,"76","[ { ""name"": ""Bill Weber"", ""votes"": 73, ""votes_pct"": 96.050000, ""party"": ""R"" }, { ""name"": ""WRITE-IN"", ""votes"": 3, ""votes_pct"": 3.950000, ""party"": ""WI"" } ]"
"410090","7","21",21A,Lincoln,Shaokatan Twp,38.4103373026745,R,"91.84",-91.84,2.55139649589009,"98","[ { ""name"": ""Bill Weber"", ""votes"": 94, ""votes_pct"": 95.920000, ""party"": ""R"" }, { ""name"": ""WRITE-IN"", ""votes"": 4, ""votes_pct"": 4.080000, ""party"": ""WI"" } ]"
"410095","7","21",21A,Lincoln,Tyler,1.99940593181215,R,"96.58",-96.58,204.560761520451,"409","[ { ""name"": ""Bill Weber"", ""votes"": 402, ""votes_pct"": 98.290000, ""party"": ""R"" }, { ""name"": ""WRITE-IN"", ""votes"": 7, ""votes_pct"": 1.710000, ""party"": ""WI"" } ]"
"410100","7","21",21A,Lincoln,Verdi Twp,38.6011158849073,R,"100.00",-100,1.16576940765577,"45","[ { ""name"": ""Bill Weber"", ""votes"": 45, ""votes_pct"": 100, ""party"": ""R"" }, { ""name"": ""WRITE-IN"", ""votes"": 0, ""votes_pct"": 0, ""party"": ""WI"" } ]"
"420005","7","15",15A,Lyon,Amiret Twp,36.3036663767992,R,"82.52",-82.52,2.83717900365635,"103","[ { ""name"": ""Gary Dahms"", ""votes"": 94, ""votes_pct"": 91.260000, ""party"": ""R"" }, { ""name"": ""Anita Gaul"", ""votes"": 9, ""votes_pct"": 8.740000, ""party"": ""DFL"" }, { ""name"": ""WRITE-IN"", ""votes"": 0, ""votes_pct"": 0, ""party"": ""WI"" } ]"
"420010","7","15",15A,Lyon,Balaton,1.58654210149492,R,"31.16",-31.16,173.963237244028,"276","[ { ""name"": ""Gary Dahms"", ""votes"": 181, ""votes_pct"": 65.580000, ""party"": ""R"" }, { ""name"": ""Anita Gaul"", ""votes"": 95, ""votes_pct"": 34.420000, ""party"": ""DFL"" }, { ""name"": ""WRITE-IN"", ""votes"": 0, ""votes_pct"": 0, ""party"": ""WI"" } ]"
"420015","7","15",15A,Lyon,Clifton Twp,36.1556929991357,R,"57.90",-57.9,3.6785354937929,"133","[ { ""name"": ""Gary Dahms"", ""votes"": 105, ""votes_pct"": 78.950000, ""party"": ""R"" }, { ""name"": ""Anita Gaul"", ""votes"": 28, ""votes_pct"": 21.050000, ""party"": ""DFL"" }, { ""name"": ""WRITE-IN"", ""votes"": 0, ""votes_pct"": 0, ""party"": ""WI"" } ]"
"420020","7","15",15A,Lyon,Coon Creek Twp,36.4307010156718,R,"47.46",-47.46,3.23902633521212,"118","[ { ""name"": ""Gary Dahms"", ""votes"": 87, ""votes_pct"": 73.730000, ""party"": ""R"" }, { ""name"": ""Anita Gaul"", ""votes"": 31, ""votes_pct"": 26.270000, ""party"": ""DFL"" }, { ""name"": ""WRITE-IN"", ""votes"": 0, ""votes_pct"": 0, ""party"": ""WI"" } ]"
"420025","7","15",15A,Lyon,Cottonwood,1.53425412479453,R,"43.31",-43.31,331.105513611072,"508","[ { ""name"": ""Gary Dahms"", ""votes"": 363, ""votes_pct"": 71.460000, ""party"": ""R"" }, { ""name"": ""Anita Gaul"", ""votes"": 143, ""votes_pct"": 28.150000, ""party"": ""DFL"" }, { ""name"": ""WRITE-IN"", ""votes"": 2, ""votes_pct"": 0.390000, ""party"": ""WI"" } ]"
"420030","7","15",15A,Lyon,Custer Twp,35.8835504861434,R,"34.02",-34.02,2.7031884717611,"97","[ { ""name"": ""Gary Dahms"", ""votes"": 65, ""votes_pct"": 67.010000, ""party"": ""R"" }, { ""name"": ""Anita Gaul"", ""votes"": 32, ""votes_pct"": 32.990000, ""party"": ""DFL"" }, { ""name"": ""WRITE-IN"", ""votes"": 0, ""votes_pct"": 0, ""party"": ""WI"" } ]"
"420035","7","15",15A,Lyon,Eidsvold Twp,33.6827316054586,R,"68.14",-68.14,2.70168111856024,"91","[ { ""name"": ""Gary Dahms"", ""votes"": 76, ""votes_pct"": 83.520000, ""party"": ""R"" }, { ""name"": ""Anita Gaul"", ""votes"": 14, ""votes_pct"": 15.380000, ""party"": ""DFL"" }, { ""name"": ""WRITE-IN"", ""votes"": 1, ""votes_pct"": 1.100000, ""party"": ""WI"" } ]"
"420040","7","15",15A,Lyon,Fairview Twp,32.538262444871,R,"64.84",-64.84,5.59341483917155,"182","[ { ""name"": ""Gary Dahms"", ""votes"": 150, ""votes_pct"": 82.420000, ""party"": ""R"" }, { ""name"": ""Anita Gaul"", ""votes"": 32, ""votes_pct"": 17.580000, ""party"": ""DFL"" }, { ""name"": ""WRITE-IN"", ""votes"": 0, ""votes_pct"": 0, ""party"": ""WI"" } ]"
"420045","7","15",15A,Lyon,Florence,0.100859334412765,R,"14.28",-14.28,138.807182116681,"14","[ { ""name"": ""Gary Dahms"", ""votes"": 8, ""votes_pct"": 57.140000, ""party"": ""R"" }, { ""name"": ""Anita Gaul"", ""votes"": 6, ""votes_pct"": 42.860000, ""party"": ""DFL"" }, { ""name"": ""WRITE-IN"", ""votes"": 0, ""votes_pct"": 0, ""party"": ""WI"" } ]"
"420050","7","15",15A,Lyon,Garvin,0.290354257339661,R,"19.04",-19.04,144.650884009143,"42","[ { ""name"": ""Gary Dahms"", ""votes"": 25, ""votes_pct"": 59.520000, ""party"": ""R"" }, { ""name"": ""Anita Gaul"", ""votes"": 17, ""votes_pct"": 40.480000, ""party"": ""DFL"" }, { ""name"": ""WRITE-IN"", ""votes"": 0, ""votes_pct"": 0, ""party"": ""WI"" } ]"
"420055","7","15",15A,Lyon,Ghent,0.321622854044006,R,"40.00",-40,497.477085313434,"160","[ { ""name"": ""Gary Dahms"", ""votes"": 112, ""votes_pct"": 70, ""party"": ""R"" }, { ""name"": ""Anita Gaul"", ""votes"": 48, ""votes_pct"": 30, ""party"": ""DFL"" }, { ""name"": ""WRITE-IN"", ""votes"": 0, ""votes_pct"": 0, ""party"": ""WI"" } ]"
"420060","7","15",15A,Lyon,Grandview Twp,35.1776051088076,R,"69.86",-69.86,4.15036781351114,"146","[ { ""name"": ""Gary Dahms"", ""votes"": 124, ""votes_pct"": 84.930000, ""party"": ""R"" }, { ""name"": ""Anita Gaul"", ""votes"": 22, ""votes_pct"": 15.070000, ""party"": ""DFL"" }, { ""name"": ""WRITE-IN"", ""votes"": 0, ""votes_pct"": 0, ""party"": ""WI"" } ]"
"420065","7","15",15A,Lyon,Island Lake Twp,36.233067505236,R,"67.68",-67.68,2.73231075413898,"99","[ { ""name"": ""Gary Dahms"", ""votes"": 83, ""votes_pct"": 83.840000, ""party"": ""R"" }, { ""name"": ""Anita Gaul"", ""votes"": 16, ""votes_pct"": 16.160000, ""party"": ""DFL"" }, { ""name"": ""WRITE-IN"", ""votes"": 0, ""votes_pct"": 0, ""party"": ""WI"" } ]"
"420070","7","15",15A,Lyon,Lake Marshall Twp,28.6692823058242,R,"49.84",-49.84,10.2897588036262,"295","[ { ""name"": ""Gary Dahms"", ""votes"": 221, ""votes_pct"": 74.920000, ""party"": ""R"" }, { ""name"": ""Anita Gaul"", ""votes"": 74, ""votes_pct"": 25.080000, ""party"": ""DFL"" }, { ""name"": ""WRITE-IN"", ""votes"": 0, ""votes_pct"": 0, ""party"": ""WI"" } ]"
"420075","7","15",15A,Lyon,Lucas Twp,35.0100264193594,R,"54.72",-54.72,3.02770408483284,"106","[ { ""name"": ""Gary Dahms"", ""votes"": 82, ""votes_pct"": 77.360000, ""party"": ""R"" }, { ""name"": ""Anita Gaul"", ""votes"": 24, ""votes_pct"": 22.640000, ""party"": ""DFL"" }, { ""name"": ""WRITE-IN"", ""votes"": 0, ""votes_pct"": 0, ""party"": ""WI"" } ]"
"420080","7","15",15A,Lyon,Lynd,1.13917085674306,R,"41.40",-41.4,137.819536964692,"157","[ { ""name"": ""Gary Dahms"", ""votes"": 111, ""votes_pct"": 70.700000, ""party"": ""R"" }, { ""name"": ""Anita Gaul"", ""votes"": 46, ""votes_pct"": 29.300000, ""party"": ""DFL"" }, { ""name"": ""WRITE-IN"", ""votes"": 0, ""votes_pct"": 0, ""party"": ""WI"" } ]"
"420085","7","15",15A,Lyon,Lynd Twp,35.2133551187332,R,"42.72",-42.72,6.24762960695449,"220","[ { ""name"": ""Gary Dahms"", ""votes"": 157, ""votes_pct"": 71.360000, ""party"": ""R"" }, { ""name"": ""Anita Gaul"", ""votes"": 63, ""votes_pct"": 28.640000, ""party"": ""DFL"" }, { ""name"": ""WRITE-IN"", ""votes"": 0, ""votes_pct"": 0, ""party"": ""WI"" } ]"
"420090","7","15",15A,Lyon,Lyons Twp,35.4786019763818,R,"79.24",-79.24,2.98771637254941,"106","[ { ""name"": ""Gary Dahms"", ""votes"": 95, ""votes_pct"": 89.620000, ""party"": ""R"" }, { ""name"": ""Anita Gaul"", ""votes"": 11, ""votes_pct"": 10.380000, ""party"": ""DFL"" }, { ""name"": ""WRITE-IN"", ""votes"": 0, ""votes_pct"": 0, ""party"": ""WI"" } ]"
"420095","7","15",15A,Lyon,Marshall W-1,2.7522741441787,R,"23.36",-23.36,439.999773482365,"1211","[ { ""name"": ""Gary Dahms"", ""votes"": 747, ""votes_pct"": 61.680000, ""party"": ""R"" }, { ""name"": ""Anita Gaul"", ""votes"": 464, ""votes_pct"": 38.320000, ""party"": ""DFL"" }, { ""name"": ""WRITE-IN"", ""votes"": 0, ""votes_pct"": 0, ""party"": ""WI"" } ]"
"420105","7","15",15A,Lyon,Marshall W-2,2.0681685356904,R,"28.25",-28.25,910.467385759456,"1883","[ { ""name"": ""Gary Dahms"", ""votes"": 1207, ""votes_pct"": 64.100000, ""party"": ""R"" }, { ""name"": ""Anita Gaul"", ""votes"": 675, ""votes_pct"": 35.850000, ""party"": ""DFL"" }, { ""name"": ""WRITE-IN"", ""votes"": 1, ""votes_pct"": 0.050000, ""party"": ""WI"" } ]"
"420115","7","15",15A,Lyon,Marshall W-3,5.46254786559339,R,"20.45",-20.45,263.064056436218,"1437","[ { ""name"": ""Gary Dahms"", ""votes"": 865, ""votes_pct"": 60.190000, ""party"": ""R"" }, { ""name"": ""Anita Gaul"", ""votes"": 571, ""votes_pct"": 39.740000, ""party"": ""DFL"" }, { ""name"": ""WRITE-IN"", ""votes"": 1, ""votes_pct"": 0.070000, ""party"": ""WI"" } ]"
"420125","7","15",15A,Lyon,Minneota,1.41744899218666,R,"44.48",-44.48,402.836365292507,"571","[ { ""name"": ""Gary Dahms"", ""votes"": 412, ""votes_pct"": 72.150000, ""party"": ""R"" }, { ""name"": ""Anita Gaul"", ""votes"": 158, ""votes_pct"": 27.670000, ""party"": ""DFL"" }, { ""name"": ""WRITE-IN"", ""votes"": 1, ""votes_pct"": 0.180000, ""party"": ""WI"" } ]"
"420130","7","15",15A,Lyon,Monroe Twp,33.9772483527563,R,"61.80",-61.8,2.61939987240845,"89","[ { ""name"": ""Gary Dahms"", ""votes"": 72, ""votes_pct"": 80.900000, ""party"": ""R"" }, { ""name"": ""Anita Gaul"", ""votes"": 17, ""votes_pct"": 19.100000, ""party"": ""DFL"" }, { ""name"": ""WRITE-IN"", ""votes"": 0, ""votes_pct"": 0, ""party"": ""WI"" } ]"
"420135","7","15",15A,Lyon,Nordland Twp,35.2443562384271,R,"46.42",-46.42,3.17781375384823,"112","[ { ""name"": ""Gary Dahms"", ""votes"": 82, ""votes_pct"": 73.210000, ""party"": ""R"" }, { ""name"": ""Anita Gaul"", ""votes"": 30, ""votes_pct"": 26.790000, ""party"": ""DFL"" }, { ""name"": ""WRITE-IN"", ""votes"": 0, ""votes_pct"": 0, ""party"": ""WI"" } ]"
"420140","7","15",15A,Lyon,Rock Lake Twp,34.527335059696,R,"73.98",-73.98,3.56239483259681,"123","[ { ""name"": ""Gary Dahms"", ""votes"": 107, ""votes_pct"": 86.990000, ""party"": ""R"" }, { ""name"": ""Anita Gaul"", ""votes"": 16, ""votes_pct"": 13.010000, ""party"": ""DFL"" }, { ""name"": ""WRITE-IN"", ""votes"": 0, ""votes_pct"": 0, ""party"": ""WI"" } ]"
"420145","7","15",15A,Lyon,Russell,0.980674056537318,R,"52.26",-52.26,158.054553362299,"155","[ { ""name"": ""Gary Dahms"", ""votes"": 118, ""votes_pct"": 76.130000, ""party"": ""R"" }, { ""name"": ""Anita Gaul"", ""votes"": 37, ""votes_pct"": 23.870000, ""party"": ""DFL"" }, { ""name"": ""WRITE-IN"", ""votes"": 0, ""votes_pct"": 0, ""party"": ""WI"" } ]"
"420150","7","15",15A,Lyon,Shelburne Twp,36.0736924891672,R,"60.44",-60.44,2.5226139527393,"91","[ { ""name"": ""Gary Dahms"", ""votes"": 73, ""votes_pct"": 80.220000, ""party"": ""R"" }, { ""name"": ""Anita Gaul"", ""votes"": 18, ""votes_pct"": 19.780000, ""party"": ""DFL"" }, { ""name"": ""WRITE-IN"", ""votes"": 0, ""votes_pct"": 0, ""party"": ""WI"" } ]"
"420155","7","15",15A,Lyon,Sodus Twp,36.3441112636516,R,"68.84",-68.84,4.23727516358388,"154","[ { ""name"": ""Gary Dahms"", ""votes"": 130, ""votes_pct"": 84.420000, ""party"": ""R"" }, { ""name"": ""Anita Gaul"", ""votes"": 24, ""votes_pct"": 15.580000, ""party"": ""DFL"" }, { ""name"": ""WRITE-IN"", ""votes"": 0, ""votes_pct"": 0, ""party"": ""WI"" } ]"
"420160","7","15",15A,Lyon,Stanley Twp,35.23469729353,R,"69.36",-69.36,3.15030377798598,"111","[ { ""name"": ""Gary Dahms"", ""votes"": 94, ""votes_pct"": 84.680000, ""party"": ""R"" }, { ""name"": ""Anita Gaul"", ""votes"": 17, ""votes_pct"": 15.320000, ""party"": ""DFL"" }, { ""name"": ""WRITE-IN"", ""votes"": 0, ""votes_pct"": 0, ""party"": ""WI"" } ]"
"420165","7","15",15A,Lyon,Taunton,1.00640428188815,R,"25.00",-25,47.6945506530891,"48","[ { ""name"": ""Gary Dahms"", ""votes"": 30, ""votes_pct"": 62.500000, ""party"": ""R"" }, { ""name"": ""Anita Gaul"", ""votes"": 18, ""votes_pct"": 37.500000, ""party"": ""DFL"" }, { ""name"": ""WRITE-IN"", ""votes"": 0, ""votes_pct"": 0, ""party"": ""WI"" } ]"
"420170","7","15",15A,Lyon,Tracy,2.45227203184135,R,"29.78",-29.78,275.254943674891,"675","[ { ""name"": ""Gary Dahms"", ""votes"": 438, ""votes_pct"": 64.890000, ""party"": ""R"" }, { ""name"": ""Anita Gaul"", ""votes"": 237, ""votes_pct"": 35.110000, ""party"": ""DFL"" }, { ""name"": ""WRITE-IN"", ""votes"": 0, ""votes_pct"": 0, ""party"": ""WI"" } ]"
"420180","7","15",15A,Lyon,Vallers Twp,36.4563683724369,R,"59.64",-59.64,3.12702567725288,"114","[ { ""name"": ""Gary Dahms"", ""votes"": 91, ""votes_pct"": 79.820000, ""party"": ""R"" }, { ""name"": ""Anita Gaul"", ""votes"": 23, ""votes_pct"": 20.180000, ""party"": ""DFL"" }, { ""name"": ""WRITE-IN"", ""votes"": 0, ""votes_pct"": 0, ""party"": ""WI"" } ]"
"420185","7","15",15A,Lyon,Westerheim Twp,36.3017067547048,R,"44.36",-44.36,3.66373958389058,"133","[ { ""name"": ""Gary Dahms"", ""votes"": 96, ""votes_pct"": 72.180000, ""party"": ""R"" }, { ""name"": ""Anita Gaul"", ""votes"": 37, ""votes_pct"": 27.820000, ""party"": ""DFL"" }, { ""name"": ""WRITE-IN"", ""votes"": 0, ""votes_pct"": 0, ""party"": ""WI"" } ]"
"430005","7","17",17A,McLeod,Acoma Twp,34.7903950167517,R,"45.80",-45.8,19.2007017936519,"668","[ { ""name"": ""Glenn Gruenhagen"", ""votes"": 487, ""votes_pct"": 72.900000, ""party"": ""R"" }, { ""name"": ""Chad Tschimperle"", ""votes"": 181, ""votes_pct"": 27.100000, ""party"": ""DFL"" }, { ""name"": ""WRITE-IN"", ""votes"": 0, ""votes_pct"": 0, ""party"": ""WI"" } ]"
"430010","7","17",17B,McLeod,Bergen Twp,35.0632193811857,R,"66.26",-66.26,13.8606781857795,"486","[ { ""name"": ""Glenn Gruenhagen"", ""votes"": 404, ""votes_pct"": 83.130000, ""party"": ""R"" }, { ""name"": ""Chad Tschimperle"", ""votes"": 82, ""votes_pct"": 16.870000, ""party"": ""DFL"" }, { ""name"": ""WRITE-IN"", ""votes"": 0, ""votes_pct"": 0, ""party"": ""WI"" } ]"
"430015","7","17",17A,McLeod,Biscay,0.0750317267531403,R,"35.00",-35,533.107816265549,"40","[ { ""name"": ""Glenn Gruenhagen"", ""votes"": 27, ""votes_pct"": 67.500000, ""party"": ""R"" }, { ""name"": ""Chad Tschimperle"", ""votes"": 13, ""votes_pct"": 32.500000, ""party"": ""DFL"" }, { ""name"": ""WRITE-IN"", ""votes"": 0, ""votes_pct"": 0, ""party"": ""WI"" } ]"
"430020","7","17",17A,McLeod,Brownton,0.390414800021103,R,"53.84",-53.84,865.745868193855,"338","[ { ""name"": ""Glenn Gruenhagen"", ""votes"": 260, ""votes_pct"": 76.920000, ""party"": ""R"" }, { ""name"": ""Chad Tschimperle"", ""votes"": 78, ""votes_pct"": 23.080000, ""party"": ""DFL"" }, { ""name"": ""WRITE-IN"", ""votes"": 0, ""votes_pct"": 0, ""party"": ""WI"" } ]"
"430025","7","17",17A,McLeod,Collins Twp,35.5697784267497,R,"45.49",-45.49,7.16900726624238,"255","[ { ""name"": ""Glenn Gruenhagen"", ""votes"": 185, ""votes_pct"": 72.550000, ""party"": ""R"" }, { ""name"": ""Chad Tschimperle"", ""votes"": 69, ""votes_pct"": 27.060000, ""party"": ""DFL"" }, { ""name"": ""WRITE-IN"", ""votes"": 1, ""votes_pct"": 0.390000, ""party"": ""WI"" } ]"
"430030","7","17",17A,McLeod,Glencoe P-1,1.29536841618241,R,"30.48",-30.48,415.325858866887,"538","[ { ""name"": ""Glenn Gruenhagen"", ""votes"": 351, ""votes_pct"": 65.240000, ""party"": ""R"" }, { ""name"": ""Chad Tschimperle"", ""votes"": 187, ""votes_pct"": 34.760000, ""party"": ""DFL"" }, { ""name"": ""WRITE-IN"", ""votes"": 0, ""votes_pct"": 0, ""party"": ""WI"" } ]"
"430035","7","17",17A,McLeod,Glencoe P-2,0.480579484910382,R,"28.52",-28.52,1094.51197255765,"526","[ { ""name"": ""Glenn Gruenhagen"", ""votes"": 338, ""votes_pct"": 64.260000, ""party"": ""R"" }, { ""name"": ""Chad Tschimperle"", ""votes"": 188, ""votes_pct"": 35.740000, ""party"": ""DFL"" }, { ""name"": ""WRITE-IN"", ""votes"": 0, ""votes_pct"": 0, ""party"": ""WI"" } ]"
"430040","7","17",17A,McLeod,Glencoe P-3,0.503312828331456,R,"32.40",-32.4,1213.95673944084,"611","[ { ""name"": ""Glenn Gruenhagen"", ""votes"": 404, ""votes_pct"": 66.120000, ""party"": ""R"" }, { ""name"": ""Chad Tschimperle"", ""votes"": 206, ""votes_pct"": 33.720000, ""party"": ""DFL"" }, { ""name"": ""WRITE-IN"", ""votes"": 1, ""votes_pct"": 0.160000, ""party"": ""WI"" } ]"
"430045","7","17",17A,McLeod,Glencoe P-4,0.841894584193377,R,"39.04",-39.04,568.954841845113,"479","[ { ""name"": ""Glenn Gruenhagen"", ""votes"": 333, ""votes_pct"": 69.520000, ""party"": ""R"" }, { ""name"": ""Chad Tschimperle"", ""votes"": 146, ""votes_pct"": 30.480000, ""party"": ""DFL"" }, { ""name"": ""WRITE-IN"", ""votes"": 0, ""votes_pct"": 0, ""party"": ""WI"" } ]"
"430050","7","17",17A,McLeod,Glencoe Twp,33.496359924649,R,"58.90",-58.9,8.71736513032645,"292","[ { ""name"": ""Glenn Gruenhagen"", ""votes"": 232, ""votes_pct"": 79.450000, ""party"": ""R"" }, { ""name"": ""Chad Tschimperle"", ""votes"": 60, ""votes_pct"": 20.550000, ""party"": ""DFL"" }, { ""name"": ""WRITE-IN"", ""votes"": 0, ""votes_pct"": 0, ""party"": ""WI"" } ]"
"430055","7","17",17A,McLeod,Hale Twp,35.3576438683826,R,"53.32",-53.32,13.2078936520315,"467","[ { ""name"": ""Glenn Gruenhagen"", ""votes"": 357, ""votes_pct"": 76.450000, ""party"": ""R"" }, { ""name"": ""Chad Tschimperle"", ""votes"": 108, ""votes_pct"": 23.130000, ""party"": ""DFL"" }, { ""name"": ""WRITE-IN"", ""votes"": 2, ""votes_pct"": 0.430000, ""party"": ""WI"" } ]"
"430060","7","17",17A,McLeod,Hassan Valley Twp,33.5010078586884,R,"48.92",-48.92,11.1041435400733,"372","[ { ""name"": ""Glenn Gruenhagen"", ""votes"": 277, ""votes_pct"": 74.460000, ""party"": ""R"" }, { ""name"": ""Chad Tschimperle"", ""votes"": 95, ""votes_pct"": 25.540000, ""party"": ""DFL"" }, { ""name"": ""WRITE-IN"", ""votes"": 0, ""votes_pct"": 0, ""party"": ""WI"" } ]"
"430065","7","17",17B,McLeod,Helen Twp,35.0568056448195,R,"60.70",-60.7,12.9218846859466,"453","[ { ""name"": ""Glenn Gruenhagen"", ""votes"": 364, ""votes_pct"": 80.350000, ""party"": ""R"" }, { ""name"": ""Chad Tschimperle"", ""votes"": 89, ""votes_pct"": 19.650000, ""party"": ""DFL"" }, { ""name"": ""WRITE-IN"", ""votes"": 0, ""votes_pct"": 0, ""party"": ""WI"" } ]"
"430070","7","17",17A,McLeod,Hutchinson P-1,3.35067199584975,R,"26.25",-26.25,610.623780105675,"2046","[ { ""name"": ""Glenn Gruenhagen"", ""votes"": 1291, ""votes_pct"": 63.100000, ""party"": ""R"" }, { ""name"": ""Chad Tschimperle"", ""votes"": 754, ""votes_pct"": 36.850000, ""party"": ""DFL"" }, { ""name"": ""WRITE-IN"", ""votes"": 1, ""votes_pct"": 0.050000, ""party"": ""WI"" } ]"
"430075","7","17",17A,McLeod,Hutchinson P-2,2.35516946468918,R,"24.59",-24.59,749.415286866812,"1765","[ { ""name"": ""Glenn Gruenhagen"", ""votes"": 1099, ""votes_pct"": 62.270000, ""party"": ""R"" }, { ""name"": ""Chad Tschimperle"", ""votes"": 665, ""votes_pct"": 37.680000, ""party"": ""DFL"" }, { ""name"": ""WRITE-IN"", ""votes"": 1, ""votes_pct"": 0.060000, ""party"": ""WI"" } ]"
"430080","7","17",17A,McLeod,Hutchinson P-3,3.03587912685529,R,"27.12",-27.12,721.372593733173,"2190","[ { ""name"": ""Glenn Gruenhagen"", ""votes"": 1392, ""votes_pct"": 63.560000, ""party"": ""R"" }, { ""name"": ""Chad Tschimperle"", ""votes"": 798, ""votes_pct"": 36.440000, ""party"": ""DFL"" }, { ""name"": ""WRITE-IN"", ""votes"": 0, ""votes_pct"": 0, ""party"": ""WI"" } ]"
"430095","7","17",17A,McLeod,Hutchinson Twp,34.4201147877272,R,"46.42",-46.42,19.5234677206715,"672","[ { ""name"": ""Glenn Gruenhagen"", ""votes"": 492, ""votes_pct"": 73.210000, ""party"": ""R"" }, { ""name"": ""Chad Tschimperle"", ""votes"": 180, ""votes_pct"": 26.790000, ""party"": ""DFL"" }, { ""name"": ""WRITE-IN"", ""votes"": 0, ""votes_pct"": 0, ""party"": ""WI"" } ]"
"430100","7","17",17B,McLeod,Lester Prairie,0.966263522364855,R,"49.68",-49.68,793.779318216243,"767","[ { ""name"": ""Glenn Gruenhagen"", ""votes"": 574, ""votes_pct"": 74.840000, ""party"": ""R"" }, { ""name"": ""Chad Tschimperle"", ""votes"": 193, ""votes_pct"": 25.160000, ""party"": ""DFL"" }, { ""name"": ""WRITE-IN"", ""votes"": 0, ""votes_pct"": 0, ""party"": ""WI"" } ]"
"430105","7","17",17A,McLeod,Lynn Twp,32.9917063118128,R,"59.46",-59.46,8.8203985950192,"291","[ { ""name"": ""Glenn Gruenhagen"", ""votes"": 232, ""votes_pct"": 79.730000, ""party"": ""R"" }, { ""name"": ""Chad Tschimperle"", ""votes"": 59, ""votes_pct"": 20.270000, ""party"": ""DFL"" }, { ""name"": ""WRITE-IN"", ""votes"": 0, ""votes_pct"": 0, ""party"": ""WI"" } ]"
"430110","7","17",17A,McLeod,Penn Twp,36.1616269154798,R,"65.26",-65.26,4.61815505121845,"167","[ { ""name"": ""Glenn Gruenhagen"", ""votes"": 138, ""votes_pct"": 82.630000, ""party"": ""R"" }, { ""name"": ""Chad Tschimperle"", ""votes"": 29, ""votes_pct"": 17.370000, ""party"": ""DFL"" }, { ""name"": ""WRITE-IN"", ""votes"": 0, ""votes_pct"": 0, ""party"": ""WI"" } ]"
"430115","7","17",17B,McLeod,Plato,0.349068340313164,R,"66.46",-66.46,478.416346352629,"167","[ { ""name"": ""Glenn Gruenhagen"", ""votes"": 139, ""votes_pct"": 83.230000, ""party"": ""R"" }, { ""name"": ""Chad Tschimperle"", ""votes"": 28, ""votes_pct"": 16.770000, ""party"": ""DFL"" }, { ""name"": ""WRITE-IN"", ""votes"": 0, ""votes_pct"": 0, ""party"": ""WI"" } ]"
"430120","7","17",17A,McLeod,Rich Valley Twp,36.2127742572668,R,"52.22",-52.22,9.94124331492662,"360","[ { ""name"": ""Glenn Gruenhagen"", ""votes"": 273, ""votes_pct"": 75.830000, ""party"": ""R"" }, { ""name"": ""Chad Tschimperle"", ""votes"": 85, ""votes_pct"": 23.610000, ""party"": ""DFL"" }, { ""name"": ""WRITE-IN"", ""votes"": 2, ""votes_pct"": 0.560000, ""party"": ""WI"" } ]"
"430125","7","17",17A,McLeod,Round Grove Twp,36.1219458293308,R,"70.50",-70.5,3.3774481744817,"122","[ { ""name"": ""Glenn Gruenhagen"", ""votes"": 104, ""votes_pct"": 85.250000, ""party"": ""R"" }, { ""name"": ""Chad Tschimperle"", ""votes"": 18, ""votes_pct"": 14.750000, ""party"": ""DFL"" }, { ""name"": ""WRITE-IN"", ""votes"": 0, ""votes_pct"": 0, ""party"": ""WI"" } ]"
"430130","7","17",17A,McLeod,Silver Lake,0.41225678527176,R,"21.06",-21.06,817.451675847735,"337","[ { ""name"": ""Glenn Gruenhagen"", ""votes"": 204, ""votes_pct"": 60.530000, ""party"": ""R"" }, { ""name"": ""Chad Tschimperle"", ""votes"": 133, ""votes_pct"": 39.470000, ""party"": ""DFL"" }, { ""name"": ""WRITE-IN"", ""votes"": 0, ""votes_pct"": 0, ""party"": ""WI"" } ]"
"430135","7","17",17A,McLeod,Stewart,0.809685108746514,R,"38.70",-38.7,245.774558344138,"199","[ { ""name"": ""Glenn Gruenhagen"", ""votes"": 138, ""votes_pct"": 69.350000, ""party"": ""R"" }, { ""name"": ""Chad Tschimperle"", ""votes"": 61, ""votes_pct"": 30.650000, ""party"": ""DFL"" }, { ""name"": ""WRITE-IN"", ""votes"": 0, ""votes_pct"": 0, ""party"": ""WI"" } ]"
"430140","7","17",17A,McLeod,Sumter Twp,35.7019249864563,R,"56.74",-56.74,7.89873375474791,"282","[ { ""name"": ""Glenn Gruenhagen"", ""votes"": 221, ""votes_pct"": 78.370000, ""party"": ""R"" }, { ""name"": ""Chad Tschimperle"", ""votes"": 61, ""votes_pct"": 21.630000, ""party"": ""DFL"" }, { ""name"": ""WRITE-IN"", ""votes"": 0, ""votes_pct"": 0, ""party"": ""WI"" } ]"
"430145","7","17",17B,McLeod,Winsted,1.90426759671506,R,"43.32",-43.32,499.404601349367,"951","[ { ""name"": ""Glenn Gruenhagen"", ""votes"": 681, ""votes_pct"": 71.610000, ""party"": ""R"" }, { ""name"": ""Chad Tschimperle"", ""votes"": 269, ""votes_pct"": 28.290000, ""party"": ""DFL"" }, { ""name"": ""WRITE-IN"", ""votes"": 1, ""votes_pct"": 0.110000, ""party"": ""WI"" } ]"
"430150","7","17",17B,McLeod,Winsted Twp,34.0076548026587,R,"53.96",-53.96,15.2024596521011,"517","[ { ""name"": ""Glenn Gruenhagen"", ""votes"": 398, ""votes_pct"": 76.980000, ""party"": ""R"" }, { ""name"": ""Chad Tschimperle"", ""votes"": 119, ""votes_pct"": 23.020000, ""party"": ""DFL"" }, { ""name"": ""WRITE-IN"", ""votes"": 0, ""votes_pct"": 0, ""party"": ""WI"" } ]"
"440005","8","2",2B,Mahnomen,Beaulieu Twp,35.6637702847655,R,"65.00",-65,1.12158640773566,"40","[ { ""name"": ""Steve Green"", ""votes"": 33, ""votes_pct"": 82.500000, ""party"": ""R"" }, { ""name"": ""Leonard Alan Roy"", ""votes"": 7, ""votes_pct"": 17.500000, ""party"": ""DFL"" }, { ""name"": ""WRITE-IN"", ""votes"": 0, ""votes_pct"": 0, ""party"": ""WI"" } ]"
"440010","8","2",2B,Mahnomen,Bejou,0.286651945430007,R,"37.50",-37.5,111.633639715917,"32","[ { ""name"": ""Steve Green"", ""votes"": 22, ""votes_pct"": 68.750000, ""party"": ""R"" }, { ""name"": ""Leonard Alan Roy"", ""votes"": 10, ""votes_pct"": 31.250000, ""party"": ""DFL"" }, { ""name"": ""WRITE-IN"", ""votes"": 0, ""votes_pct"": 0, ""party"": ""WI"" } ]"
"440015","8","2",2B,Mahnomen,Bejou Twp,37.4377049755394,R,"27.78",-27.78,0.961597406238476,"36","[ { ""name"": ""Steve Green"", ""votes"": 23, ""votes_pct"": 63.890000, ""party"": ""R"" }, { ""name"": ""Leonard Alan Roy"", ""votes"": 13, ""votes_pct"": 36.110000, ""party"": ""DFL"" }, { ""name"": ""WRITE-IN"", ""votes"": 0, ""votes_pct"": 0, ""party"": ""WI"" } ]"
"440020","8","2",2B,Mahnomen,Chief Twp,36.2424222152635,R,"47.62",-47.62,1.15886294107328,"42","[ { ""name"": ""Steve Green"", ""votes"": 31, ""votes_pct"": 73.810000, ""party"": ""R"" }, { ""name"": ""Leonard Alan Roy"", ""votes"": 11, ""votes_pct"": 26.190000, ""party"": ""DFL"" }, { ""name"": ""WRITE-IN"", ""votes"": 0, ""votes_pct"": 0, ""party"": ""WI"" } ]"
"440025","8","2",2B,Mahnomen,Clover Twp,35.6999976298122,R,"24.14",-24.14,0.812324983903718,"29","[ { ""name"": ""Steve Green"", ""votes"": 18, ""votes_pct"": 62.070000, ""party"": ""R"" }, { ""name"": ""Leonard Alan Roy"", ""votes"": 11, ""votes_pct"": 37.930000, ""party"": ""DFL"" }, { ""name"": ""WRITE-IN"", ""votes"": 0, ""votes_pct"": 0, ""party"": ""WI"" } ]"
"440030","8","2",2B,Mahnomen,Gregory Twp,36.235871855868,R,"64.70",-64.7,0.938296728038961,"34","[ { ""name"": ""Steve Green"", ""votes"": 28, ""votes_pct"": 82.350000, ""party"": ""R"" }, { ""name"": ""Leonard Alan Roy"", ""votes"": 6, ""votes_pct"": 17.650000, ""party"": ""DFL"" }, { ""name"": ""WRITE-IN"", ""votes"": 0, ""votes_pct"": 0, ""party"": ""WI"" } ]"
"440035","8","2",2B,Mahnomen,Heier Twp,36.3209489446904,R,"47.36",-47.36,1.56934225718606,"57","[ { ""name"": ""Steve Green"", ""votes"": 42, ""votes_pct"": 73.680000, ""party"": ""R"" }, { ""name"": ""Leonard Alan Roy"", ""votes"": 15, ""votes_pct"": 26.320000, ""party"": ""DFL"" }, { ""name"": ""WRITE-IN"", ""votes"": 0, ""votes_pct"": 0, ""party"": ""WI"" } ]"
"440040","8","2",2B,Mahnomen,Island Lake Twp,36.6613126344036,R,"46.40",-46.4,2.64584088865857,"97","[ { ""name"": ""Steve Green"", ""votes"": 71, ""votes_pct"": 73.200000, ""party"": ""R"" }, { ""name"": ""Leonard Alan Roy"", ""votes"": 26, ""votes_pct"": 26.800000, ""party"": ""DFL"" }, { ""name"": ""WRITE-IN"", ""votes"": 0, ""votes_pct"": 0, ""party"": ""WI"" } ]"
"440045","8","2",2B,Mahnomen,La Garde Twp,35.8133098088938,R,"62.86",-62.86,1.95458058396536,"70","[ { ""name"": ""Steve Green"", ""votes"": 57, ""votes_pct"": 81.430000, ""party"": ""R"" }, { ""name"": ""Leonard Alan Roy"", ""votes"": 13, ""votes_pct"": 18.570000, ""party"": ""DFL"" }, { ""name"": ""WRITE-IN"", ""votes"": 0, ""votes_pct"": 0, ""party"": ""WI"" } ]"
"440050","8","2",2B,Mahnomen,Lake Grove Twp,36.4477441326827,R,"58.44",-58.44,2.11261360153574,"77","[ { ""name"": ""Steve Green"", ""votes"": 61, ""votes_pct"": 79.220000, ""party"": ""R"" }, { ""name"": ""Leonard Alan Roy"", ""votes"": 16, ""votes_pct"": 20.780000, ""party"": ""DFL"" }, { ""name"": ""WRITE-IN"", ""votes"": 0, ""votes_pct"": 0, ""party"": ""WI"" } ]"
"440055","8","2",2B,Mahnomen,Mahnomen,1.03894228685976,R,"14.56",-14.56,310.893111277892,"323","[ { ""name"": ""Steve Green"", ""votes"": 184, ""votes_pct"": 56.970000, ""party"": ""R"" }, { ""name"": ""Leonard Alan Roy"", ""votes"": 137, ""votes_pct"": 42.410000, ""party"": ""DFL"" }, { ""name"": ""WRITE-IN"", ""votes"": 2, ""votes_pct"": 0.620000, ""party"": ""WI"" } ]"
"440060","8","2",2B,Mahnomen,Marsh Creek Twp,37.7421385788661,R,"34.54",-34.54,1.45725711554664,"55","[ { ""name"": ""Steve Green"", ""votes"": 37, ""votes_pct"": 67.270000, ""party"": ""R"" }, { ""name"": ""Leonard Alan Roy"", ""votes"": 18, ""votes_pct"": 32.730000, ""party"": ""DFL"" }, { ""name"": ""WRITE-IN"", ""votes"": 0, ""votes_pct"": 0, ""party"": ""WI"" } ]"
"440065","8","2",2B,Mahnomen,Oakland Twp,35.525955733391,R,"28.08",-28.08,3.20892141102487,"114","[ { ""name"": ""Steve Green"", ""votes"": 73, ""votes_pct"": 64.040000, ""party"": ""R"" }, { ""name"": ""Leonard Alan Roy"", ""votes"": 41, ""votes_pct"": 35.960000, ""party"": ""DFL"" }, { ""name"": ""WRITE-IN"", ""votes"": 0, ""votes_pct"": 0, ""party"": ""WI"" } ]"
"440070","8","2",2B,Mahnomen,Pembina Twp,36.5050014284756,R,"40.00",-40,4.38296106667709,"160","[ { ""name"": ""Steve Green"", ""votes"": 112, ""votes_pct"": 70, ""party"": ""R"" }, { ""name"": ""Leonard Alan Roy"", ""votes"": 48, ""votes_pct"": 30, ""party"": ""DFL"" }, { ""name"": ""WRITE-IN"", ""votes"": 0, ""votes_pct"": 0, ""party"": ""WI"" } ]"
"440075","8","2",2B,Mahnomen,Popple Grove Twp,36.9035140669124,R,"42.86",-42.86,1.51747066413411,"56","[ { ""name"": ""Steve Green"", ""votes"": 40, ""votes_pct"": 71.430000, ""party"": ""R"" }, { ""name"": ""Leonard Alan Roy"", ""votes"": 16, ""votes_pct"": 28.570000, ""party"": ""DFL"" }, { ""name"": ""WRITE-IN"", ""votes"": 0, ""votes_pct"": 0, ""party"": ""WI"" } ]"
"440080","8","2",2B,Mahnomen,Rosedale Twp,36.2667986015821,R,"32.50",-32.5,2.20587432816609,"80","[ { ""name"": ""Steve Green"", ""votes"": 53, ""votes_pct"": 66.250000, ""party"": ""R"" }, { ""name"": ""Leonard Alan Roy"", ""votes"": 27, ""votes_pct"": 33.750000, ""party"": ""DFL"" }, { ""name"": ""WRITE-IN"", ""votes"": 0, ""votes_pct"": 0, ""party"": ""WI"" } ]"
"440085","8","2",2B,Mahnomen,Twin Lakes Twp,36.0163898869332,R,"22.52",-22.52,3.08193020867622,"111","[ { ""name"": ""Steve Green"", ""votes"": 68, ""votes_pct"": 61.260000, ""party"": ""R"" }, { ""name"": ""Leonard Alan Roy"", ""votes"": 43, ""votes_pct"": 38.740000, ""party"": ""DFL"" }, { ""name"": ""WRITE-IN"", ""votes"": 0, ""votes_pct"": 0, ""party"": ""WI"" } ]"
"440090","8","2",2B,Mahnomen,Little Elbow Twp,35.7901006923732,DFL,"5.06",5.06,2.76612800983532,"99","[ { ""name"": ""Leonard Alan Roy"", ""votes"": 52, ""votes_pct"": 52.530000, ""party"": ""DFL"" }, { ""name"": ""Steve Green"", ""votes"": 47, ""votes_pct"": 47.470000, ""party"": ""R"" }, { ""name"": ""WRITE-IN"", ""votes"": 0, ""votes_pct"": 0, ""party"": ""WI"" } ]"
"440095","8","2",2B,Mahnomen,Waubun,0.886159695974553,R,"11.12",-11.12,142.186561375297,"126","[ { ""name"": ""Steve Green"", ""votes"": 70, ""votes_pct"": 55.560000, ""party"": ""R"" }, { ""name"": ""Leonard Alan Roy"", ""votes"": 56, ""votes_pct"": 44.440000, ""party"": ""DFL"" }, { ""name"": ""WRITE-IN"", ""votes"": 0, ""votes_pct"": 0, ""party"": ""WI"" } ]"
"450005","7","1",1A,Marshall,Agder Twp,44.2543407228351,R,"100.00",-100,1.03944605768953,"46","[ { ""name"": ""Mark Johnson"", ""votes"": 46, ""votes_pct"": 100, ""party"": ""R"" }, { ""name"": ""WRITE-IN"", ""votes"": 0, ""votes_pct"": 0, ""party"": ""WI"" } ]"
"450010","7","1",1A,Marshall,Alma Twp,36.4619432469006,R,"100.00",-100,1.23416351386662,"45","[ { ""name"": ""Mark Johnson"", ""votes"": 45, ""votes_pct"": 100, ""party"": ""R"" }, { ""name"": ""WRITE-IN"", ""votes"": 0, ""votes_pct"": 0, ""party"": ""WI"" } ]"
"450015","7","1",1A,Marshall,Alvarado,0.209041082106199,R,"95.96",-95.96,473.591119039965,"99","[ { ""name"": ""Mark Johnson"", ""votes"": 97, ""votes_pct"": 97.980000, ""party"": ""R"" }, { ""name"": ""WRITE-IN"", ""votes"": 2, ""votes_pct"": 2.020000, ""party"": ""WI"" } ]"
"450020","7","1",1A,Marshall,Argyle,1.5159294981076,R,"100.00",-100,162.276675997857,"246","[ { ""name"": ""Mark Johnson"", ""votes"": 246, ""votes_pct"": 100, ""party"": ""R"" }, { ""name"": ""WRITE-IN"", ""votes"": 0, ""votes_pct"": 0, ""party"": ""WI"" } ]"
"450025","7","1",1A,Marshall,Augsburg Twp,36.2319229864578,R,"100.00",-100,0.827999110376034,"30","[ { ""name"": ""Mark Johnson"", ""votes"": 30, ""votes_pct"": 100, ""party"": ""R"" }, { ""name"": ""WRITE-IN"", ""votes"": 0, ""votes_pct"": 0, ""party"": ""WI"" } ]"
"450030","7","1",1A,Marshall,Big Woods Twp,30.9428987908154,R,"100.00",-100,0.517081483159204,"16","[ { ""name"": ""Mark Johnson"", ""votes"": 16, ""votes_pct"": 100, ""party"": ""R"" }, { ""name"": ""WRITE-IN"", ""votes"": 0, ""votes_pct"": 0, ""party"": ""WI"" } ]"
"450035","7","1",1A,Marshall,Bloomer Twp,36.5285710023577,R,"100.00",-100,1.09503325485736,"40","[ { ""name"": ""Mark Johnson"", ""votes"": 40, ""votes_pct"": 100, ""party"": ""R"" }, { ""name"": ""WRITE-IN"", ""votes"": 0, ""votes_pct"": 0, ""party"": ""WI"" } ]"
"450040","7","1",1A,Marshall,Boxville Twp,8.54216417879253,R,"100.00",-100,2.34132704328648,"20","[ { ""name"": ""Mark Johnson"", ""votes"": 20, ""votes_pct"": 100, ""party"": ""R"" }, { ""name"": ""WRITE-IN"", ""votes"": 0, ""votes_pct"": 0, ""party"": ""WI"" } ]"
"450045","7","1",1A,Marshall,Cedar Twp,36.2544203849642,R,"79.32",-79.32,0.799902458571015,"29","[ { ""name"": ""Mark Johnson"", ""votes"": 26, ""votes_pct"": 89.660000, ""party"": ""R"" }, { ""name"": ""WRITE-IN"", ""votes"": 3, ""votes_pct"": 10.340000, ""party"": ""WI"" } ]"
"450050","7","1",1A,Marshall,Como Twp,36.3559750725214,R,"100.00",-100,0.440092721157495,"16","[ { ""name"": ""Mark Johnson"", ""votes"": 16, ""votes_pct"": 100, ""party"": ""R"" }, { ""name"": ""WRITE-IN"", ""votes"": 0, ""votes_pct"": 0, ""party"": ""WI"" } ]"
"450055","7","1",1A,Marshall,Comstock Twp,45.2383123790169,R,"100.00",-100,1.37051973735337,"62","[ { ""name"": ""Mark Johnson"", ""votes"": 62, ""votes_pct"": 100, ""party"": ""R"" }, { ""name"": ""WRITE-IN"", ""votes"": 0, ""votes_pct"": 0, ""party"": ""WI"" } ]"
"450060","7","1",1A,Marshall,Donnelly Twp,36.1544320222886,R,"100.00",-100,0.359568641321366,"13","[ { ""name"": ""Mark Johnson"", ""votes"": 13, ""votes_pct"": 100, ""party"": ""R"" }, { ""name"": ""WRITE-IN"", ""votes"": 0, ""votes_pct"": 0, ""party"": ""WI"" } ]"
"450065","7","1",1A,Marshall,Eagle Point Twp,28.3585945422265,R,"100.00",-100,0.176313392137784,"5","[ { ""name"": ""Mark Johnson"", ""votes"": 5, ""votes_pct"": 100, ""party"": ""R"" }, { ""name"": ""WRITE-IN"", ""votes"": 0, ""votes_pct"": 0, ""party"": ""WI"" } ]"
"450070","7","1",1A,Marshall,East Park Twp,36.3405854995712,even,"0.00",0,0,"0","[ { ""name"": ""Mark Johnson"", ""votes"": 0, ""votes_pct"": 0, ""party"": ""R"" }, { ""name"": ""WRITE-IN"", ""votes"": 0, ""votes_pct"": 0, ""party"": ""WI"" } ]"
"450075","7","1",1A,Marshall,East Valley Twp,34.8707452312276,R,"100.00",-100,0.28677333775605,"10","[ { ""name"": ""Mark Johnson"", ""votes"": 10, ""votes_pct"": 100, ""party"": ""R"" }, { ""name"": ""WRITE-IN"", ""votes"": 0, ""votes_pct"": 0, ""party"": ""WI"" } ]"
"450080","7","1",1A,Marshall,Eckvoll Twp,35.5602633633304,R,"85.72",-85.72,0.787395743218074,"28","[ { ""name"": ""Mark Johnson"", ""votes"": 26, ""votes_pct"": 92.860000, ""party"": ""R"" }, { ""name"": ""WRITE-IN"", ""votes"": 2, ""votes_pct"": 7.140000, ""party"": ""WI"" } ]"
"450085","7","1",1A,Marshall,Espelie Twp,44.5956655347918,R,"100.00",-100,0.22423703918486,"10","[ { ""name"": ""Mark Johnson"", ""votes"": 10, ""votes_pct"": 100, ""party"": ""R"" }, { ""name"": ""WRITE-IN"", ""votes"": 0, ""votes_pct"": 0, ""party"": ""WI"" } ]"
"450090","7","1",1A,Marshall,Excel Twp,46.8171381276027,R,"94.82",-94.82,2.47772513740237,"116","[ { ""name"": ""Mark Johnson"", ""votes"": 113, ""votes_pct"": 97.410000, ""party"": ""R"" }, { ""name"": ""WRITE-IN"", ""votes"": 3, ""votes_pct"": 2.590000, ""party"": ""WI"" } ]"
"450095","7","1",1A,Marshall,Foldahl Twp,36.3171068222391,R,"92.86",-92.86,0.770986525359833,"28","[ { ""name"": ""Mark Johnson"", ""votes"": 27, ""votes_pct"": 96.430000, ""party"": ""R"" }, { ""name"": ""WRITE-IN"", ""votes"": 1, ""votes_pct"": 3.570000, ""party"": ""WI"" } ]"
"450100","7","1",1A,Marshall,Fork Twp,27.0950363709983,R,"100.00",-100,0.147628515615557,"4","[ { ""name"": ""Mark Johnson"", ""votes"": 4, ""votes_pct"": 100, ""party"": ""R"" }, { ""name"": ""WRITE-IN"", ""votes"": 0, ""votes_pct"": 0, ""party"": ""WI"" } ]"
"450105","7","1",1A,Marshall,Grand Plain Twp,44.8060660456266,R,"100.00",-100,0.446368131931818,"20","[ { ""name"": ""Mark Johnson"", ""votes"": 20, ""votes_pct"": 100, ""party"": ""R"" }, { ""name"": ""WRITE-IN"", ""votes"": 0, ""votes_pct"": 0, ""party"": ""WI"" } ]"
"450110","7","1",1A,Marshall,Grygla,0.33602383175923,R,"100.00",-100,205.342578348551,"69","[ { ""name"": ""Mark Johnson"", ""votes"": 69, ""votes_pct"": 100, ""party"": ""R"" }, { ""name"": ""WRITE-IN"", ""votes"": 0, ""votes_pct"": 0, ""party"": ""WI"" } ]"
"450115","7","1",1A,Marshall,Holt,1.00320621754954,R,"100.00",-100,24.920100735685,"25","[ { ""name"": ""Mark Johnson"", ""votes"": 25, ""votes_pct"": 100, ""party"": ""R"" }, { ""name"": ""WRITE-IN"", ""votes"": 0, ""votes_pct"": 0, ""party"": ""WI"" } ]"
"450120","7","1",1A,Marshall,Holt Twp,33.7312910653933,R,"87.76",-87.76,1.45265711605897,"49","[ { ""name"": ""Mark Johnson"", ""votes"": 46, ""votes_pct"": 93.880000, ""party"": ""R"" }, { ""name"": ""WRITE-IN"", ""votes"": 3, ""votes_pct"": 6.120000, ""party"": ""WI"" } ]"
"450125","7","1",1A,Marshall,Huntly Twp,36.6490749609656,R,"100.00",-100,0.409287274398502,"15","[ { ""name"": ""Mark Johnson"", ""votes"": 15, ""votes_pct"": 100, ""party"": ""R"" }, { ""name"": ""WRITE-IN"", ""votes"": 0, ""votes_pct"": 0, ""party"": ""WI"" } ]"
"450130","7","1",1A,Marshall,Lincoln Twp,35.5690597795147,R,"86.66",-86.66,1.26514449015368,"45","[ { ""name"": ""Mark Johnson"", ""votes"": 42, ""votes_pct"": 93.330000, ""party"": ""R"" }, { ""name"": ""WRITE-IN"", ""votes"": 3, ""votes_pct"": 6.670000, ""party"": ""WI"" } ]"
"450135","7","1",1A,Marshall,Linsell Twp,35.9250576800415,R,"100.00",-100,0.278357242709608,"10","[ { ""name"": ""Mark Johnson"", ""votes"": 10, ""votes_pct"": 100, ""party"": ""R"" }, { ""name"": ""WRITE-IN"", ""votes"": 0, ""votes_pct"": 0, ""party"": ""WI"" } ]"
"450140","7","1",1A,Marshall,McCrea Twp,45.0089818434828,R,"98.42",-98.42,2.82165902889424,"127","[ { ""name"": ""Mark Johnson"", ""votes"": 126, ""votes_pct"": 99.210000, ""party"": ""R"" }, { ""name"": ""WRITE-IN"", ""votes"": 1, ""votes_pct"": 0.790000, ""party"": ""WI"" } ]"
"450145","7","1",1A,Marshall,Marsh Grove Twp,35.9152491451783,R,"100.00",-100,1.36432298720607,"49","[ { ""name"": ""Mark Johnson"", ""votes"": 49, ""votes_pct"": 100, ""party"": ""R"" }, { ""name"": ""WRITE-IN"", ""votes"": 0, ""votes_pct"": 0, ""party"": ""WI"" } ]"
"450150","7","1",1A,Marshall,Middle River,0.493646150025171,R,"100.00",-100,204.599995350617,"101","[ { ""name"": ""Mark Johnson"", ""votes"": 101, ""votes_pct"": 100, ""party"": ""R"" }, { ""name"": ""WRITE-IN"", ""votes"": 0, ""votes_pct"": 0, ""party"": ""WI"" } ]"
"450155","7","1",1A,Marshall,Middle River Twp,34.809648222788,R,"100.00",-100,0.919285360058632,"32","[ { ""name"": ""Mark Johnson"", ""votes"": 32, ""votes_pct"": 100, ""party"": ""R"" }, { ""name"": ""WRITE-IN"", ""votes"": 0, ""votes_pct"": 0, ""party"": ""WI"" } ]"
"450160","7","1",1A,Marshall,Moose River Twp,35.7291439230597,R,"100.00",-100,0.33586027210283,"12","[ { ""name"": ""Mark Johnson"", ""votes"": 12, ""votes_pct"": 100, ""party"": ""R"" }, { ""name"": ""WRITE-IN"", ""votes"": 0, ""votes_pct"": 0, ""party"": ""WI"" } ]"
"450165","7","1",1A,Marshall,Moylan Twp,45.0447241216401,R,"100.00",-100,1.04340743375583,"47","[ { ""name"": ""Mark Johnson"", ""votes"": 47, ""votes_pct"": 100, ""party"": ""R"" }, { ""name"": ""WRITE-IN"", ""votes"": 0, ""votes_pct"": 0, ""party"": ""WI"" } ]"
"450166","7","1",1A,Marshall,Mud Lake Unorg,36.077031833434,even,"0.00",0,0,"0","[ { ""name"": ""Mark Johnson"", ""votes"": 0, ""votes_pct"": 0, ""party"": ""R"" }, { ""name"": ""WRITE-IN"", ""votes"": 0, ""votes_pct"": 0, ""party"": ""WI"" } ]"
"450170","7","1",1A,Marshall,Nelson Park Twp,36.2005078194174,R,"96.22",-96.22,1.46406785961084,"53","[ { ""name"": ""Mark Johnson"", ""votes"": 52, ""votes_pct"": 98.110000, ""party"": ""R"" }, { ""name"": ""WRITE-IN"", ""votes"": 1, ""votes_pct"": 1.890000, ""party"": ""WI"" } ]"
"450175","7","1",1A,Marshall,Newfolden,1.01657541499114,R,"93.60",-93.6,122.961856205316,"125","[ { ""name"": ""Mark Johnson"", ""votes"": 121, ""votes_pct"": 96.800000, ""party"": ""R"" }, { ""name"": ""WRITE-IN"", ""votes"": 4, ""votes_pct"": 3.200000, ""party"": ""WI"" } ]"
"450180","7","1",1A,Marshall,New Folden Twp,34.8919318189213,R,"92.24",-92.24,2.9519718350517,"103","[ { ""name"": ""Mark Johnson"", ""votes"": 99, ""votes_pct"": 96.120000, ""party"": ""R"" }, { ""name"": ""WRITE-IN"", ""votes"": 4, ""votes_pct"": 3.880000, ""party"": ""WI"" } ]"
"450185","7","1",1A,Marshall,New Maine Twp,37.0095087495662,R,"95.06",-95.06,2.18862672693405,"81","[ { ""name"": ""Mark Johnson"", ""votes"": 79, ""votes_pct"": 97.530000, ""party"": ""R"" }, { ""name"": ""WRITE-IN"", ""votes"": 2, ""votes_pct"": 2.470000, ""party"": ""WI"" } ]"
"450190","7","1",1A,Marshall,New Solum Twp,46.2892171871844,R,"88.52",-88.52,2.63560300677923,"122","[ { ""name"": ""Mark Johnson"", ""votes"": 115, ""votes_pct"": 94.260000, ""party"": ""R"" }, { ""name"": ""WRITE-IN"", ""votes"": 7, ""votes_pct"": 5.740000, ""party"": ""WI"" } ]"
"450195","7","1",1A,Marshall,Oak Park Twp,39.2824111831866,R,"92.60",-92.6,1.37466103463406,"54","[ { ""name"": ""Mark Johnson"", ""votes"": 52, ""votes_pct"": 96.300000, ""party"": ""R"" }, { ""name"": ""WRITE-IN"", ""votes"": 2, ""votes_pct"": 3.700000, ""party"": ""WI"" } ]"
"450200","7","1",1A,Marshall,Oslo,0.366503333433366,R,"93.84",-93.84,177.35172935833,"65","[ { ""name"": ""Mark Johnson"", ""votes"": 63, ""votes_pct"": 96.920000, ""party"": ""R"" }, { ""name"": ""WRITE-IN"", ""votes"": 2, ""votes_pct"": 3.080000, ""party"": ""WI"" } ]"
"450205","7","1",1A,Marshall,Parker Twp,36.0276914961721,R,"100.00",-100,0.499615691499759,"18","[ { ""name"": ""Mark Johnson"", ""votes"": 18, ""votes_pct"": 100, ""party"": ""R"" }, { ""name"": ""WRITE-IN"", ""votes"": 0, ""votes_pct"": 0, ""party"": ""WI"" } ]"
"450210","7","1",1A,Marshall,Rollis Twp,35.9398963665928,R,"100.00",-100,1.36338734814903,"49","[ { ""name"": ""Mark Johnson"", ""votes"": 49, ""votes_pct"": 100, ""party"": ""R"" }, { ""name"": ""WRITE-IN"", ""votes"": 0, ""votes_pct"": 0, ""party"": ""WI"" } ]"
"450215","7","1",1A,Marshall,Sinnott Twp,36.1494591606205,R,"100.00",-100,0.304292242689563,"11","[ { ""name"": ""Mark Johnson"", ""votes"": 11, ""votes_pct"": 100, ""party"": ""R"" }, { ""name"": ""WRITE-IN"", ""votes"": 0, ""votes_pct"": 0, ""party"": ""WI"" } ]"
"450220","7","1",1A,Marshall,Spruce Valley Twp,36.2051579834159,R,"100.00",-100,2.54107439724863,"92","[ { ""name"": ""Mark Johnson"", ""votes"": 92, ""votes_pct"": 100, ""party"": ""R"" }, { ""name"": ""WRITE-IN"", ""votes"": 0, ""votes_pct"": 0, ""party"": ""WI"" } ]"
"450225","7","1",1A,Marshall,Stephen,0.812362043173824,R,"98.00",-98,244.96467021345,"199","[ { ""name"": ""Mark Johnson"", ""votes"": 197, ""votes_pct"": 99, ""party"": ""R"" }, { ""name"": ""WRITE-IN"", ""votes"": 2, ""votes_pct"": 1, ""party"": ""WI"" } ]"
"450230","7","1",1A,Marshall,Strandquist,0.257758504634288,R,"100.00",-100,73.7124077708223,"19","[ { ""name"": ""Mark Johnson"", ""votes"": 19, ""votes_pct"": 100, ""party"": ""R"" }, { ""name"": ""WRITE-IN"", ""votes"": 0, ""votes_pct"": 0, ""party"": ""WI"" } ]"
"450235","7","1",1A,Marshall,Tamarac Twp,35.320043517759,R,"100.00",-100,1.13250143590248,"40","[ { ""name"": ""Mark Johnson"", ""votes"": 40, ""votes_pct"": 100, ""party"": ""R"" }, { ""name"": ""WRITE-IN"", ""votes"": 0, ""votes_pct"": 0, ""party"": ""WI"" } ]"
"450240","7","1",1A,Marshall,Thief Lake Twp,36.5089370606017,R,"85.72",-85.72,0.38346775138266,"14","[ { ""name"": ""Mark Johnson"", ""votes"": 13, ""votes_pct"": 92.860000, ""party"": ""R"" }, { ""name"": ""WRITE-IN"", ""votes"": 1, ""votes_pct"": 7.140000, ""party"": ""WI"" } ]"
"450245","7","1",1A,Marshall,Valley Twp,34.0802241151472,R,"92.86",-92.86,1.64318168245585,"56","[ { ""name"": ""Mark Johnson"", ""votes"": 54, ""votes_pct"": 96.430000, ""party"": ""R"" }, { ""name"": ""WRITE-IN"", ""votes"": 2, ""votes_pct"": 3.570000, ""party"": ""WI"" } ]"
"450250","7","1",1A,Marshall,Vega Twp,45.0493368699231,R,"96.62",-96.62,1.30967521609382,"59","[ { ""name"": ""Mark Johnson"", ""votes"": 58, ""votes_pct"": 98.310000, ""party"": ""R"" }, { ""name"": ""WRITE-IN"", ""votes"": 1, ""votes_pct"": 1.690000, ""party"": ""WI"" } ]"
"450255","7","1",1A,Marshall,Veldt Twp,35.4817011339005,R,"100.00",-100,0.422753124022807,"15","[ { ""name"": ""Mark Johnson"", ""votes"": 15, ""votes_pct"": 100, ""party"": ""R"" }, { ""name"": ""WRITE-IN"", ""votes"": 0, ""votes_pct"": 0, ""party"": ""WI"" } ]"
"450260","7","1",1A,Marshall,Viking,0.514895475787407,R,"100.00",-100,58.2642524759463,"30","[ { ""name"": ""Mark Johnson"", ""votes"": 30, ""votes_pct"": 100, ""party"": ""R"" }, { ""name"": ""WRITE-IN"", ""votes"": 0, ""votes_pct"": 0, ""party"": ""WI"" } ]"
"450265","7","1",1A,Marshall,Viking Twp,45.0925028008884,R,"96.88",-96.88,1.41930467427368,"64","[ { ""name"": ""Mark Johnson"", ""votes"": 63, ""votes_pct"": 98.440000, ""party"": ""R"" }, { ""name"": ""WRITE-IN"", ""votes"": 1, ""votes_pct"": 1.560000, ""party"": ""WI"" } ]"
"450270","7","1",1A,Marshall,Wanger Twp,36.1496681058556,R,"100.00",-100,0.746894824066905,"27","[ { ""name"": ""Mark Johnson"", ""votes"": 27, ""votes_pct"": 100, ""party"": ""R"" }, { ""name"": ""WRITE-IN"", ""votes"": 0, ""votes_pct"": 0, ""party"": ""WI"" } ]"
"450275","7","1",1A,Marshall,Warren,1.21731973043581,R,"95.82",-95.82,472.349199330028,"575","[ { ""name"": ""Mark Johnson"", ""votes"": 563, ""votes_pct"": 97.910000, ""party"": ""R"" }, { ""name"": ""WRITE-IN"", ""votes"": 12, ""votes_pct"": 2.090000, ""party"": ""WI"" } ]"
"450285","7","1",1A,Marshall,Warrenton Twp,35.4779469997395,R,"100.00",-100,1.5220722890306,"54","[ { ""name"": ""Mark Johnson"", ""votes"": 54, ""votes_pct"": 100, ""party"": ""R"" }, { ""name"": ""WRITE-IN"", ""votes"": 0, ""votes_pct"": 0, ""party"": ""WI"" } ]"
"450290","7","1",1A,Marshall,West Valley Twp,36.4132943989472,R,"92.72",-92.72,1.51043735283645,"55","[ { ""name"": ""Mark Johnson"", ""votes"": 53, ""votes_pct"": 96.360000, ""party"": ""R"" }, { ""name"": ""WRITE-IN"", ""votes"": 2, ""votes_pct"": 3.640000, ""party"": ""WI"" } ]"
"450295","7","1",1A,Marshall,Whiteford Twp,36.4624449861286,R,"100.00",-100,0.603360526381856,"22","[ { ""name"": ""Mark Johnson"", ""votes"": 22, ""votes_pct"": 100, ""party"": ""R"" }, { ""name"": ""WRITE-IN"", ""votes"": 0, ""votes_pct"": 0, ""party"": ""WI"" } ]"
"450300","7","1",1A,Marshall,Wright Twp,36.1344835671791,R,"100.00",-100,1.21767341487523,"44","[ { ""name"": ""Mark Johnson"", ""votes"": 44, ""votes_pct"": 100, ""party"": ""R"" }, { ""name"": ""WRITE-IN"", ""votes"": 0, ""votes_pct"": 0, ""party"": ""WI"" } ]"
"460005","1","21",21B,Martin,Cedar Twp,35.76959138462,R,"93.26",-93.26,2.48814695820841,"89","[ { ""name"": ""Bill Weber"", ""votes"": 86, ""votes_pct"": 96.630000, ""party"": ""R"" }, { ""name"": ""WRITE-IN"", ""votes"": 3, ""votes_pct"": 3.370000, ""party"": ""WI"" } ]"
"460010","1","22",22A,Martin,Center Creek Twp,35.4802489533063,R,"95.56",-95.56,2.5366225619906,"90","[ { ""name"": ""Rich Draheim"", ""votes"": 88, ""votes_pct"": 97.780000, ""party"": ""R"" }, { ""name"": ""WRITE-IN"", ""votes"": 2, ""votes_pct"": 2.220000, ""party"": ""WI"" } ]"
"460015","1","22",22A,Martin,Ceylon,0.517609581536619,R,"96.20",-96.2,202.855595694902,"105","[ { ""name"": ""Rich Draheim"", ""votes"": 103, ""votes_pct"": 98.100000, ""party"": ""R"" }, { ""name"": ""WRITE-IN"", ""votes"": 2, ""votes_pct"": 1.900000, ""party"": ""WI"" } ]"
"460020","1","22",22A,Martin,Dunnell,0.154950713074229,R,"95.12",-95.12,264.600266669048,"41","[ { ""name"": ""Rich Draheim"", ""votes"": 40, ""votes_pct"": 97.560000, ""party"": ""R"" }, { ""name"": ""WRITE-IN"", ""votes"": 1, ""votes_pct"": 2.440000, ""party"": ""WI"" } ]"
"460025","1","22",22A,Martin,East Chain Twp,36.0368956941494,R,"100.00",-100,3.4964165911898,"126","[ { ""name"": ""Rich Draheim"", ""votes"": 126, ""votes_pct"": 100, ""party"": ""R"" }, { ""name"": ""WRITE-IN"", ""votes"": 0, ""votes_pct"": 0, ""party"": ""WI"" } ]"
"460030","1","21",21B,Martin,Elm Creek Twp,36.128690183822,R,"97.34",-97.34,2.07591251214483,"75","[ { ""name"": ""Bill Weber"", ""votes"": 74, ""votes_pct"": 98.670000, ""party"": ""R"" }, { ""name"": ""WRITE-IN"", ""votes"": 1, ""votes_pct"": 1.330000, ""party"": ""WI"" } ]"
"460035","1","22",22A,Martin,Fairmont W-1 P-1,2.14464840449231,R,"96.26",-96.26,199.100234381347,"427","[ { ""name"": ""Rich Draheim"", ""votes"": 419, ""votes_pct"": 98.130000, ""party"": ""R"" }, { ""name"": ""WRITE-IN"", ""votes"": 8, ""votes_pct"": 1.870000, ""party"": ""WI"" } ]"
"460040","1","22",22A,Martin,Fairmont W-1 P-2,4.27648547289249,R,"95.06",-95.06,132.351671387106,"566","[ { ""name"": ""Rich Draheim"", ""votes"": 552, ""votes_pct"": 97.530000, ""party"": ""R"" }, { ""name"": ""WRITE-IN"", ""votes"": 14, ""votes_pct"": 2.470000, ""party"": ""WI"" } ]"
"460050","1","22",22A,Martin,Fairmont W-2 P-1,0.857038767296283,R,"94.18",-94.18,481.891853390599,"413","[ { ""name"": ""Rich Draheim"", ""votes"": 401, ""votes_pct"": 97.090000, ""party"": ""R"" }, { ""name"": ""WRITE-IN"", ""votes"": 12, ""votes_pct"": 2.910000, ""party"": ""WI"" } ]"
"460055","1","22",22A,Martin,Fairmont W-2 P-2,1.02424506312071,R,"93.14",-93.14,512.572643894822,"525","[ { ""name"": ""Rich Draheim"", ""votes"": 507, ""votes_pct"": 96.570000, ""party"": ""R"" }, { ""name"": ""WRITE-IN"", ""votes"": 18, ""votes_pct"": 3.430000, ""party"": ""WI"" } ]"
"460065","1","22",22A,Martin,Fairmont W-3 P-1,0.273362574236766,R,"86.56",-86.56,980.382924576494,"268","[ { ""name"": ""Rich Draheim"", ""votes"": 250, ""votes_pct"": 93.280000, ""party"": ""R"" }, { ""name"": ""WRITE-IN"", ""votes"": 18, ""votes_pct"": 6.720000, ""party"": ""WI"" } ]"
"460070","1","22",22A,Martin,Fairmont W-3 P-2,2.14024185895291,R,"93.12",-93.12,149.515812272056,"320","[ { ""name"": ""Rich Draheim"", ""votes"": 309, ""votes_pct"": 96.560000, ""party"": ""R"" }, { ""name"": ""WRITE-IN"", ""votes"": 11, ""votes_pct"": 3.440000, ""party"": ""WI"" } ]"
"460080","1","22",22A,Martin,Fairmont W-4 P-1,2.89086397778564,R,"93.62",-93.62,119.34148498549,"345","[ { ""name"": ""Rich Draheim"", ""votes"": 334, ""votes_pct"": 96.810000, ""party"": ""R"" }, { ""name"": ""WRITE-IN"", ""votes"": 11, ""votes_pct"": 3.190000, ""party"": ""WI"" } ]"
"460085","1","22",22A,Martin,Fairmont W-4 P-2,3.26078906725014,R,"90.28",-90.28,88.3221803251669,"288","[ { ""name"": ""Rich Draheim"", ""votes"": 274, ""votes_pct"": 95.140000, ""party"": ""R"" }, { ""name"": ""WRITE-IN"", ""votes"": 14, ""votes_pct"": 4.860000, ""party"": ""WI"" } ]"
"460095","1","22",22A,Martin,Fairmont Twp,21.8877880987151,R,"98.32",-98.32,5.43682164060176,"119","[ { ""name"": ""Rich Draheim"", ""votes"": 118, ""votes_pct"": 99.160000, ""party"": ""R"" }, { ""name"": ""WRITE-IN"", ""votes"": 1, ""votes_pct"": 0.840000, ""party"": ""WI"" } ]"
"460100","1","21",21B,Martin,Fox Lake Twp,35.5634632026788,R,"98.34",-98.34,3.37424955820841,"120","[ { ""name"": ""Bill Weber"", ""votes"": 119, ""votes_pct"": 99.170000, ""party"": ""R"" }, { ""name"": ""WRITE-IN"", ""votes"": 1, ""votes_pct"": 0.830000, ""party"": ""WI"" } ]"
"460105","1","22",22A,Martin,Fraser Twp,36.5897453499092,R,"96.40",-96.4,3.03363685476635,"111","[ { ""name"": ""Rich Draheim"", ""votes"": 109, ""votes_pct"": 98.200000, ""party"": ""R"" }, { ""name"": ""WRITE-IN"", ""votes"": 2, ""votes_pct"": 1.800000, ""party"": ""WI"" } ]"
"460110","1","21",21B,Martin,Galena Twp,35.428056862873,R,"93.62",-93.62,2.65326434254733,"94","[ { ""name"": ""Bill Weber"", ""votes"": 91, ""votes_pct"": 96.810000, ""party"": ""R"" }, { ""name"": ""WRITE-IN"", ""votes"": 3, ""votes_pct"": 3.190000, ""party"": ""WI"" } ]"
"460115","1","22",22A,Martin,Granada,0.568864500590529,R,"98.20",-98.2,195.125552543308,"111","[ { ""name"": ""Rich Draheim"", ""votes"": 110, ""votes_pct"": 99.100000, ""party"": ""R"" }, { ""name"": ""WRITE-IN"", ""votes"": 1, ""votes_pct"": 0.900000, ""party"": ""WI"" } ]"
"460120","1","22",22A,Martin,Jay Twp,36.1221144983513,R,"100.00",-100,3.15596142648856,"114","[ { ""name"": ""Rich Draheim"", ""votes"": 114, ""votes_pct"": 100, ""party"": ""R"" }, { ""name"": ""WRITE-IN"", ""votes"": 0, ""votes_pct"": 0, ""party"": ""WI"" } ]"
"460125","1","22",22A,Martin,Lake Belt Twp,35.6095401952505,R,"97.14",-97.14,1.96576534311264,"70","[ { ""name"": ""Rich Draheim"", ""votes"": 69, ""votes_pct"": 98.570000, ""party"": ""R"" }, { ""name"": ""WRITE-IN"", ""votes"": 1, ""votes_pct"": 1.430000, ""party"": ""WI"" } ]"
"460130","1","22",22A,Martin,Lake Fremont Twp,36.1659056639423,R,"93.34",-93.34,1.65902108349026,"60","[ { ""name"": ""Rich Draheim"", ""votes"": 58, ""votes_pct"": 96.670000, ""party"": ""R"" }, { ""name"": ""WRITE-IN"", ""votes"": 2, ""votes_pct"": 3.330000, ""party"": ""WI"" } ]"
"460135","1","22",22A,Martin,Manyaska Twp,34.3559885778767,R,"97.02",-97.02,3.9003389378901,"134","[ { ""name"": ""Rich Draheim"", ""votes"": 132, ""votes_pct"": 98.510000, ""party"": ""R"" }, { ""name"": ""WRITE-IN"", ""votes"": 2, ""votes_pct"": 1.490000, ""party"": ""WI"" } ]"
"460140","1","22",22A,Martin,Nashville Twp,36.3863047928866,R,"100.00",-100,2.25359514978918,"82","[ { ""name"": ""Rich Draheim"", ""votes"": 82, ""votes_pct"": 100, ""party"": ""R"" }, { ""name"": ""WRITE-IN"", ""votes"": 0, ""votes_pct"": 0, ""party"": ""WI"" } ]"
"460145","1","22",22A,Martin,Northrop,0.111429819174703,R,"94.36",-94.36,637.172352300818,"71","[ { ""name"": ""Rich Draheim"", ""votes"": 69, ""votes_pct"": 97.180000, ""party"": ""R"" }, { ""name"": ""WRITE-IN"", ""votes"": 2, ""votes_pct"": 2.820000, ""party"": ""WI"" } ]"
"460150","1","21",21B,Martin,Ormsby,0.100014324097159,R,"89.48",-89.48,189.972788113255,"19","[ { ""name"": ""Bill Weber"", ""votes"": 18, ""votes_pct"": 94.740000, ""party"": ""R"" }, { ""name"": ""WRITE-IN"", ""votes"": 1, ""votes_pct"": 5.260000, ""party"": ""WI"" } ]"
"460155","1","22",22A,Martin,Pleasant Prairie Twp,35.884062481307,R,"97.62",-97.62,2.3408720805722,"84","[ { ""name"": ""Rich Draheim"", ""votes"": 83, ""votes_pct"": 98.810000, ""party"": ""R"" }, { ""name"": ""WRITE-IN"", ""votes"": 1, ""votes_pct"": 1.190000, ""party"": ""WI"" } ]"
"460160","1","22",22A,Martin,Rolling Green Twp,34.736180835213,R,"96.16",-96.16,2.99399638933744,"104","[ { ""name"": ""Rich Draheim"", ""votes"": 102, ""votes_pct"": 98.080000, ""party"": ""R"" }, { ""name"": ""WRITE-IN"", ""votes"": 2, ""votes_pct"": 1.920000, ""party"": ""WI"" } ]"
"460165","1","22",22A,Martin,Rutland Twp,36.9763630916308,R,"94.48",-94.48,4.89501900312547,"181","[ { ""name"": ""Rich Draheim"", ""votes"": 176, ""votes_pct"": 97.240000, ""party"": ""R"" }, { ""name"": ""WRITE-IN"", ""votes"": 5, ""votes_pct"": 2.760000, ""party"": ""WI"" } ]"
"460170","1","22",22A,Martin,Sherburn,0.917043626445804,R,"92.52",-92.52,407.832287597392,"374","[ { ""name"": ""Rich Draheim"", ""votes"": 360, ""votes_pct"": 96.260000, ""party"": ""R"" }, { ""name"": ""WRITE-IN"", ""votes"": 14, ""votes_pct"": 3.740000, ""party"": ""WI"" } ]"
"460175","1","22",22A,Martin,Silver Lake Twp,37.4473559516027,R,"98.26",-98.26,6.14195566429987,"230","[ { ""name"": ""Rich Draheim"", ""votes"": 228, ""votes_pct"": 99.130000, ""party"": ""R"" }, { ""name"": ""WRITE-IN"", ""votes"": 2, ""votes_pct"": 0.870000, ""party"": ""WI"" } ]"
"460180","1","22",22A,Martin,Tenhassen Twp,36.6152037029064,R,"98.08",-98.08,2.84035016830303,"104","[ { ""name"": ""Rich Draheim"", ""votes"": 103, ""votes_pct"": 99.040000, ""party"": ""R"" }, { ""name"": ""WRITE-IN"", ""votes"": 1, ""votes_pct"": 0.960000, ""party"": ""WI"" } ]"
"460185","1","21",21B,Martin,Trimont,0.787724692533207,R,"98.50",-98.5,337.68142921175,"266","[ { ""name"": ""Bill Weber"", ""votes"": 264, ""votes_pct"": 99.250000, ""party"": ""R"" }, { ""name"": ""WRITE-IN"", ""votes"": 2, ""votes_pct"": 0.750000, ""party"": ""WI"" } ]"
"460195","1","22",22A,Martin,Truman,1.10012400932277,R,"95.84",-95.84,306.329102123183,"337","[ { ""name"": ""Rich Draheim"", ""votes"": 330, ""votes_pct"": 97.920000, ""party"": ""R"" }, { ""name"": ""WRITE-IN"", ""votes"": 7, ""votes_pct"": 2.080000, ""party"": ""WI"" } ]"
"460200","1","22",22A,Martin,Waverly Twp,36.7747474547524,R,"92.68",-92.68,2.22979097547557,"82","[ { ""name"": ""Rich Draheim"", ""votes"": 79, ""votes_pct"": 96.340000, ""party"": ""R"" }, { ""name"": ""WRITE-IN"", ""votes"": 3, ""votes_pct"": 3.660000, ""party"": ""WI"" } ]"
"460205","1","22",22A,Martin,Welcome,1.4548969881865,R,"96.98",-96.98,182.143479677085,"265","[ { ""name"": ""Rich Draheim"", ""votes"": 261, ""votes_pct"": 98.490000, ""party"": ""R"" }, { ""name"": ""WRITE-IN"", ""votes"": 4, ""votes_pct"": 1.510000, ""party"": ""WI"" } ]"
"460210","1","22",22A,Martin,Westford Twp,36.5569756951885,R,"96.70",-96.7,3.30990180940831,"121","[ { ""name"": ""Rich Draheim"", ""votes"": 119, ""votes_pct"": 98.350000, ""party"": ""R"" }, { ""name"": ""WRITE-IN"", ""votes"": 2, ""votes_pct"": 1.650000, ""party"": ""WI"" } ]"
"470005","7","16",16A,Meeker,Acton Twp,35.4735275619196,R,"46.16",-46.16,5.13058645442904,"182","[ { ""name"": ""Andrew Robert Lang"", ""votes"": 133, ""votes_pct"": 73.080000, ""party"": ""R"" }, { ""name"": ""Fernando Alvarado"", ""votes"": 49, ""votes_pct"": 26.920000, ""party"": ""DFL"" }, { ""name"": ""WRITE-IN"", ""votes"": 0, ""votes_pct"": 0, ""party"": ""WI"" } ]"
"470010","7","16",16A,Meeker,Cedar Mills,0.295903995848218,R,"58.34",-58.34,81.1073873173063,"24","[ { ""name"": ""Andrew Robert Lang"", ""votes"": 19, ""votes_pct"": 79.170000, ""party"": ""R"" }, { ""name"": ""Fernando Alvarado"", ""votes"": 5, ""votes_pct"": 20.830000, ""party"": ""DFL"" }, { ""name"": ""WRITE-IN"", ""votes"": 0, ""votes_pct"": 0, ""party"": ""WI"" } ]"
"470015","7","16",16A,Meeker,Cedar Mills Twp,39.1304611254843,R,"54.98",-54.98,4.88110782511603,"191","[ { ""name"": ""Andrew Robert Lang"", ""votes"": 148, ""votes_pct"": 77.490000, ""party"": ""R"" }, { ""name"": ""Fernando Alvarado"", ""votes"": 43, ""votes_pct"": 22.510000, ""party"": ""DFL"" }, { ""name"": ""WRITE-IN"", ""votes"": 0, ""votes_pct"": 0, ""party"": ""WI"" } ]"
"470020","7","17",17A,Meeker,Collinwood Twp,36.0427770957583,R,"51.31",-51.31,18.0618712667569,"651","[ { ""name"": ""Glenn Gruenhagen"", ""votes"": 492, ""votes_pct"": 75.580000, ""party"": ""R"" }, { ""name"": ""Chad Tschimperle"", ""votes"": 158, ""votes_pct"": 24.270000, ""party"": ""DFL"" }, { ""name"": ""WRITE-IN"", ""votes"": 1, ""votes_pct"": 0.150000, ""party"": ""WI"" } ]"
"470025","7","16",16A,Meeker,Cosmos,0.997955907012207,R,"29.94",-29.94,167.342062737004,"167","[ { ""name"": ""Andrew Robert Lang"", ""votes"": 108, ""votes_pct"": 64.670000, ""party"": ""R"" }, { ""name"": ""Fernando Alvarado"", ""votes"": 58, ""votes_pct"": 34.730000, ""party"": ""DFL"" }, { ""name"": ""WRITE-IN"", ""votes"": 1, ""votes_pct"": 0.600000, ""party"": ""WI"" } ]"
"470030","7","16",16A,Meeker,Cosmos Twp,35.1819614573856,R,"53.84",-53.84,2.58655277393287,"91","[ { ""name"": ""Andrew Robert Lang"", ""votes"": 70, ""votes_pct"": 76.920000, ""party"": ""R"" }, { ""name"": ""Fernando Alvarado"", ""votes"": 21, ""votes_pct"": 23.080000, ""party"": ""DFL"" }, { ""name"": ""WRITE-IN"", ""votes"": 0, ""votes_pct"": 0, ""party"": ""WI"" } ]"
"470035","7","16",16A,Meeker,Danielson Twp,35.9756983390533,R,"48.52",-48.52,3.78032967472283,"136","[ { ""name"": ""Andrew Robert Lang"", ""votes"": 101, ""votes_pct"": 74.260000, ""party"": ""R"" }, { ""name"": ""Fernando Alvarado"", ""votes"": 35, ""votes_pct"": 25.740000, ""party"": ""DFL"" }, { ""name"": ""WRITE-IN"", ""votes"": 0, ""votes_pct"": 0, ""party"": ""WI"" } ]"
"470040","7","17",17A,Meeker,Darwin,2.10904521894109,R,"47.72",-47.72,72.5446750149901,"153","[ { ""name"": ""Glenn Gruenhagen"", ""votes"": 113, ""votes_pct"": 73.860000, ""party"": ""R"" }, { ""name"": ""Chad Tschimperle"", ""votes"": 40, ""votes_pct"": 26.140000, ""party"": ""DFL"" }, { ""name"": ""WRITE-IN"", ""votes"": 0, ""votes_pct"": 0, ""party"": ""WI"" } ]"
"470045","7","17",17A,Meeker,Darwin Twp,33.6040936866063,R,"49.46",-49.46,10.8320136050889,"364","[ { ""name"": ""Glenn Gruenhagen"", ""votes"": 272, ""votes_pct"": 74.730000, ""party"": ""R"" }, { ""name"": ""Chad Tschimperle"", ""votes"": 92, ""votes_pct"": 25.270000, ""party"": ""DFL"" }, { ""name"": ""WRITE-IN"", ""votes"": 0, ""votes_pct"": 0, ""party"": ""WI"" } ]"
"470050","7","17",17A,Meeker,Dassel,1.74454609411239,R,"39.54",-39.54,400.104074266456,"698","[ { ""name"": ""Glenn Gruenhagen"", ""votes"": 487, ""votes_pct"": 69.770000, ""party"": ""R"" }, { ""name"": ""Chad Tschimperle"", ""votes"": 211, ""votes_pct"": 30.230000, ""party"": ""DFL"" }, { ""name"": ""WRITE-IN"", ""votes"": 0, ""votes_pct"": 0, ""party"": ""WI"" } ]"
"470055","7","17",17A,Meeker,Dassel Twp,34.0603072761838,R,"49.04",-49.04,26.1594821436922,"891","[ { ""name"": ""Glenn Gruenhagen"", ""votes"": 664, ""votes_pct"": 74.520000, ""party"": ""R"" }, { ""name"": ""Chad Tschimperle"", ""votes"": 227, ""votes_pct"": 25.480000, ""party"": ""DFL"" }, { ""name"": ""WRITE-IN"", ""votes"": 0, ""votes_pct"": 0, ""party"": ""WI"" } ]"
"470060","7","16",16A,Meeker,Eden Valley,0.712818135798912,R,"53.36",-53.36,270.756298566519,"193","[ { ""name"": ""Andrew Robert Lang"", ""votes"": 148, ""votes_pct"": 76.680000, ""party"": ""R"" }, { ""name"": ""Fernando Alvarado"", ""votes"": 45, ""votes_pct"": 23.320000, ""party"": ""DFL"" }, { ""name"": ""WRITE-IN"", ""votes"": 0, ""votes_pct"": 0, ""party"": ""WI"" } ]"
"470065","7","17",17A,Meeker,Ellsworth Twp,36.2524436996436,R,"48.80",-48.8,14.9231319268367,"541","[ { ""name"": ""Glenn Gruenhagen"", ""votes"": 401, ""votes_pct"": 74.120000, ""party"": ""R"" }, { ""name"": ""Chad Tschimperle"", ""votes"": 137, ""votes_pct"": 25.320000, ""party"": ""DFL"" }, { ""name"": ""WRITE-IN"", ""votes"": 3, ""votes_pct"": 0.550000, ""party"": ""WI"" } ]"
"470070","7","17",17A,Meeker,Forest City Twp,35.7131794151246,R,"47.68",-47.68,9.63229837370108,"344","[ { ""name"": ""Glenn Gruenhagen"", ""votes"": 254, ""votes_pct"": 73.840000, ""party"": ""R"" }, { ""name"": ""Chad Tschimperle"", ""votes"": 90, ""votes_pct"": 26.160000, ""party"": ""DFL"" }, { ""name"": ""WRITE-IN"", ""votes"": 0, ""votes_pct"": 0, ""party"": ""WI"" } ]"
"470075","7","16",16A,Meeker,Forest Prairie Twp,35.1801541351003,R,"56.72",-56.72,12.4786263958405,"439","[ { ""name"": ""Andrew Robert Lang"", ""votes"": 344, ""votes_pct"": 78.360000, ""party"": ""R"" }, { ""name"": ""Fernando Alvarado"", ""votes"": 95, ""votes_pct"": 21.640000, ""party"": ""DFL"" }, { ""name"": ""WRITE-IN"", ""votes"": 0, ""votes_pct"": 0, ""party"": ""WI"" } ]"
"470080","7","16",16A,Meeker,Greenleaf Twp,38.8129902946929,R,"37.54",-37.54,10.2285342352064,"397","[ { ""name"": ""Andrew Robert Lang"", ""votes"": 273, ""votes_pct"": 68.770000, ""party"": ""R"" }, { ""name"": ""Fernando Alvarado"", ""votes"": 124, ""votes_pct"": 31.230000, ""party"": ""DFL"" }, { ""name"": ""WRITE-IN"", ""votes"": 0, ""votes_pct"": 0, ""party"": ""WI"" } ]"
"470085","7","16",16A,Meeker,Grove City,0.596106966795912,R,"50.24",-50.24,337.18780553829,"201","[ { ""name"": ""Andrew Robert Lang"", ""votes"": 151, ""votes_pct"": 75.120000, ""party"": ""R"" }, { ""name"": ""Fernando Alvarado"", ""votes"": 50, ""votes_pct"": 24.880000, ""party"": ""DFL"" }, { ""name"": ""WRITE-IN"", ""votes"": 0, ""votes_pct"": 0, ""party"": ""WI"" } ]"
"470090","7","16",16A,Meeker,Harvey Twp,38.9390839902207,R,"48.06",-48.06,4.6482860265911,"181","[ { ""name"": ""Andrew Robert Lang"", ""votes"": 134, ""votes_pct"": 74.030000, ""party"": ""R"" }, { ""name"": ""Fernando Alvarado"", ""votes"": 47, ""votes_pct"": 25.970000, ""party"": ""DFL"" }, { ""name"": ""WRITE-IN"", ""votes"": 0, ""votes_pct"": 0, ""party"": ""WI"" } ]"
"470095","7","29",29A,Meeker,Kingston,0.55407464723754,R,"63.64",-63.64,99.2646031978083,"55","[ { ""name"": ""Bruce Anderson"", ""votes"": 45, ""votes_pct"": 81.820000, ""party"": ""R"" }, { ""name"": ""Chris Brazelton"", ""votes"": 10, ""votes_pct"": 18.180000, ""party"": ""DFL"" }, { ""name"": ""WRITE-IN"", ""votes"": 0, ""votes_pct"": 0, ""party"": ""WI"" } ]"
"470100","7","29",29A,Meeker,Kingston Twp,53.4271683696894,R,"59.76",-59.76,11.9976412667914,"641","[ { ""name"": ""Bruce Anderson"", ""votes"": 512, ""votes_pct"": 79.880000, ""party"": ""R"" }, { ""name"": ""Chris Brazelton"", ""votes"": 129, ""votes_pct"": 20.120000, ""party"": ""DFL"" }, { ""name"": ""WRITE-IN"", ""votes"": 0, ""votes_pct"": 0, ""party"": ""WI"" } ]"
"470105","7","16",16A,Meeker,Litchfield W-1,1.02289479683005,R,"14.78",-14.78,621.764820752793,"636","[ { ""name"": ""Andrew Robert Lang"", ""votes"": 365, ""votes_pct"": 57.390000, ""party"": ""R"" }, { ""name"": ""Fernando Alvarado"", ""votes"": 271, ""votes_pct"": 42.610000, ""party"": ""DFL"" }, { ""name"": ""WRITE-IN"", ""votes"": 0, ""votes_pct"": 0, ""party"": ""WI"" } ]"
"470110","7","16",16A,Meeker,Litchfield W-2,0.729006651575631,R,"31.81",-31.81,746.220900487302,"544","[ { ""name"": ""Andrew Robert Lang"", ""votes"": 357, ""votes_pct"": 65.630000, ""party"": ""R"" }, { ""name"": ""Fernando Alvarado"", ""votes"": 184, ""votes_pct"": 33.820000, ""party"": ""DFL"" }, { ""name"": ""WRITE-IN"", ""votes"": 3, ""votes_pct"": 0.550000, ""party"": ""WI"" } ]"
"470115","7","16",16A,Meeker,Litchfield W-3,0.90869777751753,R,"25.72",-25.72,530.429381391,"482","[ { ""name"": ""Andrew Robert Lang"", ""votes"": 303, ""votes_pct"": 62.860000, ""party"": ""R"" }, { ""name"": ""Fernando Alvarado"", ""votes"": 179, ""votes_pct"": 37.140000, ""party"": ""DFL"" }, { ""name"": ""WRITE-IN"", ""votes"": 0, ""votes_pct"": 0, ""party"": ""WI"" } ]"
"470120","7","16",16A,Meeker,Litchfield W-4,2.01286049806413,R,"23.23",-23.23,260.822844158807,"525","[ { ""name"": ""Andrew Robert Lang"", ""votes"": 323, ""votes_pct"": 61.520000, ""party"": ""R"" }, { ""name"": ""Fernando Alvarado"", ""votes"": 201, ""votes_pct"": 38.290000, ""party"": ""DFL"" }, { ""name"": ""WRITE-IN"", ""votes"": 1, ""votes_pct"": 0.190000, ""party"": ""WI"" } ]"
"470125","7","16",16A,Meeker,Litchfield W-5,0.789341375113434,R,"25.72",-25.72,527.021657695592,"416","[ { ""name"": ""Andrew Robert Lang"", ""votes"": 261, ""votes_pct"": 62.740000, ""party"": ""R"" }, { ""name"": ""Fernando Alvarado"", ""votes"": 154, ""votes_pct"": 37.020000, ""party"": ""DFL"" }, { ""name"": ""WRITE-IN"", ""votes"": 1, ""votes_pct"": 0.240000, ""party"": ""WI"" } ]"
"470130","7","16",16A,Meeker,Litchfield Twp,33.5454441230938,R,"41.64",-41.64,14.1002753835765,"473","[ { ""name"": ""Andrew Robert Lang"", ""votes"": 335, ""votes_pct"": 70.820000, ""party"": ""R"" }, { ""name"": ""Fernando Alvarado"", ""votes"": 138, ""votes_pct"": 29.180000, ""party"": ""DFL"" }, { ""name"": ""WRITE-IN"", ""votes"": 0, ""votes_pct"": 0, ""party"": ""WI"" } ]"
"470135","7","16",16A,Meeker,Manannah Twp,38.4463663651782,R,"59.50",-59.5,6.16443171115012,"237","[ { ""name"": ""Andrew Robert Lang"", ""votes"": 189, ""votes_pct"": 79.750000, ""party"": ""R"" }, { ""name"": ""Fernando Alvarado"", ""votes"": 48, ""votes_pct"": 20.250000, ""party"": ""DFL"" }, { ""name"": ""WRITE-IN"", ""votes"": 0, ""votes_pct"": 0, ""party"": ""WI"" } ]"
"470140","7","16",16A,Meeker,Swede Grove Twp,35.5468009033566,R,"70.06",-70.06,4.13539323551671,"147","[ { ""name"": ""Andrew Robert Lang"", ""votes"": 125, ""votes_pct"": 85.030000, ""party"": ""R"" }, { ""name"": ""Fernando Alvarado"", ""votes"": 22, ""votes_pct"": 14.970000, ""party"": ""DFL"" }, { ""name"": ""WRITE-IN"", ""votes"": 0, ""votes_pct"": 0, ""party"": ""WI"" } ]"
"470145","7","16",16A,Meeker,Union Grove Twp,35.926653586129,R,"59.32",-59.32,9.85340867195815,"354","[ { ""name"": ""Andrew Robert Lang"", ""votes"": 282, ""votes_pct"": 79.660000, ""party"": ""R"" }, { ""name"": ""Fernando Alvarado"", ""votes"": 72, ""votes_pct"": 20.340000, ""party"": ""DFL"" }, { ""name"": ""WRITE-IN"", ""votes"": 0, ""votes_pct"": 0, ""party"": ""WI"" } ]"
"470150","7","16",16A,Meeker,Watkins,0.658267110956169,R,"52.66",-52.66,513.469371892265,"338","[ { ""name"": ""Andrew Robert Lang"", ""votes"": 258, ""votes_pct"": 76.330000, ""party"": ""R"" }, { ""name"": ""Fernando Alvarado"", ""votes"": 80, ""votes_pct"": 23.670000, ""party"": ""DFL"" }, { ""name"": ""WRITE-IN"", ""votes"": 0, ""votes_pct"": 0, ""party"": ""WI"" } ]"
"480005","8","10",10B,Mille Lacs,Bock,0.166247251828258,R,"24.14",-24.14,174.438973763961,"29","[ { ""name"": ""Nathan Wesenberg"", ""votes"": 18, ""votes_pct"": 62.070000, ""party"": ""R"" }, { ""name"": ""Suzanne M. Cekalla"", ""votes"": 11, ""votes_pct"": 37.930000, ""party"": ""DFL"" }, { ""name"": ""WRITE-IN"", ""votes"": 0, ""votes_pct"": 0, ""party"": ""WI"" } ]"
"480010","8","10",10B,Mille Lacs,Bogus Brook Twp,36.2696256328864,R,"52.89",-52.89,18.610613928917,"675","[ { ""name"": ""Nathan Wesenberg"", ""votes"": 515, ""votes_pct"": 76.300000, ""party"": ""R"" }, { ""name"": ""Suzanne M. Cekalla"", ""votes"": 158, ""votes_pct"": 23.410000, ""party"": ""DFL"" }, { ""name"": ""WRITE-IN"", ""votes"": 2, ""votes_pct"": 0.300000, ""party"": ""WI"" } ]"
"480015","8","10",10B,Mille Lacs,Borgholm Twp,34.8222294114037,R,"49.44",-49.44,23.0599824759362,"803","[ { ""name"": ""Nathan Wesenberg"", ""votes"": 599, ""votes_pct"": 74.600000, ""party"": ""R"" }, { ""name"": ""Suzanne M. Cekalla"", ""votes"": 202, ""votes_pct"": 25.160000, ""party"": ""DFL"" }, { ""name"": ""WRITE-IN"", ""votes"": 2, ""votes_pct"": 0.250000, ""party"": ""WI"" } ]"
"480020","8","10",10A,Mille Lacs,Bradbury Twp,36.5382483176997,R,"46.34",-46.34,2.24422362251772,"82","[ { ""name"": ""Nathan Wesenberg"", ""votes"": 60, ""votes_pct"": 73.170000, ""party"": ""R"" }, { ""name"": ""Suzanne M. Cekalla"", ""votes"": 22, ""votes_pct"": 26.830000, ""party"": ""DFL"" }, { ""name"": ""WRITE-IN"", ""votes"": 0, ""votes_pct"": 0, ""party"": ""WI"" } ]"
"480025","8","10",10B,Mille Lacs,Dailey Twp,31.087544052116,R,"51.06",-51.06,3.02371907676,"94","[ { ""name"": ""Nathan Wesenberg"", ""votes"": 71, ""votes_pct"": 75.530000, ""party"": ""R"" }, { ""name"": ""Suzanne M. Cekalla"", ""votes"": 23, ""votes_pct"": 24.470000, ""party"": ""DFL"" }, { ""name"": ""WRITE-IN"", ""votes"": 0, ""votes_pct"": 0, ""party"": ""WI"" } ]"
"480030","8","10",10A,Mille Lacs,East Side Twp,38.1570148022521,R,"32.96",-32.96,9.46090782706339,"361","[ { ""name"": ""Nathan Wesenberg"", ""votes"": 239, ""votes_pct"": 66.200000, ""party"": ""R"" }, { ""name"": ""Suzanne M. Cekalla"", ""votes"": 120, ""votes_pct"": 33.240000, ""party"": ""DFL"" }, { ""name"": ""WRITE-IN"", ""votes"": 2, ""votes_pct"": 0.550000, ""party"": ""WI"" } ]"
"480035","8","10",10B,Mille Lacs,Foreston,1.44000229508893,R,"38.05",-38.05,142.36088421466,"205","[ { ""name"": ""Nathan Wesenberg"", ""votes"": 141, ""votes_pct"": 68.780000, ""party"": ""R"" }, { ""name"": ""Suzanne M. Cekalla"", ""votes"": 63, ""votes_pct"": 30.730000, ""party"": ""DFL"" }, { ""name"": ""WRITE-IN"", ""votes"": 1, ""votes_pct"": 0.490000, ""party"": ""WI"" } ]"
"480040","8","27",27B,Mille Lacs,Greenbush Twp,37.1661932782869,R,"53.25",-53.25,15.7132046219321,"584","[ { ""name"": ""Andrew Mathews"", ""votes"": 447, ""votes_pct"": 76.540000, ""party"": ""R"" }, { ""name"": ""Emy Minzel"", ""votes"": 136, ""votes_pct"": 23.290000, ""party"": ""DFL"" }, { ""name"": ""WRITE-IN"", ""votes"": 1, ""votes_pct"": 0.170000, ""party"": ""WI"" } ]"
"480045","8","10",10B,Mille Lacs,Hayland Twp,35.8640871071898,R,"58.50",-58.5,6.71981414944997,"241","[ { ""name"": ""Nathan Wesenberg"", ""votes"": 191, ""votes_pct"": 79.250000, ""party"": ""R"" }, { ""name"": ""Suzanne M. Cekalla"", ""votes"": 50, ""votes_pct"": 20.750000, ""party"": ""DFL"" }, { ""name"": ""WRITE-IN"", ""votes"": 0, ""votes_pct"": 0, ""party"": ""WI"" } ]"
"480050","8","10",10A,Mille Lacs,Isle,3.1643918786899,R,"24.52",-24.52,97.9651104806729,"310","[ { ""name"": ""Nathan Wesenberg"", ""votes"": 193, ""votes_pct"": 62.260000, ""party"": ""R"" }, { ""name"": ""Suzanne M. Cekalla"", ""votes"": 117, ""votes_pct"": 37.740000, ""party"": ""DFL"" }, { ""name"": ""WRITE-IN"", ""votes"": 0, ""votes_pct"": 0, ""party"": ""WI"" } ]"
"480055","8","10",10A,Mille Lacs,Isle Harbor Twp,31.5214184384728,R,"42.60",-42.6,8.7876756098613,"277","[ { ""name"": ""Nathan Wesenberg"", ""votes"": 197, ""votes_pct"": 71.120000, ""party"": ""R"" }, { ""name"": ""Suzanne M. Cekalla"", ""votes"": 79, ""votes_pct"": 28.520000, ""party"": ""DFL"" }, { ""name"": ""WRITE-IN"", ""votes"": 1, ""votes_pct"": 0.360000, ""party"": ""WI"" } ]"
"480060","8","10",10A,Mille Lacs,Kathio Twp,72.5139276076215,DFL,"10.62",10.62,6.23328531376492,"452","[ { ""name"": ""Suzanne M. Cekalla"", ""votes"": 250, ""votes_pct"": 55.310000, ""party"": ""DFL"" }, { ""name"": ""Nathan Wesenberg"", ""votes"": 202, ""votes_pct"": 44.690000, ""party"": ""R"" }, { ""name"": ""WRITE-IN"", ""votes"": 0, ""votes_pct"": 0, ""party"": ""WI"" } ]"
"480065","8","10",10A,Mille Lacs,Lewis Twp,35.961060613305,R,"33.34",-33.34,0.500541410431602,"18","[ { ""name"": ""Nathan Wesenberg"", ""votes"": 12, ""votes_pct"": 66.670000, ""party"": ""R"" }, { ""name"": ""Suzanne M. Cekalla"", ""votes"": 6, ""votes_pct"": 33.330000, ""party"": ""DFL"" }, { ""name"": ""WRITE-IN"", ""votes"": 0, ""votes_pct"": 0, ""party"": ""WI"" } ]"
"480070","8","10",10B,Mille Lacs,Milaca,3.5633500416657,R,"28.86",-28.86,309.259541474872,"1102","[ { ""name"": ""Nathan Wesenberg"", ""votes"": 710, ""votes_pct"": 64.430000, ""party"": ""R"" }, { ""name"": ""Suzanne M. Cekalla"", ""votes"": 392, ""votes_pct"": 35.570000, ""party"": ""DFL"" }, { ""name"": ""WRITE-IN"", ""votes"": 0, ""votes_pct"": 0, ""party"": ""WI"" } ]"
"480075","8","10",10B,Mille Lacs,Milaca Twp,32.5518007727999,R,"55.70",-55.7,24.2690106613125,"790","[ { ""name"": ""Nathan Wesenberg"", ""votes"": 615, ""votes_pct"": 77.850000, ""party"": ""R"" }, { ""name"": ""Suzanne M. Cekalla"", ""votes"": 175, ""votes_pct"": 22.150000, ""party"": ""DFL"" }, { ""name"": ""WRITE-IN"", ""votes"": 0, ""votes_pct"": 0, ""party"": ""WI"" } ]"
"480080","8","10",10B,Mille Lacs,Milo Twp,34.6609107873943,R,"50.70",-50.7,20.5995740960065,"714","[ { ""name"": ""Nathan Wesenberg"", ""votes"": 538, ""votes_pct"": 75.350000, ""party"": ""R"" }, { ""name"": ""Suzanne M. Cekalla"", ""votes"": 176, ""votes_pct"": 24.650000, ""party"": ""DFL"" }, { ""name"": ""WRITE-IN"", ""votes"": 0, ""votes_pct"": 0, ""party"": ""WI"" } ]"
"480085","8","10",10A,Mille Lacs,Mudgett Twp,30.1530864837946,R,"75.00",-75,1.5918768390691,"48","[ { ""name"": ""Nathan Wesenberg"", ""votes"": 42, ""votes_pct"": 87.500000, ""party"": ""R"" }, { ""name"": ""Suzanne M. Cekalla"", ""votes"": 6, ""votes_pct"": 12.500000, ""party"": ""DFL"" }, { ""name"": ""WRITE-IN"", ""votes"": 0, ""votes_pct"": 0, ""party"": ""WI"" } ]"
"480090","8","10",10A,Mille Lacs,Onamia,0.999406759298805,R,"2.06",-2.06,243.144243061245,"243","[ { ""name"": ""Nathan Wesenberg"", ""votes"": 124, ""votes_pct"": 51.030000, ""party"": ""R"" }, { ""name"": ""Suzanne M. Cekalla"", ""votes"": 119, ""votes_pct"": 48.970000, ""party"": ""DFL"" }, { ""name"": ""WRITE-IN"", ""votes"": 0, ""votes_pct"": 0, ""party"": ""WI"" } ]"
"480095","8","10",10A,Mille Lacs,Onamia Twp,36.0575668077639,R,"22.44",-22.44,5.43575225263944,"196","[ { ""name"": ""Nathan Wesenberg"", ""votes"": 120, ""votes_pct"": 61.220000, ""party"": ""R"" }, { ""name"": ""Suzanne M. Cekalla"", ""votes"": 76, ""votes_pct"": 38.780000, ""party"": ""DFL"" }, { ""name"": ""WRITE-IN"", ""votes"": 0, ""votes_pct"": 0, ""party"": ""WI"" } ]"
"480100","8","10",10B,Mille Lacs,Page Twp,35.7153617969577,R,"55.62",-55.62,10.7236768922393,"383","[ { ""name"": ""Nathan Wesenberg"", ""votes"": 298, ""votes_pct"": 77.810000, ""party"": ""R"" }, { ""name"": ""Suzanne M. Cekalla"", ""votes"": 85, ""votes_pct"": 22.190000, ""party"": ""DFL"" }, { ""name"": ""WRITE-IN"", ""votes"": 0, ""votes_pct"": 0, ""party"": ""WI"" } ]"
"480105","8","10",10B,Mille Lacs,Pease,0.519564169759635,R,"29.32",-29.32,223.26404850755,"116","[ { ""name"": ""Nathan Wesenberg"", ""votes"": 75, ""votes_pct"": 64.660000, ""party"": ""R"" }, { ""name"": ""Suzanne M. Cekalla"", ""votes"": 41, ""votes_pct"": 35.340000, ""party"": ""DFL"" }, { ""name"": ""WRITE-IN"", ""votes"": 0, ""votes_pct"": 0, ""party"": ""WI"" } ]"
"480110","8","27",27B,Mille Lacs,Princeton,3.70149059234741,R,"25.80",-25.8,451.169591907816,"1670","[ { ""name"": ""Andrew Mathews"", ""votes"": 1049, ""votes_pct"": 62.810000, ""party"": ""R"" }, { ""name"": ""Emy Minzel"", ""votes"": 618, ""votes_pct"": 37.010000, ""party"": ""DFL"" }, { ""name"": ""WRITE-IN"", ""votes"": 3, ""votes_pct"": 0.180000, ""party"": ""WI"" } ]"
"480115","8","27",27B,Mille Lacs,Princeton Twp,32.4842668814921,R,"47.47",-47.47,32.2925557725197,"1049","[ { ""name"": ""Andrew Mathews"", ""votes"": 773, ""votes_pct"": 73.690000, ""party"": ""R"" }, { ""name"": ""Emy Minzel"", ""votes"": 275, ""votes_pct"": 26.220000, ""party"": ""DFL"" }, { ""name"": ""WRITE-IN"", ""votes"": 1, ""votes_pct"": 0.100000, ""party"": ""WI"" } ]"
"480120","8","10",10A,Mille Lacs,South Harbor Twp,74.8188658524879,R,"35.06",-35.06,5.18585781245304,"388","[ { ""name"": ""Nathan Wesenberg"", ""votes"": 262, ""votes_pct"": 67.530000, ""party"": ""R"" }, { ""name"": ""Suzanne M. Cekalla"", ""votes"": 126, ""votes_pct"": 32.470000, ""party"": ""DFL"" }, { ""name"": ""WRITE-IN"", ""votes"": 0, ""votes_pct"": 0, ""party"": ""WI"" } ]"
"480125","8","10",10A,Mille Lacs,Wahkon,0.964231928987184,R,"20.80",-20.8,154.527137632237,"149","[ { ""name"": ""Nathan Wesenberg"", ""votes"": 90, ""votes_pct"": 60.400000, ""party"": ""R"" }, { ""name"": ""Suzanne M. Cekalla"", ""votes"": 59, ""votes_pct"": 39.600000, ""party"": ""DFL"" }, { ""name"": ""WRITE-IN"", ""votes"": 0, ""votes_pct"": 0, ""party"": ""WI"" } ]"
"490005","7","10",10B,Morrison,Agram Twp,20.0454497246074,R,"60.26",-60.26,15.8140627601314,"317","[ { ""name"": ""Nathan Wesenberg"", ""votes"": 254, ""votes_pct"": 80.130000, ""party"": ""R"" }, { ""name"": ""Suzanne M. Cekalla"", ""votes"": 63, ""votes_pct"": 19.870000, ""party"": ""DFL"" }, { ""name"": ""WRITE-IN"", ""votes"": 0, ""votes_pct"": 0, ""party"": ""WI"" } ]"
"490010","7","10",10A,Morrison,Belle Prairie Twp,43.4615991538014,R,"57.02",-57.02,8.03007728190035,"349","[ { ""name"": ""Nathan Wesenberg"", ""votes"": 274, ""votes_pct"": 78.510000, ""party"": ""R"" }, { ""name"": ""Suzanne M. Cekalla"", ""votes"": 75, ""votes_pct"": 21.490000, ""party"": ""DFL"" }, { ""name"": ""WRITE-IN"", ""votes"": 0, ""votes_pct"": 0, ""party"": ""WI"" } ]"
"490015","7","10",10B,Morrison,Bellevue Twp,45.7685364426147,R,"55.46",-55.46,13.3934804921846,"613","[ { ""name"": ""Nathan Wesenberg"", ""votes"": 476, ""votes_pct"": 77.650000, ""party"": ""R"" }, { ""name"": ""Suzanne M. Cekalla"", ""votes"": 136, ""votes_pct"": 22.190000, ""party"": ""DFL"" }, { ""name"": ""WRITE-IN"", ""votes"": 1, ""votes_pct"": 0.160000, ""party"": ""WI"" } ]"
"490020","7","10",10B,Morrison,Bowlus,1.27314221231984,R,"60.19",-60.19,84.8294864115844,"108","[ { ""name"": ""Nathan Wesenberg"", ""votes"": 86, ""votes_pct"": 79.630000, ""party"": ""R"" }, { ""name"": ""Suzanne M. Cekalla"", ""votes"": 21, ""votes_pct"": 19.440000, ""party"": ""DFL"" }, { ""name"": ""WRITE-IN"", ""votes"": 1, ""votes_pct"": 0.930000, ""party"": ""WI"" } ]"
"490025","7","10",10B,Morrison,Buckman,1.01062719844129,R,"84.96",-84.96,111.811754298996,"113","[ { ""name"": ""Nathan Wesenberg"", ""votes"": 104, ""votes_pct"": 92.040000, ""party"": ""R"" }, { ""name"": ""Suzanne M. Cekalla"", ""votes"": 8, ""votes_pct"": 7.080000, ""party"": ""DFL"" }, { ""name"": ""WRITE-IN"", ""votes"": 1, ""votes_pct"": 0.890000, ""party"": ""WI"" } ]"
"490030","7","10",10B,Morrison,Buckman Twp,54.5405759597556,R,"81.64",-81.64,5.79385153968983,"316","[ { ""name"": ""Nathan Wesenberg"", ""votes"": 287, ""votes_pct"": 90.820000, ""party"": ""R"" }, { ""name"": ""Suzanne M. Cekalla"", ""votes"": 29, ""votes_pct"": 9.180000, ""party"": ""DFL"" }, { ""name"": ""WRITE-IN"", ""votes"": 0, ""votes_pct"": 0, ""party"": ""WI"" } ]"
"490035","7","10",10A,Morrison,Buh Twp,35.8810328453405,R,"83.20",-83.2,7.30190797821538,"262","[ { ""name"": ""Nathan Wesenberg"", ""votes"": 240, ""votes_pct"": 91.600000, ""party"": ""R"" }, { ""name"": ""Suzanne M. Cekalla"", ""votes"": 22, ""votes_pct"": 8.400000, ""party"": ""DFL"" }, { ""name"": ""WRITE-IN"", ""votes"": 0, ""votes_pct"": 0, ""party"": ""WI"" } ]"
"490045","7","10",10A,Morrison,Culdrum Twp,33.8570123898649,R,"69.37",-69.37,6.55698729243031,"222","[ { ""name"": ""Nathan Wesenberg"", ""votes"": 186, ""votes_pct"": 83.780000, ""party"": ""R"" }, { ""name"": ""Suzanne M. Cekalla"", ""votes"": 32, ""votes_pct"": 14.410000, ""party"": ""DFL"" }, { ""name"": ""WRITE-IN"", ""votes"": 4, ""votes_pct"": 1.800000, ""party"": ""WI"" } ]"
"490050","7","10",10A,Morrison,Cushing Twp,79.9574404872672,R,"61.86",-61.86,4.58994182109222,"367","[ { ""name"": ""Nathan Wesenberg"", ""votes"": 297, ""votes_pct"": 80.930000, ""party"": ""R"" }, { ""name"": ""Suzanne M. Cekalla"", ""votes"": 70, ""votes_pct"": 19.070000, ""party"": ""DFL"" }, { ""name"": ""WRITE-IN"", ""votes"": 0, ""votes_pct"": 0, ""party"": ""WI"" } ]"
"490055","7","10",10A,Morrison,Darling Twp,34.2750863297829,R,"56.77",-56.77,7.96496899740207,"273","[ { ""name"": ""Nathan Wesenberg"", ""votes"": 213, ""votes_pct"": 78.020000, ""party"": ""R"" }, { ""name"": ""Suzanne M. Cekalla"", ""votes"": 58, ""votes_pct"": 21.250000, ""party"": ""DFL"" }, { ""name"": ""WRITE-IN"", ""votes"": 2, ""votes_pct"": 0.730000, ""party"": ""WI"" } ]"
"490060","7","10",10B,Morrison,Elmdale,3.43557446668851,R,"70.96",-70.96,18.0464724607646,"62","[ { ""name"": ""Nathan Wesenberg"", ""votes"": 53, ""votes_pct"": 85.480000, ""party"": ""R"" }, { ""name"": ""Suzanne M. Cekalla"", ""votes"": 9, ""votes_pct"": 14.520000, ""party"": ""DFL"" }, { ""name"": ""WRITE-IN"", ""votes"": 0, ""votes_pct"": 0, ""party"": ""WI"" } ]"
"490065","7","10",10B,Morrison,Elmdale Twp,39.6494382485916,R,"76.96",-76.96,13.4680344435641,"534","[ { ""name"": ""Nathan Wesenberg"", ""votes"": 471, ""votes_pct"": 88.200000, ""party"": ""R"" }, { ""name"": ""Suzanne M. Cekalla"", ""votes"": 60, ""votes_pct"": 11.240000, ""party"": ""DFL"" }, { ""name"": ""WRITE-IN"", ""votes"": 3, ""votes_pct"": 0.560000, ""party"": ""WI"" } ]"
"490070","7","10",10A,Morrison,Flensburg,7.02061340212089,R,"59.62",-59.62,14.8135204209624,"104","[ { ""name"": ""Nathan Wesenberg"", ""votes"": 83, ""votes_pct"": 79.810000, ""party"": ""R"" }, { ""name"": ""Suzanne M. Cekalla"", ""votes"": 21, ""votes_pct"": 20.190000, ""party"": ""DFL"" }, { ""name"": ""WRITE-IN"", ""votes"": 0, ""votes_pct"": 0, ""party"": ""WI"" } ]"
"490075","7","10",10B,Morrison,Genola,0.311226262174585,R,"80.64",-80.64,99.6059901352743,"31","[ { ""name"": ""Nathan Wesenberg"", ""votes"": 28, ""votes_pct"": 90.320000, ""party"": ""R"" }, { ""name"": ""Suzanne M. Cekalla"", ""votes"": 3, ""votes_pct"": 9.680000, ""party"": ""DFL"" }, { ""name"": ""WRITE-IN"", ""votes"": 0, ""votes_pct"": 0, ""party"": ""WI"" } ]"
"490080","7","10",10A,Morrison,Granite Twp,36.2347279830736,R,"64.26",-64.26,6.09912126574363,"221","[ { ""name"": ""Nathan Wesenberg"", ""votes"": 180, ""votes_pct"": 81.450000, ""party"": ""R"" }, { ""name"": ""Suzanne M. Cekalla"", ""votes"": 38, ""votes_pct"": 17.190000, ""party"": ""DFL"" }, { ""name"": ""WRITE-IN"", ""votes"": 3, ""votes_pct"": 1.360000, ""party"": ""WI"" } ]"
"490085","7","10",10A,Morrison,Green Prairie Twp,16.7447988689682,R,"40.75",-40.75,22.2755736225206,"373","[ { ""name"": ""Nathan Wesenberg"", ""votes"": 258, ""votes_pct"": 69.170000, ""party"": ""R"" }, { ""name"": ""Suzanne M. Cekalla"", ""votes"": 106, ""votes_pct"": 28.420000, ""party"": ""DFL"" }, { ""name"": ""WRITE-IN"", ""votes"": 9, ""votes_pct"": 2.410000, ""party"": ""WI"" } ]"
"490090","7","10",10A,Morrison,Harding,3.10154016631388,R,"26.54",-26.54,15.7986024273339,"49","[ { ""name"": ""Nathan Wesenberg"", ""votes"": 31, ""votes_pct"": 63.270000, ""party"": ""R"" }, { ""name"": ""Suzanne M. Cekalla"", ""votes"": 18, ""votes_pct"": 36.730000, ""party"": ""DFL"" }, { ""name"": ""WRITE-IN"", ""votes"": 0, ""votes_pct"": 0, ""party"": ""WI"" } ]"
"490095","7","10",10A,Morrison,Hillman,0.616826788272981,R,"28.58",-28.58,22.6968093250259,"14","[ { ""name"": ""Nathan Wesenberg"", ""votes"": 9, ""votes_pct"": 64.290000, ""party"": ""R"" }, { ""name"": ""Suzanne M. Cekalla"", ""votes"": 5, ""votes_pct"": 35.710000, ""party"": ""DFL"" }, { ""name"": ""WRITE-IN"", ""votes"": 0, ""votes_pct"": 0, ""party"": ""WI"" } ]"
"490100","7","10",10B,Morrison,Hillman Twp,28.2281459300112,R,"82.80",-82.8,3.29458407330698,"93","[ { ""name"": ""Nathan Wesenberg"", ""votes"": 85, ""votes_pct"": 91.400000, ""party"": ""R"" }, { ""name"": ""Suzanne M. Cekalla"", ""votes"": 8, ""votes_pct"": 8.600000, ""party"": ""DFL"" }, { ""name"": ""WRITE-IN"", ""votes"": 0, ""votes_pct"": 0, ""party"": ""WI"" } ]"
"490105","7","10",10B,Morrison,Lakin Twp,35.8972207379943,R,"54.10",-54.1,5.09788769820582,"183","[ { ""name"": ""Nathan Wesenberg"", ""votes"": 141, ""votes_pct"": 77.050000, ""party"": ""R"" }, { ""name"": ""Suzanne M. Cekalla"", ""votes"": 42, ""votes_pct"": 22.950000, ""party"": ""DFL"" }, { ""name"": ""WRITE-IN"", ""votes"": 0, ""votes_pct"": 0, ""party"": ""WI"" } ]"
"490110","7","10",10A,Morrison,Lastrup,0.444182104396602,R,"33.34",-33.34,81.0478397118319,"36","[ { ""name"": ""Nathan Wesenberg"", ""votes"": 24, ""votes_pct"": 66.670000, ""party"": ""R"" }, { ""name"": ""Suzanne M. Cekalla"", ""votes"": 12, ""votes_pct"": 33.330000, ""party"": ""DFL"" }, { ""name"": ""WRITE-IN"", ""votes"": 0, ""votes_pct"": 0, ""party"": ""WI"" } ]"
"490115","7","10",10A,Morrison,Leigh Twp,36.0458040276734,R,"73.00",-73,2.77424800743041,"100","[ { ""name"": ""Nathan Wesenberg"", ""votes"": 86, ""votes_pct"": 86, ""party"": ""R"" }, { ""name"": ""Suzanne M. Cekalla"", ""votes"": 13, ""votes_pct"": 13, ""party"": ""DFL"" }, { ""name"": ""WRITE-IN"", ""votes"": 1, ""votes_pct"": 1, ""party"": ""WI"" } ]"
"490120","7","10",10A,Morrison,Little Falls W-1,2.26067884824553,R,"19.30",-19.3,444.556731611817,"1005","[ { ""name"": ""Nathan Wesenberg"", ""votes"": 597, ""votes_pct"": 59.400000, ""party"": ""R"" }, { ""name"": ""Suzanne M. Cekalla"", ""votes"": 403, ""votes_pct"": 40.100000, ""party"": ""DFL"" }, { ""name"": ""WRITE-IN"", ""votes"": 5, ""votes_pct"": 0.500000, ""party"": ""WI"" } ]"
"490125","7","10",10A,Morrison,Little Falls W-2,3.38234605793627,R,"29.22",-29.22,376.36598331299,"1273","[ { ""name"": ""Nathan Wesenberg"", ""votes"": 818, ""votes_pct"": 64.260000, ""party"": ""R"" }, { ""name"": ""Suzanne M. Cekalla"", ""votes"": 446, ""votes_pct"": 35.040000, ""party"": ""DFL"" }, { ""name"": ""WRITE-IN"", ""votes"": 9, ""votes_pct"": 0.710000, ""party"": ""WI"" } ]"
"490130","7","10",10A,Morrison,Little Falls W-3,3.22349464832066,R,"25.00",-25,321.390327277175,"1036","[ { ""name"": ""Nathan Wesenberg"", ""votes"": 645, ""votes_pct"": 62.260000, ""party"": ""R"" }, { ""name"": ""Suzanne M. Cekalla"", ""votes"": 386, ""votes_pct"": 37.260000, ""party"": ""DFL"" }, { ""name"": ""WRITE-IN"", ""votes"": 5, ""votes_pct"": 0.480000, ""party"": ""WI"" } ]"
"490135","7","10",10A,Morrison,Little Falls Twp,36.0896508224752,R,"31.64",-31.64,23.9126724790187,"863","[ { ""name"": ""Nathan Wesenberg"", ""votes"": 566, ""votes_pct"": 65.590000, ""party"": ""R"" }, { ""name"": ""Suzanne M. Cekalla"", ""votes"": 293, ""votes_pct"": 33.950000, ""party"": ""DFL"" }, { ""name"": ""WRITE-IN"", ""votes"": 4, ""votes_pct"": 0.460000, ""party"": ""WI"" } ]"
"490140","7","10",10B,Morrison,Morrill Twp,35.1888492884128,R,"70.40",-70.4,8.63910034421338,"304","[ { ""name"": ""Nathan Wesenberg"", ""votes"": 259, ""votes_pct"": 85.200000, ""party"": ""R"" }, { ""name"": ""Suzanne M. Cekalla"", ""votes"": 45, ""votes_pct"": 14.800000, ""party"": ""DFL"" }, { ""name"": ""WRITE-IN"", ""votes"": 0, ""votes_pct"": 0, ""party"": ""WI"" } ]"
"490145","7","5",5B,Morrison,Motley,1.25115188273876,R,"53.76",-53.76,148.663006119487,"186","[ { ""name"": ""Paul J. Utke"", ""votes"": 143, ""votes_pct"": 76.880000, ""party"": ""R"" }, { ""name"": ""A. John Peters"", ""votes"": 43, ""votes_pct"": 23.120000, ""party"": ""DFL"" }, { ""name"": ""WRITE-IN"", ""votes"": 0, ""votes_pct"": 0, ""party"": ""WI"" } ]"
"490150","7","5",5B,Morrison,Motley Twp,16.1608859560091,R,"56.06",-56.06,8.16786903634566,"132","[ { ""name"": ""Paul J. Utke"", ""votes"": 103, ""votes_pct"": 78.030000, ""party"": ""R"" }, { ""name"": ""A. John Peters"", ""votes"": 29, ""votes_pct"": 21.970000, ""party"": ""DFL"" }, { ""name"": ""WRITE-IN"", ""votes"": 0, ""votes_pct"": 0, ""party"": ""WI"" } ]"
"490155","7","10",10B,Morrison,Mount Morris Twp,30.0990006184596,R,"63.26",-63.26,1.62796102837874,"49","[ { ""name"": ""Nathan Wesenberg"", ""votes"": 40, ""votes_pct"": 81.630000, ""party"": ""R"" }, { ""name"": ""Suzanne M. Cekalla"", ""votes"": 9, ""votes_pct"": 18.370000, ""party"": ""DFL"" }, { ""name"": ""WRITE-IN"", ""votes"": 0, ""votes_pct"": 0, ""party"": ""WI"" } ]"
"490160","7","10",10A,Morrison,Parker Twp,38.3390599145697,R,"43.27",-43.27,5.42527647948288,"208","[ { ""name"": ""Nathan Wesenberg"", ""votes"": 147, ""votes_pct"": 70.670000, ""party"": ""R"" }, { ""name"": ""Suzanne M. Cekalla"", ""votes"": 57, ""votes_pct"": 27.400000, ""party"": ""DFL"" }, { ""name"": ""WRITE-IN"", ""votes"": 4, ""votes_pct"": 1.920000, ""party"": ""WI"" } ]"
"490165","7","10",10B,Morrison,Pierz,1.3496341283568,R,"54.97",-54.97,439.378337832926,"593","[ { ""name"": ""Nathan Wesenberg"", ""votes"": 458, ""votes_pct"": 77.230000, ""party"": ""R"" }, { ""name"": ""Suzanne M. Cekalla"", ""votes"": 132, ""votes_pct"": 22.260000, ""party"": ""DFL"" }, { ""name"": ""WRITE-IN"", ""votes"": 3, ""votes_pct"": 0.510000, ""party"": ""WI"" } ]"
"490170","7","10",10B,Morrison,Pierz Twp,28.1407093933551,R,"70.34",-70.34,8.38642682034614,"236","[ { ""name"": ""Nathan Wesenberg"", ""votes"": 201, ""votes_pct"": 85.170000, ""party"": ""R"" }, { ""name"": ""Suzanne M. Cekalla"", ""votes"": 35, ""votes_pct"": 14.830000, ""party"": ""DFL"" }, { ""name"": ""WRITE-IN"", ""votes"": 0, ""votes_pct"": 0, ""party"": ""WI"" } ]"
"490175","7","10",10A,Morrison,Pike Creek Twp,33.8512120359742,R,"57.01",-57.01,15.1840944263315,"514","[ { ""name"": ""Nathan Wesenberg"", ""votes"": 401, ""votes_pct"": 78.020000, ""party"": ""R"" }, { ""name"": ""Suzanne M. Cekalla"", ""votes"": 108, ""votes_pct"": 21.010000, ""party"": ""DFL"" }, { ""name"": ""WRITE-IN"", ""votes"": 5, ""votes_pct"": 0.970000, ""party"": ""WI"" } ]"
"490180","7","10",10A,Morrison,Platte Twp,35.7111747734999,R,"71.24",-71.24,4.08835612174657,"146","[ { ""name"": ""Nathan Wesenberg"", ""votes"": 125, ""votes_pct"": 85.620000, ""party"": ""R"" }, { ""name"": ""Suzanne M. Cekalla"", ""votes"": 21, ""votes_pct"": 14.380000, ""party"": ""DFL"" }, { ""name"": ""WRITE-IN"", ""votes"": 0, ""votes_pct"": 0, ""party"": ""WI"" } ]"
"490185","7","10",10A,Morrison,Pulaski Twp,32.545020097457,R,"64.10",-64.1,4.79336007576131,"156","[ { ""name"": ""Nathan Wesenberg"", ""votes"": 128, ""votes_pct"": 82.050000, ""party"": ""R"" }, { ""name"": ""Suzanne M. Cekalla"", ""votes"": 28, ""votes_pct"": 17.950000, ""party"": ""DFL"" }, { ""name"": ""WRITE-IN"", ""votes"": 0, ""votes_pct"": 0, ""party"": ""WI"" } ]"
"490195","7","10",10A,Morrison,Randall,2.00384495365111,R,"51.72",-51.72,115.777420591989,"232","[ { ""name"": ""Nathan Wesenberg"", ""votes"": 176, ""votes_pct"": 75.860000, ""party"": ""R"" }, { ""name"": ""Suzanne M. Cekalla"", ""votes"": 56, ""votes_pct"": 24.140000, ""party"": ""DFL"" }, { ""name"": ""WRITE-IN"", ""votes"": 0, ""votes_pct"": 0, ""party"": ""WI"" } ]"
"490200","7","10",10A,Morrison,Richardson Twp,36.1784934607754,R,"60.98",-60.98,7.93288975150844,"287","[ { ""name"": ""Nathan Wesenberg"", ""votes"": 231, ""votes_pct"": 80.490000, ""party"": ""R"" }, { ""name"": ""Suzanne M. Cekalla"", ""votes"": 56, ""votes_pct"": 19.510000, ""party"": ""DFL"" }, { ""name"": ""WRITE-IN"", ""votes"": 0, ""votes_pct"": 0, ""party"": ""WI"" } ]"
"490205","7","10",10A,Morrison,Ripley Twp,48.3397815555369,R,"56.10",-56.1,8.295445016426,"401","[ { ""name"": ""Nathan Wesenberg"", ""votes"": 313, ""votes_pct"": 78.050000, ""party"": ""R"" }, { ""name"": ""Suzanne M. Cekalla"", ""votes"": 88, ""votes_pct"": 21.950000, ""party"": ""DFL"" }, { ""name"": ""WRITE-IN"", ""votes"": 0, ""votes_pct"": 0, ""party"": ""WI"" } ]"
"490210","7","5",5B,Morrison,Rosing Twp,19.4052217174616,R,"72.46",-72.46,7.11148792883011,"138","[ { ""name"": ""Paul J. Utke"", ""votes"": 119, ""votes_pct"": 86.230000, ""party"": ""R"" }, { ""name"": ""A. John Peters"", ""votes"": 19, ""votes_pct"": 13.770000, ""party"": ""DFL"" }, { ""name"": ""WRITE-IN"", ""votes"": 0, ""votes_pct"": 0, ""party"": ""WI"" } ]"
"490215","7","10",10B,Morrison,Royalton,1.60822772940001,R,"40.04",-40.04,290.381760905358,"467","[ { ""name"": ""Nathan Wesenberg"", ""votes"": 327, ""votes_pct"": 70.020000, ""party"": ""R"" }, { ""name"": ""Suzanne M. Cekalla"", ""votes"": 140, ""votes_pct"": 29.980000, ""party"": ""DFL"" }, { ""name"": ""WRITE-IN"", ""votes"": 0, ""votes_pct"": 0, ""party"": ""WI"" } ]"
"490220","7","5",5B,Morrison,Scandia Valley Twp,79.4093212902132,R,"44.24",-44.24,10.4773594142598,"832","[ { ""name"": ""Paul J. Utke"", ""votes"": 599, ""votes_pct"": 72, ""party"": ""R"" }, { ""name"": ""A. John Peters"", ""votes"": 231, ""votes_pct"": 27.760000, ""party"": ""DFL"" }, { ""name"": ""WRITE-IN"", ""votes"": 2, ""votes_pct"": 0.240000, ""party"": ""WI"" } ]"
"490225","7","10",10B,Morrison,Sobieski,4.01071864282947,R,"52.17",-52.17,22.9385325157329,"92","[ { ""name"": ""Nathan Wesenberg"", ""votes"": 69, ""votes_pct"": 75, ""party"": ""R"" }, { ""name"": ""Suzanne M. Cekalla"", ""votes"": 21, ""votes_pct"": 22.830000, ""party"": ""DFL"" }, { ""name"": ""WRITE-IN"", ""votes"": 2, ""votes_pct"": 2.170000, ""party"": ""WI"" } ]"
"490230","7","10",10B,Morrison,Swan River Twp,37.9790646726348,R,"38.92",-38.92,9.74220937743624,"370","[ { ""name"": ""Nathan Wesenberg"", ""votes"": 254, ""votes_pct"": 68.650000, ""party"": ""R"" }, { ""name"": ""Suzanne M. Cekalla"", ""votes"": 110, ""votes_pct"": 29.730000, ""party"": ""DFL"" }, { ""name"": ""WRITE-IN"", ""votes"": 6, ""votes_pct"": 1.620000, ""party"": ""WI"" } ]"
"490235","7","10",10B,Morrison,Swanville,0.492792733206774,R,"39.20",-39.2,253.656337800644,"125","[ { ""name"": ""Nathan Wesenberg"", ""votes"": 87, ""votes_pct"": 69.600000, ""party"": ""R"" }, { ""name"": ""Suzanne M. Cekalla"", ""votes"": 38, ""votes_pct"": 30.400000, ""party"": ""DFL"" }, { ""name"": ""WRITE-IN"", ""votes"": 0, ""votes_pct"": 0, ""party"": ""WI"" } ]"
"490240","7","10",10B,Morrison,Swanville Twp,37.097078081379,R,"66.42",-66.42,7.46689535473256,"277","[ { ""name"": ""Nathan Wesenberg"", ""votes"": 230, ""votes_pct"": 83.030000, ""party"": ""R"" }, { ""name"": ""Suzanne M. Cekalla"", ""votes"": 46, ""votes_pct"": 16.610000, ""party"": ""DFL"" }, { ""name"": ""WRITE-IN"", ""votes"": 1, ""votes_pct"": 0.360000, ""party"": ""WI"" } ]"
"490245","7","10",10B,Morrison,Two Rivers Twp,27.5118750211477,R,"72.04",-72.04,15.0843953631296,"415","[ { ""name"": ""Nathan Wesenberg"", ""votes"": 357, ""votes_pct"": 86.020000, ""party"": ""R"" }, { ""name"": ""Suzanne M. Cekalla"", ""votes"": 58, ""votes_pct"": 13.980000, ""party"": ""DFL"" }, { ""name"": ""WRITE-IN"", ""votes"": 0, ""votes_pct"": 0, ""party"": ""WI"" } ]"
"490250","7","10",10B,Morrison,Upsala,3.24089639659457,R,"52.86",-52.86,64.7968877439776,"210","[ { ""name"": ""Nathan Wesenberg"", ""votes"": 160, ""votes_pct"": 76.190000, ""party"": ""R"" }, { ""name"": ""Suzanne M. Cekalla"", ""votes"": 49, ""votes_pct"": 23.330000, ""party"": ""DFL"" }, { ""name"": ""WRITE-IN"", ""votes"": 1, ""votes_pct"": 0.480000, ""party"": ""WI"" } ]"
"500005","1","23",23B,Mower,Adams,1.00143843334435,R,"20.95",-20.95,295.574835301152,"296","[ { ""name"": ""Gene Dornink"", ""votes"": 178, ""votes_pct"": 60.140000, ""party"": ""R"" }, { ""name"": ""Brandon Lawhead"", ""votes"": 116, ""votes_pct"": 39.190000, ""party"": ""DFL"" }, { ""name"": ""WRITE-IN"", ""votes"": 2, ""votes_pct"": 0.680000, ""party"": ""WI"" } ]"
"500010","1","23",23B,Mower,Adams Twp,35.0038420104859,R,"21.82",-21.82,5.62795363837449,"197","[ { ""name"": ""Gene Dornink"", ""votes"": 120, ""votes_pct"": 60.910000, ""party"": ""R"" }, { ""name"": ""Brandon Lawhead"", ""votes"": 77, ""votes_pct"": 39.090000, ""party"": ""DFL"" }, { ""name"": ""WRITE-IN"", ""votes"": 0, ""votes_pct"": 0, ""party"": ""WI"" } ]"
"500015","1","23",23B,Mower,Austin W-1 P-1,2.40026765721257,DFL,"18.75",18.75,457.865603736989,"1099","[ { ""name"": ""Brandon Lawhead"", ""votes"": 651, ""votes_pct"": 59.240000, ""party"": ""DFL"" }, { ""name"": ""Gene Dornink"", ""votes"": 445, ""votes_pct"": 40.490000, ""party"": ""R"" }, { ""name"": ""WRITE-IN"", ""votes"": 3, ""votes_pct"": 0.270000, ""party"": ""WI"" } ]"
"500020","1","23",23B,Mower,Austin W-1 P-2,1.08763122341402,DFL,"11.41",11.41,1111.59000769122,"1209","[ { ""name"": ""Brandon Lawhead"", ""votes"": 671, ""votes_pct"": 55.500000, ""party"": ""DFL"" }, { ""name"": ""Gene Dornink"", ""votes"": 533, ""votes_pct"": 44.090000, ""party"": ""R"" }, { ""name"": ""WRITE-IN"", ""votes"": 5, ""votes_pct"": 0.410000, ""party"": ""WI"" } ]"
"500030","1","23",23B,Mower,Austin W-2 P-1,1.17204619235804,DFL,"4.07",4.07,1048.59348378358,"1229","[ { ""name"": ""Brandon Lawhead"", ""votes"": 638, ""votes_pct"": 51.910000, ""party"": ""DFL"" }, { ""name"": ""Gene Dornink"", ""votes"": 588, ""votes_pct"": 47.840000, ""party"": ""R"" }, { ""name"": ""WRITE-IN"", ""votes"": 3, ""votes_pct"": 0.240000, ""party"": ""WI"" } ]"
"500035","1","23",23B,Mower,Austin W-2 P-2,2.72221624254551,DFL,"1.71",1.71,711.552583415906,"1937","[ { ""name"": ""Brandon Lawhead"", ""votes"": 983, ""votes_pct"": 50.750000, ""party"": ""DFL"" }, { ""name"": ""Gene Dornink"", ""votes"": 950, ""votes_pct"": 49.040000, ""party"": ""R"" }, { ""name"": ""WRITE-IN"", ""votes"": 4, ""votes_pct"": 0.210000, ""party"": ""WI"" } ]"
"500050","1","23",23B,Mower,Austin W-3 P-1,2.97026934486668,DFL,"10.53",10.53,322.866342628952,"959","[ { ""name"": ""Brandon Lawhead"", ""votes"": 528, ""votes_pct"": 55.060000, ""party"": ""DFL"" }, { ""name"": ""Gene Dornink"", ""votes"": 427, ""votes_pct"": 44.530000, ""party"": ""R"" }, { ""name"": ""WRITE-IN"", ""votes"": 4, ""votes_pct"": 0.420000, ""party"": ""WI"" } ]"
"500055","1","23",23B,Mower,Austin W-3 P-2,3.04103644177905,DFL,"2.40",2.4,438.337397634136,"1333","[ { ""name"": ""Brandon Lawhead"", ""votes"": 681, ""votes_pct"": 51.090000, ""party"": ""DFL"" }, { ""name"": ""Gene Dornink"", ""votes"": 649, ""votes_pct"": 48.690000, ""party"": ""R"" }, { ""name"": ""WRITE-IN"", ""votes"": 3, ""votes_pct"": 0.230000, ""party"": ""WI"" } ]"
"500070","1","23",23B,Mower,Austin Twp,28.1393433414779,R,"19.76",-19.76,14.9257214322024,"420","[ { ""name"": ""Gene Dornink"", ""votes"": 251, ""votes_pct"": 59.760000, ""party"": ""R"" }, { ""name"": ""Brandon Lawhead"", ""votes"": 168, ""votes_pct"": 40, ""party"": ""DFL"" }, { ""name"": ""WRITE-IN"", ""votes"": 1, ""votes_pct"": 0.240000, ""party"": ""WI"" } ]"
"500075","1","26",26B,Mower,Bennington Twp,36.0108146046706,R,"70.38",-70.38,2.24932429019515,"81","[ { ""name"": ""Jeremy Miller"", ""votes"": 69, ""votes_pct"": 85.190000, ""party"": ""R"" }, { ""name"": ""Daniel Wilson"", ""votes"": 12, ""votes_pct"": 14.810000, ""party"": ""DFL"" }, { ""name"": ""Eric M. Leitzen"", ""votes"": 0, ""votes_pct"": 0, ""party"": ""LMN"" }, { ""name"": ""WRITE-IN"", ""votes"": 0, ""votes_pct"": 0, ""party"": ""WI"" } ]"
"500080","1","23",23B,Mower,Brownsdale,0.4241574503595,R,"24.74",-24.74,695.496447722347,"295","[ { ""name"": ""Gene Dornink"", ""votes"": 184, ""votes_pct"": 62.370000, ""party"": ""R"" }, { ""name"": ""Brandon Lawhead"", ""votes"": 111, ""votes_pct"": 37.630000, ""party"": ""DFL"" }, { ""name"": ""WRITE-IN"", ""votes"": 0, ""votes_pct"": 0, ""party"": ""WI"" } ]"
"500085","1","23",23B,Mower,Clayton Twp,36.1027318003595,R,"51.36",-51.36,2.04970638812609,"74","[ { ""name"": ""Gene Dornink"", ""votes"": 56, ""votes_pct"": 75.680000, ""party"": ""R"" }, { ""name"": ""Brandon Lawhead"", ""votes"": 18, ""votes_pct"": 24.320000, ""party"": ""DFL"" }, { ""name"": ""WRITE-IN"", ""votes"": 0, ""votes_pct"": 0, ""party"": ""WI"" } ]"
"500090","1","23",23B,Mower,Dexter,1.32167375740986,R,"26.56",-26.56,96.8468952964964,"128","[ { ""name"": ""Gene Dornink"", ""votes"": 81, ""votes_pct"": 63.280000, ""party"": ""R"" }, { ""name"": ""Brandon Lawhead"", ""votes"": 47, ""votes_pct"": 36.720000, ""party"": ""DFL"" }, { ""name"": ""WRITE-IN"", ""votes"": 0, ""votes_pct"": 0, ""party"": ""WI"" } ]"
"500095","1","23",23B,Mower,Dexter Twp,34.7753779554753,R,"43.14",-43.14,4.39966461891209,"153","[ { ""name"": ""Gene Dornink"", ""votes"": 109, ""votes_pct"": 71.240000, ""party"": ""R"" }, { ""name"": ""Brandon Lawhead"", ""votes"": 43, ""votes_pct"": 28.100000, ""party"": ""DFL"" }, { ""name"": ""WRITE-IN"", ""votes"": 1, ""votes_pct"": 0.650000, ""party"": ""WI"" } ]"
"500100","1","23",23B,Mower,Elkton,1.28054576583905,R,"33.34",-33.34,35.1412664821976,"45","[ { ""name"": ""Gene Dornink"", ""votes"": 30, ""votes_pct"": 66.670000, ""party"": ""R"" }, { ""name"": ""Brandon Lawhead"", ""votes"": 15, ""votes_pct"": 33.330000, ""party"": ""DFL"" }, { ""name"": ""WRITE-IN"", ""votes"": 0, ""votes_pct"": 0, ""party"": ""WI"" } ]"
"500105","1","26",26B,Mower,Frankford Twp,29.8626617858026,R,"52.73",-52.73,6.73081326245205,"201","[ { ""name"": ""Jeremy Miller"", ""votes"": 152, ""votes_pct"": 75.620000, ""party"": ""R"" }, { ""name"": ""Daniel Wilson"", ""votes"": 46, ""votes_pct"": 22.890000, ""party"": ""DFL"" }, { ""name"": ""Eric M. Leitzen"", ""votes"": 3, ""votes_pct"": 1.490000, ""party"": ""LMN"" }, { ""name"": ""WRITE-IN"", ""votes"": 0, ""votes_pct"": 0, ""party"": ""WI"" } ]"
"500110","1","23",23B,Mower,Grand Meadow,0.692716800626136,R,"34.28",-34.28,656.834076477909,"455","[ { ""name"": ""Gene Dornink"", ""votes"": 305, ""votes_pct"": 67.030000, ""party"": ""R"" }, { ""name"": ""Brandon Lawhead"", ""votes"": 149, ""votes_pct"": 32.750000, ""party"": ""DFL"" }, { ""name"": ""WRITE-IN"", ""votes"": 1, ""votes_pct"": 0.220000, ""party"": ""WI"" } ]"
"500115","1","23",23B,Mower,Grand Meadow Twp,35.6625457608935,R,"56.02",-56.02,3.95372783943586,"141","[ { ""name"": ""Gene Dornink"", ""votes"": 110, ""votes_pct"": 78.010000, ""party"": ""R"" }, { ""name"": ""Brandon Lawhead"", ""votes"": 31, ""votes_pct"": 21.990000, ""party"": ""DFL"" }, { ""name"": ""WRITE-IN"", ""votes"": 0, ""votes_pct"": 0, ""party"": ""WI"" } ]"
"500120","1","23",23B,Mower,Lansing Twp,30.8200680230286,R,"21.54",-21.54,13.5625917401504,"418","[ { ""name"": ""Gene Dornink"", ""votes"": 254, ""votes_pct"": 60.770000, ""party"": ""R"" }, { ""name"": ""Brandon Lawhead"", ""votes"": 164, ""votes_pct"": 39.230000, ""party"": ""DFL"" }, { ""name"": ""WRITE-IN"", ""votes"": 0, ""votes_pct"": 0, ""party"": ""WI"" } ]"
"500125","1","26",26B,Mower,Le Roy,0.692209277430957,R,"29.82",-29.82,561.968775460106,"389","[ { ""name"": ""Jeremy Miller"", ""votes"": 239, ""votes_pct"": 61.440000, ""party"": ""R"" }, { ""name"": ""Daniel Wilson"", ""votes"": 123, ""votes_pct"": 31.620000, ""party"": ""DFL"" }, { ""name"": ""Eric M. Leitzen"", ""votes"": 27, ""votes_pct"": 6.940000, ""party"": ""LMN"" }, { ""name"": ""WRITE-IN"", ""votes"": 0, ""votes_pct"": 0, ""party"": ""WI"" } ]"
"500130","1","26",26B,Mower,Le Roy Twp,35.3539308980029,R,"47.85",-47.85,4.61051984488683,"163","[ { ""name"": ""Jeremy Miller"", ""votes"": 118, ""votes_pct"": 72.390000, ""party"": ""R"" }, { ""name"": ""Daniel Wilson"", ""votes"": 40, ""votes_pct"": 24.540000, ""party"": ""DFL"" }, { ""name"": ""Eric M. Leitzen"", ""votes"": 5, ""votes_pct"": 3.070000, ""party"": ""LMN"" }, { ""name"": ""WRITE-IN"", ""votes"": 0, ""votes_pct"": 0, ""party"": ""WI"" } ]"
"500135","1","23",23B,Mower,Lodi Twp,35.6419726163701,R,"54.12",-54.12,3.05819212570566,"109","[ { ""name"": ""Gene Dornink"", ""votes"": 84, ""votes_pct"": 77.060000, ""party"": ""R"" }, { ""name"": ""Brandon Lawhead"", ""votes"": 25, ""votes_pct"": 22.940000, ""party"": ""DFL"" }, { ""name"": ""WRITE-IN"", ""votes"": 0, ""votes_pct"": 0, ""party"": ""WI"" } ]"
"500140","1","23",23B,Mower,Lyle,0.757302355700748,R,"8.42",-8.42,266.736262576504,"202","[ { ""name"": ""Gene Dornink"", ""votes"": 109, ""votes_pct"": 53.960000, ""party"": ""R"" }, { ""name"": ""Brandon Lawhead"", ""votes"": 92, ""votes_pct"": 45.540000, ""party"": ""DFL"" }, { ""name"": ""WRITE-IN"", ""votes"": 1, ""votes_pct"": 0.490000, ""party"": ""WI"" } ]"
"500145","1","23",23B,Mower,Lyle Twp,35.4223639795311,R,"53.14",-53.14,4.94038173457661,"175","[ { ""name"": ""Gene Dornink"", ""votes"": 134, ""votes_pct"": 76.570000, ""party"": ""R"" }, { ""name"": ""Brandon Lawhead"", ""votes"": 41, ""votes_pct"": 23.430000, ""party"": ""DFL"" }, { ""name"": ""WRITE-IN"", ""votes"": 0, ""votes_pct"": 0, ""party"": ""WI"" } ]"
"500150","1","23",23B,Mower,Mapleview,0.184024126540168,DFL,"26.32",26.32,206.494663033792,"38","[ { ""name"": ""Brandon Lawhead"", ""votes"": 24, ""votes_pct"": 63.160000, ""party"": ""DFL"" }, { ""name"": ""Gene Dornink"", ""votes"": 14, ""votes_pct"": 36.840000, ""party"": ""R"" }, { ""name"": ""WRITE-IN"", ""votes"": 0, ""votes_pct"": 0, ""party"": ""WI"" } ]"
"500155","1","23",23B,Mower,Marshall Twp,34.6304447598295,R,"36.98",-36.98,4.21594354368086,"146","[ { ""name"": ""Gene Dornink"", ""votes"": 100, ""votes_pct"": 68.490000, ""party"": ""R"" }, { ""name"": ""Brandon Lawhead"", ""votes"": 46, ""votes_pct"": 31.510000, ""party"": ""DFL"" }, { ""name"": ""WRITE-IN"", ""votes"": 0, ""votes_pct"": 0, ""party"": ""WI"" } ]"
"500160","1","23",23B,Mower,Nevada Twp,36.5841690939024,R,"37.50",-37.5,4.81082403561639,"176","[ { ""name"": ""Gene Dornink"", ""votes"": 121, ""votes_pct"": 68.750000, ""party"": ""R"" }, { ""name"": ""Brandon Lawhead"", ""votes"": 55, ""votes_pct"": 31.250000, ""party"": ""DFL"" }, { ""name"": ""WRITE-IN"", ""votes"": 0, ""votes_pct"": 0, ""party"": ""WI"" } ]"
"500165","1","23",23B,Mower,Pleasant Valley Twp,30.0818275153239,R,"48.30",-48.3,4.88667119459804,"147","[ { ""name"": ""Gene Dornink"", ""votes"": 109, ""votes_pct"": 74.150000, ""party"": ""R"" }, { ""name"": ""Brandon Lawhead"", ""votes"": 38, ""votes_pct"": 25.850000, ""party"": ""DFL"" }, { ""name"": ""WRITE-IN"", ""votes"": 0, ""votes_pct"": 0, ""party"": ""WI"" } ]"
"500170","1","26",26B,Mower,Racine,0.673175945139984,R,"57.98",-57.98,279.273199461853,"188","[ { ""name"": ""Jeremy Miller"", ""votes"": 147, ""votes_pct"": 78.190000, ""party"": ""R"" }, { ""name"": ""Daniel Wilson"", ""votes"": 38, ""votes_pct"": 20.210000, ""party"": ""DFL"" }, { ""name"": ""Eric M. Leitzen"", ""votes"": 3, ""votes_pct"": 1.600000, ""party"": ""LMN"" }, { ""name"": ""WRITE-IN"", ""votes"": 0, ""votes_pct"": 0, ""party"": ""WI"" } ]"
"500175","1","26",26B,Mower,Racine Twp,35.6719141644594,R,"49.60",-49.6,7.00831468834043,"250","[ { ""name"": ""Jeremy Miller"", ""votes"": 185, ""votes_pct"": 74, ""party"": ""R"" }, { ""name"": ""Daniel Wilson"", ""votes"": 61, ""votes_pct"": 24.400000, ""party"": ""DFL"" }, { ""name"": ""Eric M. Leitzen"", ""votes"": 4, ""votes_pct"": 1.600000, ""party"": ""LMN"" }, { ""name"": ""WRITE-IN"", ""votes"": 0, ""votes_pct"": 0, ""party"": ""WI"" } ]"
"500180","1","23",23B,Mower,Red Rock Twp,35.404047237732,R,"31.10",-31.1,10.5355186511692,"373","[ { ""name"": ""Gene Dornink"", ""votes"": 244, ""votes_pct"": 65.420000, ""party"": ""R"" }, { ""name"": ""Brandon Lawhead"", ""votes"": 128, ""votes_pct"": 34.320000, ""party"": ""DFL"" }, { ""name"": ""WRITE-IN"", ""votes"": 1, ""votes_pct"": 0.270000, ""party"": ""WI"" } ]"
"500185","1","23",23B,Mower,Rose Creek,0.49431462143778,R,"19.74",-19.74,307.496467650274,"152","[ { ""name"": ""Gene Dornink"", ""votes"": 91, ""votes_pct"": 59.870000, ""party"": ""R"" }, { ""name"": ""Brandon Lawhead"", ""votes"": 61, ""votes_pct"": 40.130000, ""party"": ""DFL"" }, { ""name"": ""WRITE-IN"", ""votes"": 0, ""votes_pct"": 0, ""party"": ""WI"" } ]"
"500190","1","23",23B,Mower,Sargeant,0.853289812790415,R,"30.76",-30.76,30.4703040048904,"26","[ { ""name"": ""Gene Dornink"", ""votes"": 17, ""votes_pct"": 65.380000, ""party"": ""R"" }, { ""name"": ""Brandon Lawhead"", ""votes"": 9, ""votes_pct"": 34.620000, ""party"": ""DFL"" }, { ""name"": ""WRITE-IN"", ""votes"": 0, ""votes_pct"": 0, ""party"": ""WI"" } ]"
"500195","1","23",23B,Mower,Sargeant Twp,35.3431368272911,R,"64.54",-64.54,3.98945913287253,"141","[ { ""name"": ""Gene Dornink"", ""votes"": 116, ""votes_pct"": 82.270000, ""party"": ""R"" }, { ""name"": ""Brandon Lawhead"", ""votes"": 25, ""votes_pct"": 17.730000, ""party"": ""DFL"" }, { ""name"": ""WRITE-IN"", ""votes"": 0, ""votes_pct"": 0, ""party"": ""WI"" } ]"
"500200","1","23",23B,Mower,Taopi,0.390093769484991,DFL,"47.36",47.36,48.7062380542098,"19","[ { ""name"": ""Brandon Lawhead"", ""votes"": 14, ""votes_pct"": 73.680000, ""party"": ""DFL"" }, { ""name"": ""Gene Dornink"", ""votes"": 5, ""votes_pct"": 26.320000, ""party"": ""R"" }, { ""name"": ""WRITE-IN"", ""votes"": 0, ""votes_pct"": 0, ""party"": ""WI"" } ]"
"500205","1","23",23B,Mower,Udolpho Twp,35.9847980111119,R,"20.56",-20.56,5.94695570985052,"214","[ { ""name"": ""Gene Dornink"", ""votes"": 129, ""votes_pct"": 60.280000, ""party"": ""R"" }, { ""name"": ""Brandon Lawhead"", ""votes"": 85, ""votes_pct"": 39.720000, ""party"": ""DFL"" }, { ""name"": ""WRITE-IN"", ""votes"": 0, ""votes_pct"": 0, ""party"": ""WI"" } ]"
"500210","1","23",23B,Mower,Waltham,0.471495246658722,R,"30.00",-30,127.254729342859,"60","[ { ""name"": ""Gene Dornink"", ""votes"": 39, ""votes_pct"": 65, ""party"": ""R"" }, { ""name"": ""Brandon Lawhead"", ""votes"": 21, ""votes_pct"": 35, ""party"": ""DFL"" }, { ""name"": ""WRITE-IN"", ""votes"": 0, ""votes_pct"": 0, ""party"": ""WI"" } ]"
"500215","1","23",23B,Mower,Waltham Twp,35.8862664156282,R,"49.70",-49.7,4.54212756802738,"163","[ { ""name"": ""Gene Dornink"", ""votes"": 122, ""votes_pct"": 74.850000, ""party"": ""R"" }, { ""name"": ""Brandon Lawhead"", ""votes"": 41, ""votes_pct"": 25.150000, ""party"": ""DFL"" }, { ""name"": ""WRITE-IN"", ""votes"": 0, ""votes_pct"": 0, ""party"": ""WI"" } ]"
"500220","1","23",23B,Mower,Windom Twp,35.9402660069954,R,"27.72",-27.72,5.62043697619498,"202","[ { ""name"": ""Gene Dornink"", ""votes"": 129, ""votes_pct"": 63.860000, ""party"": ""R"" }, { ""name"": ""Brandon Lawhead"", ""votes"": 73, ""votes_pct"": 36.140000, ""party"": ""DFL"" }, { ""name"": ""WRITE-IN"", ""votes"": 0, ""votes_pct"": 0, ""party"": ""WI"" } ]"
"510005","7","21",21A,Murray,Avoca,1.28745866223503,R,"95.24",-95.24,32.6224066309732,"42","[ { ""name"": ""Bill Weber"", ""votes"": 41, ""votes_pct"": 97.620000, ""party"": ""R"" }, { ""name"": ""WRITE-IN"", ""votes"": 1, ""votes_pct"": 2.380000, ""party"": ""WI"" } ]"
"510010","7","21",21A,Murray,Belfast Twp,35.9417933857768,R,"100.00",-100,1.97541617464466,"71","[ { ""name"": ""Bill Weber"", ""votes"": 71, ""votes_pct"": 100, ""party"": ""R"" }, { ""name"": ""WRITE-IN"", ""votes"": 0, ""votes_pct"": 0, ""party"": ""WI"" } ]"
"510015","7","21",21A,Murray,Bondin Twp,35.2101241295318,R,"98.24",-98.24,3.23770514357218,"114","[ { ""name"": ""Bill Weber"", ""votes"": 113, ""votes_pct"": 99.120000, ""party"": ""R"" }, { ""name"": ""WRITE-IN"", ""votes"": 1, ""votes_pct"": 0.880000, ""party"": ""WI"" } ]"
"510020","7","21",21A,Murray,Cameron Twp,36.1159515404988,R,"95.56",-95.56,1.24598683076477,"45","[ { ""name"": ""Bill Weber"", ""votes"": 44, ""votes_pct"": 97.780000, ""party"": ""R"" }, { ""name"": ""WRITE-IN"", ""votes"": 1, ""votes_pct"": 2.220000, ""party"": ""WI"" } ]"
"510025","7","21",21A,Murray,Chanarambie Twp,35.4393035993096,R,"97.94",-97.94,2.7370740998954,"97","[ { ""name"": ""Bill Weber"", ""votes"": 96, ""votes_pct"": 98.970000, ""party"": ""R"" }, { ""name"": ""WRITE-IN"", ""votes"": 1, ""votes_pct"": 1.030000, ""party"": ""WI"" } ]"
"510030","7","21",21A,Murray,Chandler,1.07015130119126,R,"97.54",-97.54,75.6902317549242,"81","[ { ""name"": ""Bill Weber"", ""votes"": 80, ""votes_pct"": 98.770000, ""party"": ""R"" }, { ""name"": ""WRITE-IN"", ""votes"": 1, ""votes_pct"": 1.230000, ""party"": ""WI"" } ]"
"510035","7","21",21A,Murray,Currie,0.552387299256936,R,"96.92",-96.92,117.67106174859,"65","[ { ""name"": ""Bill Weber"", ""votes"": 64, ""votes_pct"": 98.460000, ""party"": ""R"" }, { ""name"": ""WRITE-IN"", ""votes"": 1, ""votes_pct"": 1.540000, ""party"": ""WI"" } ]"
"510040","7","21",21A,Murray,Des Moines River Twp,35.9840085482335,R,"100.00",-100,1.63961721832396,"59","[ { ""name"": ""Bill Weber"", ""votes"": 59, ""votes_pct"": 100, ""party"": ""R"" }, { ""name"": ""WRITE-IN"", ""votes"": 0, ""votes_pct"": 0, ""party"": ""WI"" } ]"
"510045","7","21",21A,Murray,Dovray Twp,35.6425872966049,R,"100.00",-100,1.93588639976685,"69","[ { ""name"": ""Bill Weber"", ""votes"": 69, ""votes_pct"": 100, ""party"": ""R"" }, { ""name"": ""WRITE-IN"", ""votes"": 0, ""votes_pct"": 0, ""party"": ""WI"" } ]"
"510046","7","21",21A,Murray,Dovray,0.250537251923115,R,"100.00",-100,115.751249674039,"29","[ { ""name"": ""Bill Weber"", ""votes"": 29, ""votes_pct"": 100, ""party"": ""R"" }, { ""name"": ""WRITE-IN"", ""votes"": 0, ""votes_pct"": 0, ""party"": ""WI"" } ]"
"510050","7","21",21A,Murray,Ellsborough Twp,35.9043053699058,R,"90.32",-90.32,1.7268124076275,"62","[ { ""name"": ""Bill Weber"", ""votes"": 59, ""votes_pct"": 95.160000, ""party"": ""R"" }, { ""name"": ""WRITE-IN"", ""votes"": 3, ""votes_pct"": 4.840000, ""party"": ""WI"" } ]"
"510055","7","21",21A,Murray,Fenton Twp,35.861711510492,R,"100.00",-100,2.17502167951966,"78","[ { ""name"": ""Bill Weber"", ""votes"": 78, ""votes_pct"": 100, ""party"": ""R"" }, { ""name"": ""WRITE-IN"", ""votes"": 0, ""votes_pct"": 0, ""party"": ""WI"" } ]"
"510060","7","21",21A,Murray,Fulda,1.09122151977739,R,"95.64",-95.64,420.629534591324,"459","[ { ""name"": ""Bill Weber"", ""votes"": 449, ""votes_pct"": 97.820000, ""party"": ""R"" }, { ""name"": ""WRITE-IN"", ""votes"": 10, ""votes_pct"": 2.180000, ""party"": ""WI"" } ]"
"510065","7","21",21A,Murray,Hadley,0.411296561695305,R,"76.92",-76.92,63.2147273316163,"26","[ { ""name"": ""Bill Weber"", ""votes"": 23, ""votes_pct"": 88.460000, ""party"": ""R"" }, { ""name"": ""WRITE-IN"", ""votes"": 3, ""votes_pct"": 11.540000, ""party"": ""WI"" } ]"
"510070","7","21",21A,Murray,Holly Twp,35.7411264743204,R,"100.00",-100,1.17511685117638,"42","[ { ""name"": ""Bill Weber"", ""votes"": 42, ""votes_pct"": 100, ""party"": ""R"" }, { ""name"": ""WRITE-IN"", ""votes"": 0, ""votes_pct"": 0, ""party"": ""WI"" } ]"
"510075","7","21",21A,Murray,Iona,0.536875747575453,R,"100.00",-100,96.8566753756965,"52","[ { ""name"": ""Bill Weber"", ""votes"": 52, ""votes_pct"": 100, ""party"": ""R"" }, { ""name"": ""WRITE-IN"", ""votes"": 0, ""votes_pct"": 0, ""party"": ""WI"" } ]"
"510080","7","21",21A,Murray,Iona Twp,35.4610271380108,R,"97.14",-97.14,1.97399809451562,"70","[ { ""name"": ""Bill Weber"", ""votes"": 69, ""votes_pct"": 98.570000, ""party"": ""R"" }, { ""name"": ""WRITE-IN"", ""votes"": 1, ""votes_pct"": 1.430000, ""party"": ""WI"" } ]"
"510085","7","21",21A,Murray,Lake Sarah Twp,35.8242410780783,R,"98.98",-98.98,5.44324161885247,"195","[ { ""name"": ""Bill Weber"", ""votes"": 194, ""votes_pct"": 99.490000, ""party"": ""R"" }, { ""name"": ""WRITE-IN"", ""votes"": 1, ""votes_pct"": 0.510000, ""party"": ""WI"" } ]"
"510090","7","21",21A,Murray,Lake Wilson,0.750895629092037,R,"96.00",-96,133.174300296457,"100","[ { ""name"": ""Bill Weber"", ""votes"": 98, ""votes_pct"": 98, ""party"": ""R"" }, { ""name"": ""WRITE-IN"", ""votes"": 2, ""votes_pct"": 2, ""party"": ""WI"" } ]"
"510095","7","21",21A,Murray,Leeds Twp,35.5790160442302,R,"100.00",-100,2.83875191698504,"101","[ { ""name"": ""Bill Weber"", ""votes"": 101, ""votes_pct"": 100, ""party"": ""R"" }, { ""name"": ""WRITE-IN"", ""votes"": 0, ""votes_pct"": 0, ""party"": ""WI"" } ]"
"510100","7","21",21A,Murray,Lime Lake Twp,35.0103766192795,R,"97.40",-97.4,2.19934794867638,"77","[ { ""name"": ""Bill Weber"", ""votes"": 76, ""votes_pct"": 98.700000, ""party"": ""R"" }, { ""name"": ""WRITE-IN"", ""votes"": 1, ""votes_pct"": 1.300000, ""party"": ""WI"" } ]"
"510105","7","21",21A,Murray,Lowville Twp,35.9372403078203,R,"90.76",-90.76,1.80870872229595,"65","[ { ""name"": ""Bill Weber"", ""votes"": 62, ""votes_pct"": 95.380000, ""party"": ""R"" }, { ""name"": ""WRITE-IN"", ""votes"": 3, ""votes_pct"": 4.620000, ""party"": ""WI"" } ]"
"510110","7","21",21A,Murray,Mason Twp,35.9398871013511,R,"97.12",-97.12,3.86756918874057,"139","[ { ""name"": ""Bill Weber"", ""votes"": 137, ""votes_pct"": 98.560000, ""party"": ""R"" }, { ""name"": ""WRITE-IN"", ""votes"": 2, ""votes_pct"": 1.440000, ""party"": ""WI"" } ]"
"510115","7","21",21A,Murray,Moulton Twp,35.0068937226852,R,"100.00",-100,3.1136724344487,"109","[ { ""name"": ""Bill Weber"", ""votes"": 109, ""votes_pct"": 100, ""party"": ""R"" }, { ""name"": ""WRITE-IN"", ""votes"": 0, ""votes_pct"": 0, ""party"": ""WI"" } ]"
"510120","7","21",21A,Murray,Murray Twp,35.5504241745596,R,"95.40",-95.4,2.44722818419305,"87","[ { ""name"": ""Bill Weber"", ""votes"": 85, ""votes_pct"": 97.700000, ""party"": ""R"" }, { ""name"": ""WRITE-IN"", ""votes"": 2, ""votes_pct"": 2.300000, ""party"": ""WI"" } ]"
"510125","7","21",21A,Murray,Shetek Twp,35.864560525558,R,"98.68",-98.68,4.23816708674517,"152","[ { ""name"": ""Bill Weber"", ""votes"": 151, ""votes_pct"": 99.340000, ""party"": ""R"" }, { ""name"": ""WRITE-IN"", ""votes"": 1, ""votes_pct"": 0.660000, ""party"": ""WI"" } ]"
"510130","7","21",21A,Murray,Skandia Twp,35.7723093930602,R,"96.00",-96,1.39772916113993,"50","[ { ""name"": ""Bill Weber"", ""votes"": 49, ""votes_pct"": 98, ""party"": ""R"" }, { ""name"": ""WRITE-IN"", ""votes"": 1, ""votes_pct"": 2, ""party"": ""WI"" } ]"
"510135","7","21",21A,Murray,Slayton,2.06013101390168,R,"94.70",-94.7,366.966952537749,"756","[ { ""name"": ""Bill Weber"", ""votes"": 736, ""votes_pct"": 97.350000, ""party"": ""R"" }, { ""name"": ""WRITE-IN"", ""votes"": 20, ""votes_pct"": 2.650000, ""party"": ""WI"" } ]"
"510140","7","21",21A,Murray,Slayton Twp,33.9583962815698,R,"97.26",-97.26,4.29937853335078,"146","[ { ""name"": ""Bill Weber"", ""votes"": 144, ""votes_pct"": 98.630000, ""party"": ""R"" }, { ""name"": ""WRITE-IN"", ""votes"": 2, ""votes_pct"": 1.370000, ""party"": ""WI"" } ]"
"520005","1","18",18A,Nicollet,Belgrade Twp,33.7507363108902,R,"20.10",-20.1,18.13293773394,"612","[ { ""name"": ""Mark Wright"", ""votes"": 367, ""votes_pct"": 59.970000, ""party"": ""R"" }, { ""name"": ""Nick Frentz"", ""votes"": 244, ""votes_pct"": 39.870000, ""party"": ""DFL"" }, { ""name"": ""WRITE-IN"", ""votes"": 1, ""votes_pct"": 0.160000, ""party"": ""WI"" } ]"
"520010","1","18",18A,Nicollet,Bernadotte Twp,35.8597638969184,R,"27.82",-27.82,3.70889223873081,"133","[ { ""name"": ""Mark Wright"", ""votes"": 85, ""votes_pct"": 63.910000, ""party"": ""R"" }, { ""name"": ""Nick Frentz"", ""votes"": 48, ""votes_pct"": 36.090000, ""party"": ""DFL"" }, { ""name"": ""WRITE-IN"", ""votes"": 0, ""votes_pct"": 0, ""party"": ""WI"" } ]"
"520015","1","18",18A,Nicollet,Brighton Twp,19.0663226252799,R,"45.72",-45.72,3.671394918451,"70","[ { ""name"": ""Mark Wright"", ""votes"": 51, ""votes_pct"": 72.860000, ""party"": ""R"" }, { ""name"": ""Nick Frentz"", ""votes"": 19, ""votes_pct"": 27.140000, ""party"": ""DFL"" }, { ""name"": ""WRITE-IN"", ""votes"": 0, ""votes_pct"": 0, ""party"": ""WI"" } ]"
"520020","1","18",18A,Nicollet,Courtland,2.62508898454932,R,"37.54",-37.54,151.232968610456,"397","[ { ""name"": ""Mark Wright"", ""votes"": 273, ""votes_pct"": 68.770000, ""party"": ""R"" }, { ""name"": ""Nick Frentz"", ""votes"": 124, ""votes_pct"": 31.230000, ""party"": ""DFL"" }, { ""name"": ""WRITE-IN"", ""votes"": 0, ""votes_pct"": 0, ""party"": ""WI"" } ]"
"520025","1","18",18A,Nicollet,Courtland Twp,42.1284518846334,R,"35.80",-35.8,7.69076444791414,"324","[ { ""name"": ""Mark Wright"", ""votes"": 220, ""votes_pct"": 67.900000, ""party"": ""R"" }, { ""name"": ""Nick Frentz"", ""votes"": 104, ""votes_pct"": 32.100000, ""party"": ""DFL"" }, { ""name"": ""WRITE-IN"", ""votes"": 0, ""votes_pct"": 0, ""party"": ""WI"" } ]"
"520030","1","18",18A,Nicollet,Granby Twp,33.8001066878904,R,"23.28",-23.28,4.70412716350878,"159","[ { ""name"": ""Mark Wright"", ""votes"": 98, ""votes_pct"": 61.640000, ""party"": ""R"" }, { ""name"": ""Nick Frentz"", ""votes"": 61, ""votes_pct"": 38.360000, ""party"": ""DFL"" }, { ""name"": ""WRITE-IN"", ""votes"": 0, ""votes_pct"": 0, ""party"": ""WI"" } ]"
"520035","1","18",18A,Nicollet,Lafayette,1.25415357136255,R,"30.06",-30.06,145.915144826469,"183","[ { ""name"": ""Mark Wright"", ""votes"": 119, ""votes_pct"": 65.030000, ""party"": ""R"" }, { ""name"": ""Nick Frentz"", ""votes"": 64, ""votes_pct"": 34.970000, ""party"": ""DFL"" }, { ""name"": ""WRITE-IN"", ""votes"": 0, ""votes_pct"": 0, ""party"": ""WI"" } ]"
"520040","1","18",18A,Nicollet,Lafayette Twp,50.3625467852793,R,"37.60",-37.6,7.1283130603104,"359","[ { ""name"": ""Mark Wright"", ""votes"": 247, ""votes_pct"": 68.800000, ""party"": ""R"" }, { ""name"": ""Nick Frentz"", ""votes"": 112, ""votes_pct"": 31.200000, ""party"": ""DFL"" }, { ""name"": ""WRITE-IN"", ""votes"": 0, ""votes_pct"": 0, ""party"": ""WI"" } ]"
"520045","1","18",18A,Nicollet,Lake Prairie Twp,55.2340860457815,R,"20.17",-20.17,6.28235252616264,"347","[ { ""name"": ""Mark Wright"", ""votes"": 208, ""votes_pct"": 59.940000, ""party"": ""R"" }, { ""name"": ""Nick Frentz"", ""votes"": 138, ""votes_pct"": 39.770000, ""party"": ""DFL"" }, { ""name"": ""WRITE-IN"", ""votes"": 1, ""votes_pct"": 0.290000, ""party"": ""WI"" } ]"
"520050","1","18",18A,Nicollet,Mankato W-2 P-99,0.239984686414301,even,"0.00",0,0,"0","[ { ""name"": ""Mark Wright"", ""votes"": 0, ""votes_pct"": 0, ""party"": ""R"" }, { ""name"": ""Nick Frentz"", ""votes"": 0, ""votes_pct"": 0, ""party"": ""DFL"" }, { ""name"": ""WRITE-IN"", ""votes"": 0, ""votes_pct"": 0, ""party"": ""WI"" } ]"
"520055","1","18",18A,Nicollet,New Sweden Twp,35.8720250897537,R,"35.18",-35.18,4.04214703901445,"145","[ { ""name"": ""Mark Wright"", ""votes"": 98, ""votes_pct"": 67.590000, ""party"": ""R"" }, { ""name"": ""Nick Frentz"", ""votes"": 47, ""votes_pct"": 32.410000, ""party"": ""DFL"" }, { ""name"": ""WRITE-IN"", ""votes"": 0, ""votes_pct"": 0, ""party"": ""WI"" } ]"
"520060","1","18",18A,Nicollet,Nicollet,0.897874458788736,R,"28.02",-28.02,608.102830697036,"546","[ { ""name"": ""Mark Wright"", ""votes"": 349, ""votes_pct"": 63.920000, ""party"": ""R"" }, { ""name"": ""Nick Frentz"", ""votes"": 196, ""votes_pct"": 35.900000, ""party"": ""DFL"" }, { ""name"": ""WRITE-IN"", ""votes"": 1, ""votes_pct"": 0.180000, ""party"": ""WI"" } ]"
"520065","1","18",18A,Nicollet,Nicollet Twp,33.3934940989435,R,"23.84",-23.84,8.41481275266998,"281","[ { ""name"": ""Mark Wright"", ""votes"": 174, ""votes_pct"": 61.920000, ""party"": ""R"" }, { ""name"": ""Nick Frentz"", ""votes"": 107, ""votes_pct"": 38.080000, ""party"": ""DFL"" }, { ""name"": ""WRITE-IN"", ""votes"": 0, ""votes_pct"": 0, ""party"": ""WI"" } ]"
"520070","1","18",18A,Nicollet,North Mankato P-1,0.605973523898457,DFL,"33.80",33.8,1420.85415623584,"861","[ { ""name"": ""Nick Frentz"", ""votes"": 576, ""votes_pct"": 66.900000, ""party"": ""DFL"" }, { ""name"": ""Mark Wright"", ""votes"": 285, ""votes_pct"": 33.100000, ""party"": ""R"" }, { ""name"": ""WRITE-IN"", ""votes"": 0, ""votes_pct"": 0, ""party"": ""WI"" } ]"
"520075","1","18",18A,Nicollet,North Mankato P-2,0.544049879648418,DFL,"23.20",23.2,1608.30841570161,"875","[ { ""name"": ""Nick Frentz"", ""votes"": 538, ""votes_pct"": 61.490000, ""party"": ""DFL"" }, { ""name"": ""Mark Wright"", ""votes"": 335, ""votes_pct"": 38.290000, ""party"": ""R"" }, { ""name"": ""WRITE-IN"", ""votes"": 2, ""votes_pct"": 0.230000, ""party"": ""WI"" } ]"
"520080","1","18",18A,Nicollet,North Mankato P-3,1.09141857927917,DFL,"26.18",26.18,763.226882714564,"833","[ { ""name"": ""Nick Frentz"", ""votes"": 525, ""votes_pct"": 63.030000, ""party"": ""DFL"" }, { ""name"": ""Mark Wright"", ""votes"": 307, ""votes_pct"": 36.850000, ""party"": ""R"" }, { ""name"": ""WRITE-IN"", ""votes"": 1, ""votes_pct"": 0.120000, ""party"": ""WI"" } ]"
"520085","1","18",18A,Nicollet,North Mankato P-4,0.943152139769697,DFL,"16.28",16.28,1146.15654719711,"1081","[ { ""name"": ""Nick Frentz"", ""votes"": 628, ""votes_pct"": 58.090000, ""party"": ""DFL"" }, { ""name"": ""Mark Wright"", ""votes"": 452, ""votes_pct"": 41.810000, ""party"": ""R"" }, { ""name"": ""WRITE-IN"", ""votes"": 1, ""votes_pct"": 0.090000, ""party"": ""WI"" } ]"
"520090","1","18",18A,Nicollet,North Mankato P-5,0.548688909912858,DFL,"12.42",12.42,1835.28404129752,"1007","[ { ""name"": ""Nick Frentz"", ""votes"": 566, ""votes_pct"": 56.210000, ""party"": ""DFL"" }, { ""name"": ""Mark Wright"", ""votes"": 441, ""votes_pct"": 43.790000, ""party"": ""R"" }, { ""name"": ""WRITE-IN"", ""votes"": 0, ""votes_pct"": 0, ""party"": ""WI"" } ]"
"520095","1","18",18A,Nicollet,North Mankato P-6,1.41719536644028,DFL,"12.05",12.05,655.520065898512,"929","[ { ""name"": ""Nick Frentz"", ""votes"": 520, ""votes_pct"": 55.970000, ""party"": ""DFL"" }, { ""name"": ""Mark Wright"", ""votes"": 408, ""votes_pct"": 43.920000, ""party"": ""R"" }, { ""name"": ""WRITE-IN"", ""votes"": 1, ""votes_pct"": 0.110000, ""party"": ""WI"" } ]"
"520100","1","18",18A,Nicollet,North Mankato P-7,1.24613634253037,even,"0.00",0,719.02244515284,"896","[ { ""name"": ""Mark Wright"", ""votes"": 448, ""votes_pct"": 50, ""party"": ""R"" }, { ""name"": ""Nick Frentz"", ""votes"": 448, ""votes_pct"": 50, ""party"": ""DFL"" }, { ""name"": ""WRITE-IN"", ""votes"": 0, ""votes_pct"": 0, ""party"": ""WI"" } ]"
"520110","1","18",18A,Nicollet,Oshawa Twp,29.4512293066563,R,"8.02",-8.02,9.3035165747079,"274","[ { ""name"": ""Mark Wright"", ""votes"": 148, ""votes_pct"": 54.010000, ""party"": ""R"" }, { ""name"": ""Nick Frentz"", ""votes"": 126, ""votes_pct"": 45.990000, ""party"": ""DFL"" }, { ""name"": ""WRITE-IN"", ""votes"": 0, ""votes_pct"": 0, ""party"": ""WI"" } ]"
"520115","1","18",18A,Nicollet,Ridgely Twp,18.6050860036213,R,"43.40",-43.4,2.84868341859232,"53","[ { ""name"": ""Mark Wright"", ""votes"": 38, ""votes_pct"": 71.700000, ""party"": ""R"" }, { ""name"": ""Nick Frentz"", ""votes"": 15, ""votes_pct"": 28.300000, ""party"": ""DFL"" }, { ""name"": ""WRITE-IN"", ""votes"": 0, ""votes_pct"": 0, ""party"": ""WI"" } ]"
"520120","1","18",18A,Nicollet,Saint Peter W-1 P-1,3.08861359220571,DFL,"20.85",20.85,749.851003001655,"2316","[ { ""name"": ""Nick Frentz"", ""votes"": 1398, ""votes_pct"": 60.360000, ""party"": ""DFL"" }, { ""name"": ""Mark Wright"", ""votes"": 915, ""votes_pct"": 39.510000, ""party"": ""R"" }, { ""name"": ""WRITE-IN"", ""votes"": 3, ""votes_pct"": 0.130000, ""party"": ""WI"" } ]"
"520130","1","18",18A,Nicollet,Saint Peter W-2 P-1,3.22666888200743,DFL,"42.64",42.64,662.912768002786,"2139","[ { ""name"": ""Nick Frentz"", ""votes"": 1525, ""votes_pct"": 71.300000, ""party"": ""DFL"" }, { ""name"": ""Mark Wright"", ""votes"": 613, ""votes_pct"": 28.660000, ""party"": ""R"" }, { ""name"": ""WRITE-IN"", ""votes"": 1, ""votes_pct"": 0.050000, ""party"": ""WI"" } ]"
"520140","1","18",18A,Nicollet,Traverse Twp,22.9388775591304,R,"19.52",-19.52,7.36740494666151,"169","[ { ""name"": ""Mark Wright"", ""votes"": 101, ""votes_pct"": 59.760000, ""party"": ""R"" }, { ""name"": ""Nick Frentz"", ""votes"": 68, ""votes_pct"": 40.240000, ""party"": ""DFL"" }, { ""name"": ""WRITE-IN"", ""votes"": 0, ""votes_pct"": 0, ""party"": ""WI"" } ]"
"520145","1","18",18A,Nicollet,West Newton Twp,38.1448336063252,R,"44.24",-44.24,5.9247866259541,"226","[ { ""name"": ""Mark Wright"", ""votes"": 163, ""votes_pct"": 72.120000, ""party"": ""R"" }, { ""name"": ""Nick Frentz"", ""votes"": 63, ""votes_pct"": 27.880000, ""party"": ""DFL"" }, { ""name"": ""WRITE-IN"", ""votes"": 0, ""votes_pct"": 0, ""party"": ""WI"" } ]"
"530005","1","21",21A,Nobles,Adrian,1.14047240549557,R,"98.00",-98,351.608682566725,"401","[ { ""name"": ""Bill Weber"", ""votes"": 397, ""votes_pct"": 99, ""party"": ""R"" }, { ""name"": ""WRITE-IN"", ""votes"": 4, ""votes_pct"": 1, ""party"": ""WI"" } ]"
"530010","1","21",21B,Nobles,Bigelow,0.406856160637641,R,"100.00",-100,122.893555112052,"50","[ { ""name"": ""Bill Weber"", ""votes"": 50, ""votes_pct"": 100, ""party"": ""R"" }, { ""name"": ""WRITE-IN"", ""votes"": 0, ""votes_pct"": 0, ""party"": ""WI"" } ]"
"530015","1","21",21B,Nobles,Bigelow Twp,36.1706182774537,R,"97.34",-97.34,4.14701233054399,"150","[ { ""name"": ""Bill Weber"", ""votes"": 148, ""votes_pct"": 98.670000, ""party"": ""R"" }, { ""name"": ""WRITE-IN"", ""votes"": 2, ""votes_pct"": 1.330000, ""party"": ""WI"" } ]"
"530020","1","21",21B,Nobles,Bloom Twp,35.9019823403756,R,"100.00",-100,1.6712169102853,"60","[ { ""name"": ""Bill Weber"", ""votes"": 60, ""votes_pct"": 100, ""party"": ""R"" }, { ""name"": ""WRITE-IN"", ""votes"": 0, ""votes_pct"": 0, ""party"": ""WI"" } ]"
"530025","1","21",21B,Nobles,Brewster,1.37812125856848,R,"96.10",-96.1,111.74633512291,"154","[ { ""name"": ""Bill Weber"", ""votes"": 151, ""votes_pct"": 98.050000, ""party"": ""R"" }, { ""name"": ""WRITE-IN"", ""votes"": 3, ""votes_pct"": 1.950000, ""party"": ""WI"" } ]"
"530030","1","21",21B,Nobles,Dewald Twp,36.0222987924914,R,"97.88",-97.88,2.60949476160565,"94","[ { ""name"": ""Bill Weber"", ""votes"": 93, ""votes_pct"": 98.940000, ""party"": ""R"" }, { ""name"": ""WRITE-IN"", ""votes"": 1, ""votes_pct"": 1.060000, ""party"": ""WI"" } ]"
"530035","1","21",21B,Nobles,Dundee,0.296696826149209,R,"100.00",-100,77.5202090919344,"23","[ { ""name"": ""Bill Weber"", ""votes"": 23, ""votes_pct"": 100, ""party"": ""R"" }, { ""name"": ""WRITE-IN"", ""votes"": 0, ""votes_pct"": 0, ""party"": ""WI"" } ]"
"530040","1","21",21B,Nobles,Elk Twp,36.0952247751252,R,"98.12",-98.12,2.93667654545399,"106","[ { ""name"": ""Bill Weber"", ""votes"": 105, ""votes_pct"": 99.060000, ""party"": ""R"" }, { ""name"": ""WRITE-IN"", ""votes"": 1, ""votes_pct"": 0.940000, ""party"": ""WI"" } ]"
"530045","1","21",21A,Nobles,Ellsworth,0.623565891804141,R,"93.64",-93.64,251.777722392348,"157","[ { ""name"": ""Bill Weber"", ""votes"": 152, ""votes_pct"": 96.820000, ""party"": ""R"" }, { ""name"": ""WRITE-IN"", ""votes"": 5, ""votes_pct"": 3.180000, ""party"": ""WI"" } ]"
"530050","1","21",21B,Nobles,Graham Lakes Twp,34.7847415895093,R,"98.06",-98.06,2.96106842521617,"103","[ { ""name"": ""Bill Weber"", ""votes"": 102, ""votes_pct"": 99.030000, ""party"": ""R"" }, { ""name"": ""WRITE-IN"", ""votes"": 1, ""votes_pct"": 0.970000, ""party"": ""WI"" } ]"
"530055","1","21",21A,Nobles,Grand Prairie Twp,35.5256546749276,R,"100.00",-100,2.33633977359403,"83","[ { ""name"": ""Bill Weber"", ""votes"": 83, ""votes_pct"": 100, ""party"": ""R"" }, { ""name"": ""WRITE-IN"", ""votes"": 0, ""votes_pct"": 0, ""party"": ""WI"" } ]"
"530060","1","21",21B,Nobles,Hersey Twp,34.8868477051637,R,"94.44",-94.44,2.06381501156217,"72","[ { ""name"": ""Bill Weber"", ""votes"": 70, ""votes_pct"": 97.220000, ""party"": ""R"" }, { ""name"": ""WRITE-IN"", ""votes"": 2, ""votes_pct"": 2.780000, ""party"": ""WI"" } ]"
"530065","1","21",21B,Nobles,Indian Lake Twp,35.1437764890455,R,"95.50",-95.5,2.5324540755528,"89","[ { ""name"": ""Bill Weber"", ""votes"": 87, ""votes_pct"": 97.750000, ""party"": ""R"" }, { ""name"": ""WRITE-IN"", ""votes"": 2, ""votes_pct"": 2.250000, ""party"": ""WI"" } ]"
"530070","1","21",21B,Nobles,Kinbrae,1.0011220677418,R,"100.00",-100,1.99775837976616,"2","[ { ""name"": ""Bill Weber"", ""votes"": 2, ""votes_pct"": 100, ""party"": ""R"" }, { ""name"": ""WRITE-IN"", ""votes"": 0, ""votes_pct"": 0, ""party"": ""WI"" } ]"
"530075","1","21",21A,Nobles,Larkin Twp,36.0050865186613,R,"97.06",-97.06,1.88862204135396,"68","[ { ""name"": ""Bill Weber"", ""votes"": 67, ""votes_pct"": 98.530000, ""party"": ""R"" }, { ""name"": ""WRITE-IN"", ""votes"": 1, ""votes_pct"": 1.470000, ""party"": ""WI"" } ]"
"530080","1","21",21A,Nobles,Leota Twp,36.2760977613563,R,"98.90",-98.9,4.98951130826461,"181","[ { ""name"": ""Bill Weber"", ""votes"": 180, ""votes_pct"": 99.450000, ""party"": ""R"" }, { ""name"": ""WRITE-IN"", ""votes"": 1, ""votes_pct"": 0.550000, ""party"": ""WI"" } ]"
"530085","1","21",21A,Nobles,Lismore,0.357891602947808,R,"100.00",-100,206.766516427019,"74","[ { ""name"": ""Bill Weber"", ""votes"": 74, ""votes_pct"": 100, ""party"": ""R"" }, { ""name"": ""WRITE-IN"", ""votes"": 0, ""votes_pct"": 0, ""party"": ""WI"" } ]"
"530090","1","21",21A,Nobles,Lismore Twp,35.9041450361665,R,"100.00",-100,1.39259687007265,"50","[ { ""name"": ""Bill Weber"", ""votes"": 50, ""votes_pct"": 100, ""party"": ""R"" }, { ""name"": ""WRITE-IN"", ""votes"": 0, ""votes_pct"": 0, ""party"": ""WI"" } ]"
"530095","1","21",21A,Nobles,Little Rock Twp,36.1019806242767,R,"97.14",-97.14,1.93895179127454,"70","[ { ""name"": ""Bill Weber"", ""votes"": 69, ""votes_pct"": 98.570000, ""party"": ""R"" }, { ""name"": ""WRITE-IN"", ""votes"": 1, ""votes_pct"": 1.430000, ""party"": ""WI"" } ]"
"530100","1","21",21B,Nobles,Lorain Twp,35.0260204437515,R,"100.00",-100,3.2261729585143,"113","[ { ""name"": ""Bill Weber"", ""votes"": 113, ""votes_pct"": 100, ""party"": ""R"" }, { ""name"": ""WRITE-IN"", ""votes"": 0, ""votes_pct"": 0, ""party"": ""WI"" } ]"
"530105","1","21",21A,Nobles,Olney Twp,35.3548692622382,R,"100.00",-100,1.47080164868662,"52","[ { ""name"": ""Bill Weber"", ""votes"": 52, ""votes_pct"": 100, ""party"": ""R"" }, { ""name"": ""WRITE-IN"", ""votes"": 0, ""votes_pct"": 0, ""party"": ""WI"" } ]"
"530110","1","21",21B,Nobles,Ransom Twp,36.3642705820251,R,"100.00",-100,1.95246594703031,"71","[ { ""name"": ""Bill Weber"", ""votes"": 71, ""votes_pct"": 100, ""party"": ""R"" }, { ""name"": ""WRITE-IN"", ""votes"": 0, ""votes_pct"": 0, ""party"": ""WI"" } ]"
"530115","1","21",21B,Nobles,Round Lake,0.858553067531016,R,"96.50",-96.5,132.781541772177,"114","[ { ""name"": ""Bill Weber"", ""votes"": 112, ""votes_pct"": 98.250000, ""party"": ""R"" }, { ""name"": ""WRITE-IN"", ""votes"": 2, ""votes_pct"": 1.750000, ""party"": ""WI"" } ]"
"530120","1","21",21B,Nobles,Rushmore,0.253746383768806,R,"98.18",-98.18,433.503714875493,"110","[ { ""name"": ""Bill Weber"", ""votes"": 109, ""votes_pct"": 99.090000, ""party"": ""R"" }, { ""name"": ""WRITE-IN"", ""votes"": 1, ""votes_pct"": 0.910000, ""party"": ""WI"" } ]"
"530125","1","21",21B,Nobles,Seward Twp,35.7230048237934,R,"100.00",-100,2.49139176390675,"89","[ { ""name"": ""Bill Weber"", ""votes"": 89, ""votes_pct"": 100, ""party"": ""R"" }, { ""name"": ""WRITE-IN"", ""votes"": 0, ""votes_pct"": 0, ""party"": ""WI"" } ]"
"530130","1","21",21B,Nobles,Summit Lake Twp,36.1568527171266,R,"97.08",-97.08,3.78904660402333,"137","[ { ""name"": ""Bill Weber"", ""votes"": 135, ""votes_pct"": 98.540000, ""party"": ""R"" }, { ""name"": ""WRITE-IN"", ""votes"": 2, ""votes_pct"": 1.460000, ""party"": ""WI"" } ]"
"530135","1","21",21A,Nobles,Westside Twp,35.4590541777057,R,"97.64",-97.64,2.39713105640145,"85","[ { ""name"": ""Bill Weber"", ""votes"": 84, ""votes_pct"": 98.820000, ""party"": ""R"" }, { ""name"": ""WRITE-IN"", ""votes"": 1, ""votes_pct"": 1.180000, ""party"": ""WI"" } ]"
"530140","1","21",21A,Nobles,Wilmont,0.674573791143681,R,"96.12",-96.12,152.689003563824,"103","[ { ""name"": ""Bill Weber"", ""votes"": 101, ""votes_pct"": 98.060000, ""party"": ""R"" }, { ""name"": ""WRITE-IN"", ""votes"": 2, ""votes_pct"": 1.940000, ""party"": ""WI"" } ]"
"530145","1","21",21A,Nobles,Wilmont Twp,35.8225494663722,R,"97.36",-97.36,2.12156870831719,"76","[ { ""name"": ""Bill Weber"", ""votes"": 75, ""votes_pct"": 98.680000, ""party"": ""R"" }, { ""name"": ""WRITE-IN"", ""votes"": 1, ""votes_pct"": 1.320000, ""party"": ""WI"" } ]"
"530150","1","21",21B,Nobles,Worthington W-1 P-1,1.31602555070672,R,"94.46",-94.46,192.245507592262,"253","[ { ""name"": ""Bill Weber"", ""votes"": 246, ""votes_pct"": 97.230000, ""party"": ""R"" }, { ""name"": ""WRITE-IN"", ""votes"": 7, ""votes_pct"": 2.770000, ""party"": ""WI"" } ]"
"530155","1","21",21B,Nobles,Worthington W-1 P-2,1.28431183410387,R,"92.86",-92.86,109.007794121655,"140","[ { ""name"": ""Bill Weber"", ""votes"": 135, ""votes_pct"": 96.430000, ""party"": ""R"" }, { ""name"": ""WRITE-IN"", ""votes"": 5, ""votes_pct"": 3.570000, ""party"": ""WI"" } ]"
"530160","1","21",21B,Nobles,Worthington W-1 P-3,0.163862357782266,R,"92.46",-92.46,646.884381712905,"106","[ { ""name"": ""Bill Weber"", ""votes"": 102, ""votes_pct"": 96.230000, ""party"": ""R"" }, { ""name"": ""WRITE-IN"", ""votes"": 4, ""votes_pct"": 3.770000, ""party"": ""WI"" } ]"
"530165","1","21",21B,Nobles,Worthington W-1 P-4,0.190337766838877,R,"95.12",-95.12,430.813082247697,"82","[ { ""name"": ""Bill Weber"", ""votes"": 80, ""votes_pct"": 97.560000, ""party"": ""R"" }, { ""name"": ""WRITE-IN"", ""votes"": 2, ""votes_pct"": 2.440000, ""party"": ""WI"" } ]"
"530166","1","21",21B,Nobles,Worthington W-1 P-5,2.31269806145021,R,"86.10",-86.1,80.8579395283185,"187","[ { ""name"": ""Bill Weber"", ""votes"": 174, ""votes_pct"": 93.050000, ""party"": ""R"" }, { ""name"": ""WRITE-IN"", ""votes"": 13, ""votes_pct"": 6.950000, ""party"": ""WI"" } ]"
"530170","1","21",21B,Nobles,Worthington W-2 P-1,1.58535921980136,R,"93.20",-93.2,389.186243908374,"617","[ { ""name"": ""Bill Weber"", ""votes"": 596, ""votes_pct"": 96.600000, ""party"": ""R"" }, { ""name"": ""WRITE-IN"", ""votes"": 21, ""votes_pct"": 3.400000, ""party"": ""WI"" } ]"
"530175","1","21",21B,Nobles,Worthington W-2 P-2,0.506391385476834,R,"85.98",-85.98,310.036869707339,"157","[ { ""name"": ""Bill Weber"", ""votes"": 146, ""votes_pct"": 92.990000, ""party"": ""R"" }, { ""name"": ""WRITE-IN"", ""votes"": 11, ""votes_pct"": 7.010000, ""party"": ""WI"" } ]"
"530180","1","21",21B,Nobles,Worthington W-2 P-3,0.208790985777145,R,"89.92",-89.92,665.737553192851,"139","[ { ""name"": ""Bill Weber"", ""votes"": 132, ""votes_pct"": 94.960000, ""party"": ""R"" }, { ""name"": ""WRITE-IN"", ""votes"": 7, ""votes_pct"": 5.040000, ""party"": ""WI"" } ]"
"530185","1","21",21B,Nobles,Worthington W-2 P-4,0.231723013313821,R,"90.00",-90,690.479541552109,"160","[ { ""name"": ""Bill Weber"", ""votes"": 152, ""votes_pct"": 95, ""party"": ""R"" }, { ""name"": ""WRITE-IN"", ""votes"": 8, ""votes_pct"": 5, ""party"": ""WI"" } ]"
"530186","1","21",21B,Nobles,Worthington W-2 P-5,1.57042874235347,R,"93.40",-93.4,250.886900738677,"394","[ { ""name"": ""Bill Weber"", ""votes"": 381, ""votes_pct"": 96.700000, ""party"": ""R"" }, { ""name"": ""WRITE-IN"", ""votes"": 13, ""votes_pct"": 3.300000, ""party"": ""WI"" } ]"
"530190","1","21",21B,Nobles,Worthington Twp,27.8020579174896,R,"100.00",-100,4.35219581079579,"121","[ { ""name"": ""Bill Weber"", ""votes"": 121, ""votes_pct"": 100, ""party"": ""R"" }, { ""name"": ""WRITE-IN"", ""votes"": 0, ""votes_pct"": 0, ""party"": ""WI"" } ]"
"540005","7","1",1B,Norman,Ada P-1,0.355377894012484,R,"94.64",-94.64,315.157475709689,"112","[ { ""name"": ""Mark Johnson"", ""votes"": 109, ""votes_pct"": 97.320000, ""party"": ""R"" }, { ""name"": ""WRITE-IN"", ""votes"": 3, ""votes_pct"": 2.680000, ""party"": ""WI"" } ]"
"540010","7","1",1B,Norman,Ada P-2,0.986045936574699,R,"94.30",-94.3,391.462492448249,"386","[ { ""name"": ""Mark Johnson"", ""votes"": 375, ""votes_pct"": 97.150000, ""party"": ""R"" }, { ""name"": ""WRITE-IN"", ""votes"": 11, ""votes_pct"": 2.850000, ""party"": ""WI"" } ]"
"540015","7","1",1B,Norman,Anthony Twp,35.9957038551096,R,"100.00",-100,0.611184048200716,"22","[ { ""name"": ""Mark Johnson"", ""votes"": 22, ""votes_pct"": 100, ""party"": ""R"" }, { ""name"": ""WRITE-IN"", ""votes"": 0, ""votes_pct"": 0, ""party"": ""WI"" } ]"
"540020","7","1",1B,Norman,Bear Park Twp,36.2763030503788,R,"90.62",-90.62,1.76423710848153,"64","[ { ""name"": ""Mark Johnson"", ""votes"": 61, ""votes_pct"": 95.310000, ""party"": ""R"" }, { ""name"": ""WRITE-IN"", ""votes"": 3, ""votes_pct"": 4.690000, ""party"": ""WI"" } ]"
"540025","7","1",1B,Norman,Borup,0.256421134183629,R,"90.90",-90.9,85.7963602338851,"22","[ { ""name"": ""Mark Johnson"", ""votes"": 21, ""votes_pct"": 95.450000, ""party"": ""R"" }, { ""name"": ""WRITE-IN"", ""votes"": 1, ""votes_pct"": 4.550000, ""party"": ""WI"" } ]"
"540030","7","1",1B,Norman,Flom Twp,36.2062762948072,R,"78.58",-78.58,1.54669316292081,"56","[ { ""name"": ""Mark Johnson"", ""votes"": 50, ""votes_pct"": 89.290000, ""party"": ""R"" }, { ""name"": ""WRITE-IN"", ""votes"": 6, ""votes_pct"": 10.710000, ""party"": ""WI"" } ]"
"540035","7","1",1B,Norman,Fossum Twp,35.988369471247,R,"95.56",-95.56,1.25040396831406,"45","[ { ""name"": ""Mark Johnson"", ""votes"": 44, ""votes_pct"": 97.780000, ""party"": ""R"" }, { ""name"": ""WRITE-IN"", ""votes"": 1, ""votes_pct"": 2.220000, ""party"": ""WI"" } ]"
"540040","7","1",1B,Norman,Gary,0.586745118022635,R,"91.48",-91.48,80.1029246879679,"47","[ { ""name"": ""Mark Johnson"", ""votes"": 45, ""votes_pct"": 95.740000, ""party"": ""R"" }, { ""name"": ""WRITE-IN"", ""votes"": 2, ""votes_pct"": 4.260000, ""party"": ""WI"" } ]"
"540045","7","1",1B,Norman,Good Hope Twp,36.0531006297977,R,"100.00",-100,0.221894923328399,"8","[ { ""name"": ""Mark Johnson"", ""votes"": 8, ""votes_pct"": 100, ""party"": ""R"" }, { ""name"": ""WRITE-IN"", ""votes"": 0, ""votes_pct"": 0, ""party"": ""WI"" } ]"
"540050","7","1",1B,Norman,Green Meadow Twp,36.6355192228997,R,"85.72",-85.72,0.764285605716161,"28","[ { ""name"": ""Mark Johnson"", ""votes"": 26, ""votes_pct"": 92.860000, ""party"": ""R"" }, { ""name"": ""WRITE-IN"", ""votes"": 2, ""votes_pct"": 7.140000, ""party"": ""WI"" } ]"
"540055","7","1",1B,Norman,Halstad,0.362436354654016,R,"94.92",-94.92,325.574403573955,"118","[ { ""name"": ""Mark Johnson"", ""votes"": 115, ""votes_pct"": 97.460000, ""party"": ""R"" }, { ""name"": ""WRITE-IN"", ""votes"": 3, ""votes_pct"": 2.540000, ""party"": ""WI"" } ]"
"540060","7","1",1B,Norman,Halstad Twp,37.9370661156759,R,"89.74",-89.74,1.02801834704569,"39","[ { ""name"": ""Mark Johnson"", ""votes"": 37, ""votes_pct"": 94.870000, ""party"": ""R"" }, { ""name"": ""WRITE-IN"", ""votes"": 2, ""votes_pct"": 5.130000, ""party"": ""WI"" } ]"
"540065","7","1",1B,Norman,Hegne Twp,35.4970524630665,R,"100.00",-100,0.535255709464015,"19","[ { ""name"": ""Mark Johnson"", ""votes"": 19, ""votes_pct"": 100, ""party"": ""R"" }, { ""name"": ""WRITE-IN"", ""votes"": 0, ""votes_pct"": 0, ""party"": ""WI"" } ]"
"540070","7","1",1B,Norman,Hendrum,0.248435925152243,R,"82.00",-82,402.518274837744,"100","[ { ""name"": ""Mark Johnson"", ""votes"": 91, ""votes_pct"": 91, ""party"": ""R"" }, { ""name"": ""WRITE-IN"", ""votes"": 9, ""votes_pct"": 9, ""party"": ""WI"" } ]"
"540075","7","1",1B,Norman,Hendrum Twp,42.0972428220201,R,"94.44",-94.44,0.855162893973883,"36","[ { ""name"": ""Mark Johnson"", ""votes"": 35, ""votes_pct"": 97.220000, ""party"": ""R"" }, { ""name"": ""WRITE-IN"", ""votes"": 1, ""votes_pct"": 2.780000, ""party"": ""WI"" } ]"
"540080","7","1",1B,Norman,Home Lake Twp,36.0416732397965,R,"100.00",-100,1.41502864366704,"51","[ { ""name"": ""Mark Johnson"", ""votes"": 51, ""votes_pct"": 100, ""party"": ""R"" }, { ""name"": ""WRITE-IN"", ""votes"": 0, ""votes_pct"": 0, ""party"": ""WI"" } ]"
"540085","7","1",1B,Norman,Lake Ida Twp,32.3838147398594,R,"81.48",-81.48,1.66749965789344,"54","[ { ""name"": ""Mark Johnson"", ""votes"": 49, ""votes_pct"": 90.740000, ""party"": ""R"" }, { ""name"": ""WRITE-IN"", ""votes"": 5, ""votes_pct"": 9.260000, ""party"": ""WI"" } ]"
"540090","7","1",1B,Norman,Lee Twp,39.8238156166851,R,"85.00",-85,1.0044240959985,"40","[ { ""name"": ""Mark Johnson"", ""votes"": 37, ""votes_pct"": 92.500000, ""party"": ""R"" }, { ""name"": ""WRITE-IN"", ""votes"": 3, ""votes_pct"": 7.500000, ""party"": ""WI"" } ]"
"540095","7","1",1B,Norman,Lockhart Twp,36.2810960872074,R,"100.00",-100,0.661501514240699,"24","[ { ""name"": ""Mark Johnson"", ""votes"": 24, ""votes_pct"": 100, ""party"": ""R"" }, { ""name"": ""WRITE-IN"", ""votes"": 0, ""votes_pct"": 0, ""party"": ""WI"" } ]"
"540100","7","1",1B,Norman,McDonaldsville Twp,34.8184975123943,R,"100.00",-100,2.12530710073455,"74","[ { ""name"": ""Mark Johnson"", ""votes"": 74, ""votes_pct"": 100, ""party"": ""R"" }, { ""name"": ""WRITE-IN"", ""votes"": 0, ""votes_pct"": 0, ""party"": ""WI"" } ]"
"540105","7","1",1B,Norman,Mary Twp,35.5288144965554,R,"91.30",-91.3,0.647361875872045,"23","[ { ""name"": ""Mark Johnson"", ""votes"": 22, ""votes_pct"": 95.650000, ""party"": ""R"" }, { ""name"": ""WRITE-IN"", ""votes"": 1, ""votes_pct"": 4.350000, ""party"": ""WI"" } ]"
"540110","7","1",1B,Norman,Perley,0.245842091496273,R,"94.60",-94.6,150.503112688337,"37","[ { ""name"": ""Mark Johnson"", ""votes"": 36, ""votes_pct"": 97.300000, ""party"": ""R"" }, { ""name"": ""WRITE-IN"", ""votes"": 1, ""votes_pct"": 2.700000, ""party"": ""WI"" } ]"
"540115","7","1",1B,Norman,Pleasant View Twp,36.2499859800936,R,"95.00",-95,1.10344870262752,"40","[ { ""name"": ""Mark Johnson"", ""votes"": 39, ""votes_pct"": 97.500000, ""party"": ""R"" }, { ""name"": ""WRITE-IN"", ""votes"": 1, ""votes_pct"": 2.500000, ""party"": ""WI"" } ]"
"540120","7","1",1B,Norman,Rockwell Twp,32.360428163941,R,"88.24",-88.24,0.52533297501122,"17","[ { ""name"": ""Mark Johnson"", ""votes"": 16, ""votes_pct"": 94.120000, ""party"": ""R"" }, { ""name"": ""WRITE-IN"", ""votes"": 1, ""votes_pct"": 5.880000, ""party"": ""WI"" } ]"
"540125","7","1",1B,Norman,Shelly,0.208169843061223,R,"100.00",-100,312.245035323793,"65","[ { ""name"": ""Mark Johnson"", ""votes"": 65, ""votes_pct"": 100, ""party"": ""R"" }, { ""name"": ""WRITE-IN"", ""votes"": 0, ""votes_pct"": 0, ""party"": ""WI"" } ]"
"540130","7","1",1B,Norman,Shelly Twp,42.2295345013113,R,"93.75",-93.75,0.757763503147456,"32","[ { ""name"": ""Mark Johnson"", ""votes"": 31, ""votes_pct"": 96.880000, ""party"": ""R"" }, { ""name"": ""WRITE-IN"", ""votes"": 1, ""votes_pct"": 3.130000, ""party"": ""WI"" } ]"
"540135","7","1",1B,Norman,Spring Creek Twp,36.1792720068308,R,"91.66",-91.66,0.663363264895675,"24","[ { ""name"": ""Mark Johnson"", ""votes"": 23, ""votes_pct"": 95.830000, ""party"": ""R"" }, { ""name"": ""WRITE-IN"", ""votes"": 1, ""votes_pct"": 4.170000, ""party"": ""WI"" } ]"
"540140","7","1",1B,Norman,Strand Twp,35.6465218945235,R,"87.88",-87.88,0.925756518339868,"33","[ { ""name"": ""Mark Johnson"", ""votes"": 31, ""votes_pct"": 93.940000, ""party"": ""R"" }, { ""name"": ""WRITE-IN"", ""votes"": 2, ""votes_pct"": 6.060000, ""party"": ""WI"" } ]"
"540145","7","1",1B,Norman,Sundal Twp,35.806017173947,R,"95.12",-95.12,1.14505893802208,"41","[ { ""name"": ""Mark Johnson"", ""votes"": 40, ""votes_pct"": 97.560000, ""party"": ""R"" }, { ""name"": ""WRITE-IN"", ""votes"": 1, ""votes_pct"": 2.440000, ""party"": ""WI"" } ]"
"540150","7","1",1B,Norman,Twin Valley,0.854643042973863,R,"87.06",-87.06,235.185907909095,"201","[ { ""name"": ""Mark Johnson"", ""votes"": 188, ""votes_pct"": 93.530000, ""party"": ""R"" }, { ""name"": ""WRITE-IN"", ""votes"": 13, ""votes_pct"": 6.470000, ""party"": ""WI"" } ]"
"540155","7","1",1B,Norman,Waukon Twp,36.224075447008,R,"93.34",-93.34,0.828178487091736,"30","[ { ""name"": ""Mark Johnson"", ""votes"": 29, ""votes_pct"": 96.670000, ""party"": ""R"" }, { ""name"": ""WRITE-IN"", ""votes"": 1, ""votes_pct"": 3.330000, ""party"": ""WI"" } ]"
"540160","7","1",1B,Norman,Wild Rice Twp,35.2616238690745,R,"85.10",-85.1,2.66578760947084,"94","[ { ""name"": ""Mark Johnson"", ""votes"": 87, ""votes_pct"": 92.550000, ""party"": ""R"" }, { ""name"": ""WRITE-IN"", ""votes"": 7, ""votes_pct"": 7.450000, ""party"": ""WI"" } ]"
"540165","7","1",1B,Norman,Winchester Twp,35.9313998136222,R,"100.00",-100,0.389631355099402,"14","[ { ""name"": ""Mark Johnson"", ""votes"": 14, ""votes_pct"": 100, ""party"": ""R"" }, { ""name"": ""WRITE-IN"", ""votes"": 0, ""votes_pct"": 0, ""party"": ""WI"" } ]"
"550005","1","24",24A,Olmsted,Byron,3.06784247572975,R,"18.26",-18.26,873.25213768114,"2679","[ { ""name"": ""Carla Nelson"", ""votes"": 1584, ""votes_pct"": 59.130000, ""party"": ""R"" }, { ""name"": ""Aleta Borrud"", ""votes"": 1095, ""votes_pct"": 40.870000, ""party"": ""DFL"" }, { ""name"": ""WRITE-IN"", ""votes"": 0, ""votes_pct"": 0, ""party"": ""WI"" } ]"
"550010","1","25",25A,Olmsted,Cascade Twp P-1,6.91675269362649,DFL,"3.53",3.53,184.479633220916,"1276","[ { ""name"": ""Liz Boldon"", ""votes"": 647, ""votes_pct"": 50.710000, ""party"": ""DFL"" }, { ""name"": ""Ken Navitsky"", ""votes"": 602, ""votes_pct"": 47.180000, ""party"": ""R"" }, { ""name"": ""Bill Rood"", ""votes"": 27, ""votes_pct"": 2.120000, ""party"": ""GLC"" }, { ""name"": ""WRITE-IN"", ""votes"": 0, ""votes_pct"": 0, ""party"": ""WI"" } ]"
"550011","1","25",25A,Olmsted,Cascade Twp P-2,3.14552983657126,R,"52.78",-52.78,11.4448127566455,"36","[ { ""name"": ""Ken Navitsky"", ""votes"": 27, ""votes_pct"": 75, ""party"": ""R"" }, { ""name"": ""Liz Boldon"", ""votes"": 8, ""votes_pct"": 22.220000, ""party"": ""DFL"" }, { ""name"": ""Bill Rood"", ""votes"": 1, ""votes_pct"": 2.780000, ""party"": ""GLC"" }, { ""name"": ""WRITE-IN"", ""votes"": 0, ""votes_pct"": 0, ""party"": ""WI"" } ]"
"550012","1","24",24B,Olmsted,Cascade Twp P-3,1.54133522860145,R,"25.40",-25.4,120.025803969888,"185","[ { ""name"": ""Carla Nelson"", ""votes"": 116, ""votes_pct"": 62.700000, ""party"": ""R"" }, { ""name"": ""Aleta Borrud"", ""votes"": 69, ""votes_pct"": 37.300000, ""party"": ""DFL"" }, { ""name"": ""WRITE-IN"", ""votes"": 0, ""votes_pct"": 0, ""party"": ""WI"" } ]"
"550015","1","20",20B,Olmsted,Chatfield,0.921033386506233,R,"21.78",-21.78,563.497488368721,"519","[ { ""name"": ""Steve Drazkowski"", ""votes"": 316, ""votes_pct"": 60.890000, ""party"": ""R"" }, { ""name"": ""Bradley Robert Drenckhahn"", ""votes"": 203, ""votes_pct"": 39.110000, ""party"": ""DFL"" }, { ""name"": ""WRITE-IN"", ""votes"": 0, ""votes_pct"": 0, ""party"": ""WI"" } ]"
"550020","1","20",20B,Olmsted,Dover,1.01278917071561,R,"30.06",-30.06,331.757101789104,"336","[ { ""name"": ""Steve Drazkowski"", ""votes"": 218, ""votes_pct"": 64.880000, ""party"": ""R"" }, { ""name"": ""Bradley Robert Drenckhahn"", ""votes"": 117, ""votes_pct"": 34.820000, ""party"": ""DFL"" }, { ""name"": ""WRITE-IN"", ""votes"": 1, ""votes_pct"": 0.300000, ""party"": ""WI"" } ]"
"550025","1","20",20B,Olmsted,Dover Twp,34.8179430554584,R,"46.88",-46.88,5.51439812783254,"192","[ { ""name"": ""Steve Drazkowski"", ""votes"": 141, ""votes_pct"": 73.440000, ""party"": ""R"" }, { ""name"": ""Bradley Robert Drenckhahn"", ""votes"": 51, ""votes_pct"": 26.560000, ""party"": ""DFL"" }, { ""name"": ""WRITE-IN"", ""votes"": 0, ""votes_pct"": 0, ""party"": ""WI"" } ]"
"550030","1","20",20B,Olmsted,Elmira Twp,34.8132912453998,R,"39.04",-39.04,5.37151166437646,"187","[ { ""name"": ""Steve Drazkowski"", ""votes"": 130, ""votes_pct"": 69.520000, ""party"": ""R"" }, { ""name"": ""Bradley Robert Drenckhahn"", ""votes"": 57, ""votes_pct"": 30.480000, ""party"": ""DFL"" }, { ""name"": ""WRITE-IN"", ""votes"": 0, ""votes_pct"": 0, ""party"": ""WI"" } ]"
"550035","1","20",20B,Olmsted,Eyota,1.67464740243587,R,"32.10",-32.1,517.12378303657,"866","[ { ""name"": ""Steve Drazkowski"", ""votes"": 572, ""votes_pct"": 66.050000, ""party"": ""R"" }, { ""name"": ""Bradley Robert Drenckhahn"", ""votes"": 294, ""votes_pct"": 33.950000, ""party"": ""DFL"" }, { ""name"": ""WRITE-IN"", ""votes"": 0, ""votes_pct"": 0, ""party"": ""WI"" } ]"
"550040","1","20",20B,Olmsted,Eyota Twp,34.0351553484013,R,"52.38",-52.38,7.40410899907459,"252","[ { ""name"": ""Steve Drazkowski"", ""votes"": 192, ""votes_pct"": 76.190000, ""party"": ""R"" }, { ""name"": ""Bradley Robert Drenckhahn"", ""votes"": 60, ""votes_pct"": 23.810000, ""party"": ""DFL"" }, { ""name"": ""WRITE-IN"", ""votes"": 0, ""votes_pct"": 0, ""party"": ""WI"" } ]"
"550045","1","20",20B,Olmsted,Farmington Twp,35.4515751811307,R,"33.98",-33.98,5.89536569058408,"209","[ { ""name"": ""Steve Drazkowski"", ""votes"": 140, ""votes_pct"": 66.990000, ""party"": ""R"" }, { ""name"": ""Bradley Robert Drenckhahn"", ""votes"": 69, ""votes_pct"": 33.010000, ""party"": ""DFL"" }, { ""name"": ""WRITE-IN"", ""votes"": 0, ""votes_pct"": 0, ""party"": ""WI"" } ]"
"550050","1","25",25A,Olmsted,Haverhill Twp,31.9501029494018,DFL,"0.50",0.5,25.3833297903406,"811","[ { ""name"": ""Liz Boldon"", ""votes"": 398, ""votes_pct"": 49.080000, ""party"": ""DFL"" }, { ""name"": ""Ken Navitsky"", ""votes"": 394, ""votes_pct"": 48.580000, ""party"": ""R"" }, { ""name"": ""Bill Rood"", ""votes"": 19, ""votes_pct"": 2.340000, ""party"": ""GLC"" }, { ""name"": ""WRITE-IN"", ""votes"": 0, ""votes_pct"": 0, ""party"": ""WI"" } ]"
"550055","1","24",24A,Olmsted,High Forest Twp,39.6008570203389,R,"50.20",-50.2,13.1815329080354,"522","[ { ""name"": ""Carla Nelson"", ""votes"": 392, ""votes_pct"": 75.100000, ""party"": ""R"" }, { ""name"": ""Aleta Borrud"", ""votes"": 130, ""votes_pct"": 24.900000, ""party"": ""DFL"" }, { ""name"": ""WRITE-IN"", ""votes"": 0, ""votes_pct"": 0, ""party"": ""WI"" } ]"
"550060","1","24",24A,Olmsted,Kalmar Twp,32.482841448323,R,"34.52",-34.52,18.9022872576223,"614","[ { ""name"": ""Carla Nelson"", ""votes"": 413, ""votes_pct"": 67.260000, ""party"": ""R"" }, { ""name"": ""Aleta Borrud"", ""votes"": 201, ""votes_pct"": 32.740000, ""party"": ""DFL"" }, { ""name"": ""WRITE-IN"", ""votes"": 0, ""votes_pct"": 0, ""party"": ""WI"" } ]"
"550065","1","20",20B,Olmsted,Marion Twp P-1,29.0569160822054,R,"23.38",-23.38,69.6219789559461,"2023","[ { ""name"": ""Steve Drazkowski"", ""votes"": 1248, ""votes_pct"": 61.690000, ""party"": ""R"" }, { ""name"": ""Bradley Robert Drenckhahn"", ""votes"": 775, ""votes_pct"": 38.310000, ""party"": ""DFL"" }, { ""name"": ""WRITE-IN"", ""votes"": 0, ""votes_pct"": 0, ""party"": ""WI"" } ]"
"550066","1","24",24B,Olmsted,Marion Twp P-2,0.0400169888551719,DFL,"100.00",100,49.9787729466185,"2","[ { ""name"": ""Aleta Borrud"", ""votes"": 2, ""votes_pct"": 100, ""party"": ""DFL"" }, { ""name"": ""Carla Nelson"", ""votes"": 0, ""votes_pct"": 0, ""party"": ""R"" }, { ""name"": ""WRITE-IN"", ""votes"": 0, ""votes_pct"": 0, ""party"": ""WI"" } ]"
"550070","1","20",20B,Olmsted,New Haven Twp,33.6478643553066,R,"35.44",-35.44,22.5571522752616,"759","[ { ""name"": ""Steve Drazkowski"", ""votes"": 514, ""votes_pct"": 67.720000, ""party"": ""R"" }, { ""name"": ""Bradley Robert Drenckhahn"", ""votes"": 245, ""votes_pct"": 32.280000, ""party"": ""DFL"" }, { ""name"": ""WRITE-IN"", ""votes"": 0, ""votes_pct"": 0, ""party"": ""WI"" } ]"
"550075","1","20",20B,Olmsted,Orion Twp,35.6351581518718,R,"34.02",-34.02,8.08190604269486,"288","[ { ""name"": ""Steve Drazkowski"", ""votes"": 193, ""votes_pct"": 67.010000, ""party"": ""R"" }, { ""name"": ""Bradley Robert Drenckhahn"", ""votes"": 95, ""votes_pct"": 32.990000, ""party"": ""DFL"" }, { ""name"": ""WRITE-IN"", ""votes"": 0, ""votes_pct"": 0, ""party"": ""WI"" } ]"
"550080","1","25",25A,Olmsted,Oronoco,3.05574697941599,R,"18.05",-18.05,281.109661822908,"859","[ { ""name"": ""Ken Navitsky"", ""votes"": 497, ""votes_pct"": 57.860000, ""party"": ""R"" }, { ""name"": ""Liz Boldon"", ""votes"": 342, ""votes_pct"": 39.810000, ""party"": ""DFL"" }, { ""name"": ""Bill Rood"", ""votes"": 20, ""votes_pct"": 2.330000, ""party"": ""GLC"" }, { ""name"": ""WRITE-IN"", ""votes"": 0, ""votes_pct"": 0, ""party"": ""WI"" } ]"
"550085","1","25",25A,Olmsted,Oronoco Twp,31.936156940259,R,"18.59",-18.59,37.7315280061442,"1205","[ { ""name"": ""Ken Navitsky"", ""votes"": 705, ""votes_pct"": 58.510000, ""party"": ""R"" }, { ""name"": ""Liz Boldon"", ""votes"": 481, ""votes_pct"": 39.920000, ""party"": ""DFL"" }, { ""name"": ""Bill Rood"", ""votes"": 19, ""votes_pct"": 1.580000, ""party"": ""GLC"" }, { ""name"": ""WRITE-IN"", ""votes"": 0, ""votes_pct"": 0, ""party"": ""WI"" } ]"
"550088","1","20",20B,Olmsted,Pine Island,2.71532913769131,R,"12.34",-12.34,146.206953142169,"397","[ { ""name"": ""Steve Drazkowski"", ""votes"": 223, ""votes_pct"": 56.170000, ""party"": ""R"" }, { ""name"": ""Bradley Robert Drenckhahn"", ""votes"": 174, ""votes_pct"": 43.830000, ""party"": ""DFL"" }, { ""name"": ""WRITE-IN"", ""votes"": 0, ""votes_pct"": 0, ""party"": ""WI"" } ]"
"550090","1","20",20B,Olmsted,Pleasant Grove Twp,35.7474218352451,R,"45.12",-45.12,10.9098776912488,"390","[ { ""name"": ""Steve Drazkowski"", ""votes"": 283, ""votes_pct"": 72.560000, ""party"": ""R"" }, { ""name"": ""Bradley Robert Drenckhahn"", ""votes"": 107, ""votes_pct"": 27.440000, ""party"": ""DFL"" }, { ""name"": ""WRITE-IN"", ""votes"": 0, ""votes_pct"": 0, ""party"": ""WI"" } ]"
"550095","1","20",20B,Olmsted,Quincy Twp,35.7337526255939,R,"38.36",-38.36,4.44957465469546,"159","[ { ""name"": ""Steve Drazkowski"", ""votes"": 110, ""votes_pct"": 69.180000, ""party"": ""R"" }, { ""name"": ""Bradley Robert Drenckhahn"", ""votes"": 49, ""votes_pct"": 30.820000, ""party"": ""DFL"" }, { ""name"": ""WRITE-IN"", ""votes"": 0, ""votes_pct"": 0, ""party"": ""WI"" } ]"
"550100","1","24",24B,Olmsted,Rochester W-1 P-1,1.42655254939197,R,"5.26",-5.26,612.665828800011,"874","[ { ""name"": ""Carla Nelson"", ""votes"": 460, ""votes_pct"": 52.630000, ""party"": ""R"" }, { ""name"": ""Aleta Borrud"", ""votes"": 414, ""votes_pct"": 47.370000, ""party"": ""DFL"" }, { ""name"": ""WRITE-IN"", ""votes"": 0, ""votes_pct"": 0, ""party"": ""WI"" } ]"
"550105","1","24",24B,Olmsted,Rochester W-1 P-2,0.567159432573591,DFL,"14.77",14.77,1301.22141608611,"738","[ { ""name"": ""Aleta Borrud"", ""votes"": 423, ""votes_pct"": 57.320000, ""party"": ""DFL"" }, { ""name"": ""Carla Nelson"", ""votes"": 314, ""votes_pct"": 42.550000, ""party"": ""R"" }, { ""name"": ""WRITE-IN"", ""votes"": 1, ""votes_pct"": 0.140000, ""party"": ""WI"" } ]"
"550110","1","25",25B,Olmsted,Rochester W-1 P-3,0.429938541690372,DFL,"16.67",16.67,655.907699950025,"282","[ { ""name"": ""Liz Boldon"", ""votes"": 160, ""votes_pct"": 56.740000, ""party"": ""DFL"" }, { ""name"": ""Ken Navitsky"", ""votes"": 113, ""votes_pct"": 40.070000, ""party"": ""R"" }, { ""name"": ""Bill Rood"", ""votes"": 9, ""votes_pct"": 3.190000, ""party"": ""GLC"" }, { ""name"": ""WRITE-IN"", ""votes"": 0, ""votes_pct"": 0, ""party"": ""WI"" } ]"
"550115","1","24",24B,Olmsted,Rochester W-1 P-4,0.618313113026037,R,"3.14",-3.14,1288.9909387486,"797","[ { ""name"": ""Carla Nelson"", ""votes"": 411, ""votes_pct"": 51.570000, ""party"": ""R"" }, { ""name"": ""Aleta Borrud"", ""votes"": 386, ""votes_pct"": 48.430000, ""party"": ""DFL"" }, { ""name"": ""WRITE-IN"", ""votes"": 0, ""votes_pct"": 0, ""party"": ""WI"" } ]"
"550120","1","24",24B,Olmsted,Rochester W-1 P-5,0.545795513381547,R,"1.96",-1.96,749.364899440062,"409","[ { ""name"": ""Carla Nelson"", ""votes"": 208, ""votes_pct"": 50.860000, ""party"": ""R"" }, { ""name"": ""Aleta Borrud"", ""votes"": 200, ""votes_pct"": 48.900000, ""party"": ""DFL"" }, { ""name"": ""WRITE-IN"", ""votes"": 1, ""votes_pct"": 0.240000, ""party"": ""WI"" } ]"
"550125","1","24",24B,Olmsted,Rochester W-1 P-6,1.3056933320042,R,"1.72",-1.72,671.673798512725,"877","[ { ""name"": ""Carla Nelson"", ""votes"": 446, ""votes_pct"": 50.860000, ""party"": ""R"" }, { ""name"": ""Aleta Borrud"", ""votes"": 431, ""votes_pct"": 49.140000, ""party"": ""DFL"" }, { ""name"": ""WRITE-IN"", ""votes"": 0, ""votes_pct"": 0, ""party"": ""WI"" } ]"
"550130","1","24",24B,Olmsted,Rochester W-1 P-7,1.42370680577826,DFL,"4.14",4.14,561.211056066585,"799","[ { ""name"": ""Aleta Borrud"", ""votes"": 416, ""votes_pct"": 52.070000, ""party"": ""DFL"" }, { ""name"": ""Carla Nelson"", ""votes"": 383, ""votes_pct"": 47.930000, ""party"": ""R"" }, { ""name"": ""WRITE-IN"", ""votes"": 0, ""votes_pct"": 0, ""party"": ""WI"" } ]"
"550135","1","24",24B,Olmsted,Rochester W-1 P-8,0.741605616551943,R,"7.25",-7.25,1283.70117317379,"952","[ { ""name"": ""Carla Nelson"", ""votes"": 510, ""votes_pct"": 53.570000, ""party"": ""R"" }, { ""name"": ""Aleta Borrud"", ""votes"": 441, ""votes_pct"": 46.320000, ""party"": ""DFL"" }, { ""name"": ""WRITE-IN"", ""votes"": 1, ""votes_pct"": 0.100000, ""party"": ""WI"" } ]"
"550140","1","24",24B,Olmsted,Rochester W-1 P-9,0.436715313025563,R,"5.32",-5.32,817.466183007655,"357","[ { ""name"": ""Carla Nelson"", ""votes"": 188, ""votes_pct"": 52.660000, ""party"": ""R"" }, { ""name"": ""Aleta Borrud"", ""votes"": 169, ""votes_pct"": 47.340000, ""party"": ""DFL"" }, { ""name"": ""WRITE-IN"", ""votes"": 0, ""votes_pct"": 0, ""party"": ""WI"" } ]"
"550145","1","24",24A,Olmsted,Rochester W-1 P-10,3.01695919006482,DFL,"14.47",14.47,226.71834682169,"684","[ { ""name"": ""Aleta Borrud"", ""votes"": 391, ""votes_pct"": 57.160000, ""party"": ""DFL"" }, { ""name"": ""Carla Nelson"", ""votes"": 292, ""votes_pct"": 42.690000, ""party"": ""R"" }, { ""name"": ""WRITE-IN"", ""votes"": 1, ""votes_pct"": 0.150000, ""party"": ""WI"" } ]"
"550150","1","24",24B,Olmsted,Rochester W-1 P-11,0.864972848161422,R,"6.14",-6.14,1037.0267713104,"897","[ { ""name"": ""Carla Nelson"", ""votes"": 476, ""votes_pct"": 53.070000, ""party"": ""R"" }, { ""name"": ""Aleta Borrud"", ""votes"": 421, ""votes_pct"": 46.930000, ""party"": ""DFL"" }, { ""name"": ""WRITE-IN"", ""votes"": 0, ""votes_pct"": 0, ""party"": ""WI"" } ]"
"550155","1","24",24B,Olmsted,Rochester W-1 P-12,0.468657815117778,R,"4.62",-4.62,1798.75374485785,"843","[ { ""name"": ""Carla Nelson"", ""votes"": 441, ""votes_pct"": 52.310000, ""party"": ""R"" }, { ""name"": ""Aleta Borrud"", ""votes"": 402, ""votes_pct"": 47.690000, ""party"": ""DFL"" }, { ""name"": ""WRITE-IN"", ""votes"": 0, ""votes_pct"": 0, ""party"": ""WI"" } ]"
"550160","1","24",24A,Olmsted,Rochester W-1 P-13,2.496557984065,DFL,"2.28",2.28,385.330525523637,"962","[ { ""name"": ""Aleta Borrud"", ""votes"": 492, ""votes_pct"": 51.140000, ""party"": ""DFL"" }, { ""name"": ""Carla Nelson"", ""votes"": 470, ""votes_pct"": 48.860000, ""party"": ""R"" }, { ""name"": ""WRITE-IN"", ""votes"": 0, ""votes_pct"": 0, ""party"": ""WI"" } ]"
"550165","1","24",24A,Olmsted,Rochester W-1 P-14,4.47285474517167,R,"16.10",-16.1,52.762723907982,"236","[ { ""name"": ""Carla Nelson"", ""votes"": 137, ""votes_pct"": 58.050000, ""party"": ""R"" }, { ""name"": ""Aleta Borrud"", ""votes"": 99, ""votes_pct"": 41.950000, ""party"": ""DFL"" }, { ""name"": ""WRITE-IN"", ""votes"": 0, ""votes_pct"": 0, ""party"": ""WI"" } ]"
"550170","1","24",24B,Olmsted,Rochester W-2 P-1,0.639516543953859,DFL,"12.50",12.5,1113.34101788518,"712","[ { ""name"": ""Aleta Borrud"", ""votes"": 400, ""votes_pct"": 56.180000, ""party"": ""DFL"" }, { ""name"": ""Carla Nelson"", ""votes"": 311, ""votes_pct"": 43.680000, ""party"": ""R"" }, { ""name"": ""WRITE-IN"", ""votes"": 1, ""votes_pct"": 0.140000, ""party"": ""WI"" } ]"
"550175","1","24",24B,Olmsted,Rochester W-2 P-2,1.05834993205055,DFL,"9.86",9.86,507.393616929291,"537","[ { ""name"": ""Aleta Borrud"", ""votes"": 295, ""votes_pct"": 54.930000, ""party"": ""DFL"" }, { ""name"": ""Carla Nelson"", ""votes"": 242, ""votes_pct"": 45.070000, ""party"": ""R"" }, { ""name"": ""WRITE-IN"", ""votes"": 0, ""votes_pct"": 0, ""party"": ""WI"" } ]"
"550180","1","24",24B,Olmsted,Rochester W-2 P-3,0.245068727507089,R,"0.18",-0.18,2199.38302811161,"539","[ { ""name"": ""Carla Nelson"", ""votes"": 270, ""votes_pct"": 50.090000, ""party"": ""R"" }, { ""name"": ""Aleta Borrud"", ""votes"": 269, ""votes_pct"": 49.910000, ""party"": ""DFL"" }, { ""name"": ""WRITE-IN"", ""votes"": 0, ""votes_pct"": 0, ""party"": ""WI"" } ]"
"550185","1","24",24B,Olmsted,Rochester W-2 P-4,0.320089671355568,DFL,"0.90",0.9,2433.69302327364,"779","[ { ""name"": ""Aleta Borrud"", ""votes"": 393, ""votes_pct"": 50.450000, ""party"": ""DFL"" }, { ""name"": ""Carla Nelson"", ""votes"": 386, ""votes_pct"": 49.550000, ""party"": ""R"" }, { ""name"": ""WRITE-IN"", ""votes"": 0, ""votes_pct"": 0, ""party"": ""WI"" } ]"
"550190","1","24",24B,Olmsted,Rochester W-2 P-5,0.650263838986476,DFL,"7.04",7.04,698.178143671068,"454","[ { ""name"": ""Aleta Borrud"", ""votes"": 243, ""votes_pct"": 53.520000, ""party"": ""DFL"" }, { ""name"": ""Carla Nelson"", ""votes"": 211, ""votes_pct"": 46.480000, ""party"": ""R"" }, { ""name"": ""WRITE-IN"", ""votes"": 0, ""votes_pct"": 0, ""party"": ""WI"" } ]"
"550195","1","24",24B,Olmsted,Rochester W-2 P-6,0.431929740274461,DFL,"25.79",25.79,1095.08551020229,"473","[ { ""name"": ""Aleta Borrud"", ""votes"": 297, ""votes_pct"": 62.790000, ""party"": ""DFL"" }, { ""name"": ""Carla Nelson"", ""votes"": 175, ""votes_pct"": 37, ""party"": ""R"" }, { ""name"": ""WRITE-IN"", ""votes"": 1, ""votes_pct"": 0.210000, ""party"": ""WI"" } ]"
"550200","1","25",25B,Olmsted,Rochester W-2 P-7,0.241292320779253,DFL,"51.08",51.08,1922.97872763424,"464","[ { ""name"": ""Liz Boldon"", ""votes"": 346, ""votes_pct"": 74.570000, ""party"": ""DFL"" }, { ""name"": ""Ken Navitsky"", ""votes"": 109, ""votes_pct"": 23.490000, ""party"": ""R"" }, { ""name"": ""Bill Rood"", ""votes"": 9, ""votes_pct"": 1.940000, ""party"": ""GLC"" }, { ""name"": ""WRITE-IN"", ""votes"": 0, ""votes_pct"": 0, ""party"": ""WI"" } ]"
"550205","1","25",25B,Olmsted,Rochester W-2 P-8,0.175034779474698,DFL,"53.57",53.57,2079.58670323927,"364","[ { ""name"": ""Liz Boldon"", ""votes"": 274, ""votes_pct"": 75.270000, ""party"": ""DFL"" }, { ""name"": ""Ken Navitsky"", ""votes"": 79, ""votes_pct"": 21.700000, ""party"": ""R"" }, { ""name"": ""Bill Rood"", ""votes"": 11, ""votes_pct"": 3.020000, ""party"": ""GLC"" }, { ""name"": ""WRITE-IN"", ""votes"": 0, ""votes_pct"": 0, ""party"": ""WI"" } ]"
"550210","1","24",24B,Olmsted,Rochester W-2 P-9,0.323958655433685,R,"1.02",-1.02,2114.46735103585,"685","[ { ""name"": ""Carla Nelson"", ""votes"": 346, ""votes_pct"": 50.510000, ""party"": ""R"" }, { ""name"": ""Aleta Borrud"", ""votes"": 339, ""votes_pct"": 49.490000, ""party"": ""DFL"" }, { ""name"": ""WRITE-IN"", ""votes"": 0, ""votes_pct"": 0, ""party"": ""WI"" } ]"
"550215","1","24",24B,Olmsted,Rochester W-2 P-10,1.08668820983194,DFL,"8.26",8.26,868.694434575667,"944","[ { ""name"": ""Aleta Borrud"", ""votes"": 511, ""votes_pct"": 54.130000, ""party"": ""DFL"" }, { ""name"": ""Carla Nelson"", ""votes"": 433, ""votes_pct"": 45.870000, ""party"": ""R"" }, { ""name"": ""WRITE-IN"", ""votes"": 0, ""votes_pct"": 0, ""party"": ""WI"" } ]"
"550220","1","24",24B,Olmsted,Rochester W-2 P-11,0.644048434920033,DFL,"22.40",22.4,1504.54522899402,"969","[ { ""name"": ""Aleta Borrud"", ""votes"": 593, ""votes_pct"": 61.200000, ""party"": ""DFL"" }, { ""name"": ""Carla Nelson"", ""votes"": 376, ""votes_pct"": 38.800000, ""party"": ""R"" }, { ""name"": ""WRITE-IN"", ""votes"": 0, ""votes_pct"": 0, ""party"": ""WI"" } ]"
"550225","1","25",25B,Olmsted,Rochester W-2 P-12,0.387965370076713,DFL,"53.11",53.11,1989.86832213234,"772","[ { ""name"": ""Liz Boldon"", ""votes"": 583, ""votes_pct"": 75.520000, ""party"": ""DFL"" }, { ""name"": ""Ken Navitsky"", ""votes"": 173, ""votes_pct"": 22.410000, ""party"": ""R"" }, { ""name"": ""Bill Rood"", ""votes"": 15, ""votes_pct"": 1.940000, ""party"": ""GLC"" }, { ""name"": ""WRITE-IN"", ""votes"": 1, ""votes_pct"": 0.130000, ""party"": ""WI"" } ]"
"550230","1","25",25B,Olmsted,Rochester W-2 P-13,0.738433080643401,DFL,"52.16",52.16,1251.29822081496,"924","[ { ""name"": ""Liz Boldon"", ""votes"": 697, ""votes_pct"": 75.430000, ""party"": ""DFL"" }, { ""name"": ""Ken Navitsky"", ""votes"": 215, ""votes_pct"": 23.270000, ""party"": ""R"" }, { ""name"": ""Bill Rood"", ""votes"": 12, ""votes_pct"": 1.300000, ""party"": ""GLC"" }, { ""name"": ""WRITE-IN"", ""votes"": 0, ""votes_pct"": 0, ""party"": ""WI"" } ]"
"550235","1","25",25A,Olmsted,Rochester W-3 P-1,0.699387222893931,DFL,"15.82",15.82,895.069254210466,"626","[ { ""name"": ""Liz Boldon"", ""votes"": 357, ""votes_pct"": 57.030000, ""party"": ""DFL"" }, { ""name"": ""Ken Navitsky"", ""votes"": 258, ""votes_pct"": 41.210000, ""party"": ""R"" }, { ""name"": ""Bill Rood"", ""votes"": 11, ""votes_pct"": 1.760000, ""party"": ""GLC"" }, { ""name"": ""WRITE-IN"", ""votes"": 0, ""votes_pct"": 0, ""party"": ""WI"" } ]"
"550240","1","25",25A,Olmsted,Rochester W-3 P-2,0.347852183379129,DFL,"8.01",8.01,1650.12619562715,"574","[ { ""name"": ""Liz Boldon"", ""votes"": 309, ""votes_pct"": 53.830000, ""party"": ""DFL"" }, { ""name"": ""Ken Navitsky"", ""votes"": 263, ""votes_pct"": 45.820000, ""party"": ""R"" }, { ""name"": ""Bill Rood"", ""votes"": 2, ""votes_pct"": 0.350000, ""party"": ""GLC"" }, { ""name"": ""WRITE-IN"", ""votes"": 0, ""votes_pct"": 0, ""party"": ""WI"" } ]"
"550245","1","25",25A,Olmsted,Rochester W-3 P-3,0.903874385862162,DFL,"7.32",7.32,816.48513504015,"738","[ { ""name"": ""Liz Boldon"", ""votes"": 389, ""votes_pct"": 52.710000, ""party"": ""DFL"" }, { ""name"": ""Ken Navitsky"", ""votes"": 335, ""votes_pct"": 45.390000, ""party"": ""R"" }, { ""name"": ""Bill Rood"", ""votes"": 14, ""votes_pct"": 1.900000, ""party"": ""GLC"" }, { ""name"": ""WRITE-IN"", ""votes"": 0, ""votes_pct"": 0, ""party"": ""WI"" } ]"
"550250","1","25",25A,Olmsted,Rochester W-3 P-4,0.340724495612615,DFL,"15.57",15.57,1470.39618944688,"501","[ { ""name"": ""Liz Boldon"", ""votes"": 283, ""votes_pct"": 56.490000, ""party"": ""DFL"" }, { ""name"": ""Ken Navitsky"", ""votes"": 205, ""votes_pct"": 40.920000, ""party"": ""R"" }, { ""name"": ""Bill Rood"", ""votes"": 13, ""votes_pct"": 2.590000, ""party"": ""GLC"" }, { ""name"": ""WRITE-IN"", ""votes"": 0, ""votes_pct"": 0, ""party"": ""WI"" } ]"
"550255","1","25",25A,Olmsted,Rochester W-3 P-5,0.736076728235277,DFL,"22.49",22.49,960.497693895326,"707","[ { ""name"": ""Liz Boldon"", ""votes"": 428, ""votes_pct"": 60.540000, ""party"": ""DFL"" }, { ""name"": ""Ken Navitsky"", ""votes"": 269, ""votes_pct"": 38.050000, ""party"": ""R"" }, { ""name"": ""Bill Rood"", ""votes"": 10, ""votes_pct"": 1.410000, ""party"": ""GLC"" }, { ""name"": ""WRITE-IN"", ""votes"": 0, ""votes_pct"": 0, ""party"": ""WI"" } ]"
"550260","1","25",25A,Olmsted,Rochester W-3 P-6,0.223094617203615,DFL,"29.51",29.51,1640.55952845315,"366","[ { ""name"": ""Liz Boldon"", ""votes"": 233, ""votes_pct"": 63.660000, ""party"": ""DFL"" }, { ""name"": ""Ken Navitsky"", ""votes"": 125, ""votes_pct"": 34.150000, ""party"": ""R"" }, { ""name"": ""Bill Rood"", ""votes"": 8, ""votes_pct"": 2.190000, ""party"": ""GLC"" }, { ""name"": ""WRITE-IN"", ""votes"": 0, ""votes_pct"": 0, ""party"": ""WI"" } ]"
"550265","1","25",25A,Olmsted,Rochester W-3 P-7,0.338155709540091,DFL,"6.10",6.1,2182.42655433415,"738","[ { ""name"": ""Liz Boldon"", ""votes"": 385, ""votes_pct"": 52.170000, ""party"": ""DFL"" }, { ""name"": ""Ken Navitsky"", ""votes"": 340, ""votes_pct"": 46.070000, ""party"": ""R"" }, { ""name"": ""Bill Rood"", ""votes"": 13, ""votes_pct"": 1.760000, ""party"": ""GLC"" }, { ""name"": ""WRITE-IN"", ""votes"": 0, ""votes_pct"": 0, ""party"": ""WI"" } ]"
"550270","1","25",25A,Olmsted,Rochester W-3 P-8,0.241074465892861,DFL,"12.71",12.71,2936.85188673052,"708","[ { ""name"": ""Liz Boldon"", ""votes"": 395, ""votes_pct"": 55.790000, ""party"": ""DFL"" }, { ""name"": ""Ken Navitsky"", ""votes"": 305, ""votes_pct"": 43.080000, ""party"": ""R"" }, { ""name"": ""Bill Rood"", ""votes"": 8, ""votes_pct"": 1.130000, ""party"": ""GLC"" }, { ""name"": ""WRITE-IN"", ""votes"": 0, ""votes_pct"": 0, ""party"": ""WI"" } ]"
"550275","1","25",25A,Olmsted,Rochester W-3 P-9,1.53732101352301,DFL,"19.60",19.6,428.017306868193,"658","[ { ""name"": ""Liz Boldon"", ""votes"": 387, ""votes_pct"": 58.810000, ""party"": ""DFL"" }, { ""name"": ""Ken Navitsky"", ""votes"": 258, ""votes_pct"": 39.210000, ""party"": ""R"" }, { ""name"": ""Bill Rood"", ""votes"": 13, ""votes_pct"": 1.980000, ""party"": ""GLC"" }, { ""name"": ""WRITE-IN"", ""votes"": 0, ""votes_pct"": 0, ""party"": ""WI"" } ]"
"550280","1","25",25A,Olmsted,Rochester W-3 P-10,1.08147306219381,DFL,"16.56",16.56,725.861815187146,"785","[ { ""name"": ""Liz Boldon"", ""votes"": 450, ""votes_pct"": 57.320000, ""party"": ""DFL"" }, { ""name"": ""Ken Navitsky"", ""votes"": 320, ""votes_pct"": 40.760000, ""party"": ""R"" }, { ""name"": ""Bill Rood"", ""votes"": 13, ""votes_pct"": 1.660000, ""party"": ""GLC"" }, { ""name"": ""WRITE-IN"", ""votes"": 2, ""votes_pct"": 0.250000, ""party"": ""WI"" } ]"
"550285","1","25",25A,Olmsted,Rochester W-3 P-11,0.994909672737981,DFL,"8.89",8.89,881.48705760042,"877","[ { ""name"": ""Liz Boldon"", ""votes"": 470, ""votes_pct"": 53.590000, ""party"": ""DFL"" }, { ""name"": ""Ken Navitsky"", ""votes"": 392, ""votes_pct"": 44.700000, ""party"": ""R"" }, { ""name"": ""Bill Rood"", ""votes"": 15, ""votes_pct"": 1.710000, ""party"": ""GLC"" }, { ""name"": ""WRITE-IN"", ""votes"": 0, ""votes_pct"": 0, ""party"": ""WI"" } ]"
"550290","1","25",25A,Olmsted,Rochester W-3 P-12,0.825037155873216,DFL,"23.48",23.48,696.938308664926,"575","[ { ""name"": ""Liz Boldon"", ""votes"": 352, ""votes_pct"": 61.220000, ""party"": ""DFL"" }, { ""name"": ""Ken Navitsky"", ""votes"": 217, ""votes_pct"": 37.740000, ""party"": ""R"" }, { ""name"": ""Bill Rood"", ""votes"": 6, ""votes_pct"": 1.040000, ""party"": ""GLC"" }, { ""name"": ""WRITE-IN"", ""votes"": 0, ""votes_pct"": 0, ""party"": ""WI"" } ]"
"550295","1","25",25A,Olmsted,Rochester W-3 P-13,1.72404674002489,DFL,"29.17",29.17,97.4451539507416,"168","[ { ""name"": ""Liz Boldon"", ""votes"": 107, ""votes_pct"": 63.690000, ""party"": ""DFL"" }, { ""name"": ""Ken Navitsky"", ""votes"": 58, ""votes_pct"": 34.520000, ""party"": ""R"" }, { ""name"": ""Bill Rood"", ""votes"": 3, ""votes_pct"": 1.790000, ""party"": ""GLC"" }, { ""name"": ""WRITE-IN"", ""votes"": 0, ""votes_pct"": 0, ""party"": ""WI"" } ]"
"550300","1","25",25B,Olmsted,Rochester W-4 P-1,0.251641317544531,DFL,"39.69",39.69,1851.84215591915,"466","[ { ""name"": ""Liz Boldon"", ""votes"": 319, ""votes_pct"": 68.450000, ""party"": ""DFL"" }, { ""name"": ""Ken Navitsky"", ""votes"": 134, ""votes_pct"": 28.760000, ""party"": ""R"" }, { ""name"": ""Bill Rood"", ""votes"": 13, ""votes_pct"": 2.790000, ""party"": ""GLC"" }, { ""name"": ""WRITE-IN"", ""votes"": 0, ""votes_pct"": 0, ""party"": ""WI"" } ]"
"550305","1","25",25B,Olmsted,Rochester W-4 P-2,0.421716514201983,DFL,"26.38",26.38,1330.27752318778,"561","[ { ""name"": ""Liz Boldon"", ""votes"": 343, ""votes_pct"": 61.140000, ""party"": ""DFL"" }, { ""name"": ""Ken Navitsky"", ""votes"": 195, ""votes_pct"": 34.760000, ""party"": ""R"" }, { ""name"": ""Bill Rood"", ""votes"": 22, ""votes_pct"": 3.920000, ""party"": ""GLC"" }, { ""name"": ""WRITE-IN"", ""votes"": 1, ""votes_pct"": 0.180000, ""party"": ""WI"" } ]"
"550310","1","25",25B,Olmsted,Rochester W-4 P-3,0.234444489873036,DFL,"20.36",20.36,1654.97598263078,"388","[ { ""name"": ""Liz Boldon"", ""votes"": 225, ""votes_pct"": 57.990000, ""party"": ""DFL"" }, { ""name"": ""Ken Navitsky"", ""votes"": 146, ""votes_pct"": 37.630000, ""party"": ""R"" }, { ""name"": ""Bill Rood"", ""votes"": 15, ""votes_pct"": 3.870000, ""party"": ""GLC"" }, { ""name"": ""WRITE-IN"", ""votes"": 2, ""votes_pct"": 0.520000, ""party"": ""WI"" } ]"
"550315","1","25",25B,Olmsted,Rochester W-4 P-4,0.275969104837569,DFL,"32.34",32.34,1221.15118718942,"337","[ { ""name"": ""Liz Boldon"", ""votes"": 214, ""votes_pct"": 63.500000, ""party"": ""DFL"" }, { ""name"": ""Ken Navitsky"", ""votes"": 105, ""votes_pct"": 31.160000, ""party"": ""R"" }, { ""name"": ""Bill Rood"", ""votes"": 18, ""votes_pct"": 5.340000, ""party"": ""GLC"" }, { ""name"": ""WRITE-IN"", ""votes"": 0, ""votes_pct"": 0, ""party"": ""WI"" } ]"
"550320","1","25",25B,Olmsted,Rochester W-4 P-5,0.300867726984868,DFL,"31.23",31.23,1947.69976119596,"586","[ { ""name"": ""Liz Boldon"", ""votes"": 373, ""votes_pct"": 63.650000, ""party"": ""DFL"" }, { ""name"": ""Ken Navitsky"", ""votes"": 190, ""votes_pct"": 32.420000, ""party"": ""R"" }, { ""name"": ""Bill Rood"", ""votes"": 23, ""votes_pct"": 3.920000, ""party"": ""GLC"" }, { ""name"": ""WRITE-IN"", ""votes"": 0, ""votes_pct"": 0, ""party"": ""WI"" } ]"
"550325","1","25",25B,Olmsted,Rochester W-4 P-6,0.90423530510742,DFL,"20.83",20.83,509.823048708804,"461","[ { ""name"": ""Liz Boldon"", ""votes"": 271, ""votes_pct"": 58.790000, ""party"": ""DFL"" }, { ""name"": ""Ken Navitsky"", ""votes"": 175, ""votes_pct"": 37.960000, ""party"": ""R"" }, { ""name"": ""Bill Rood"", ""votes"": 15, ""votes_pct"": 3.250000, ""party"": ""GLC"" }, { ""name"": ""WRITE-IN"", ""votes"": 0, ""votes_pct"": 0, ""party"": ""WI"" } ]"
"550330","1","25",25B,Olmsted,Rochester W-4 P-7,0.181689392809653,DFL,"41.63",41.63,1150.31481347378,"209","[ { ""name"": ""Liz Boldon"", ""votes"": 143, ""votes_pct"": 68.420000, ""party"": ""DFL"" }, { ""name"": ""Ken Navitsky"", ""votes"": 56, ""votes_pct"": 26.790000, ""party"": ""R"" }, { ""name"": ""Bill Rood"", ""votes"": 10, ""votes_pct"": 4.780000, ""party"": ""GLC"" }, { ""name"": ""WRITE-IN"", ""votes"": 0, ""votes_pct"": 0, ""party"": ""WI"" } ]"
"550335","1","24",24B,Olmsted,Rochester W-4 P-8,0.260152503646078,R,"1.78",-1.78,1933.48129635647,"503","[ { ""name"": ""Carla Nelson"", ""votes"": 256, ""votes_pct"": 50.890000, ""party"": ""R"" }, { ""name"": ""Aleta Borrud"", ""votes"": 247, ""votes_pct"": 49.110000, ""party"": ""DFL"" }, { ""name"": ""WRITE-IN"", ""votes"": 0, ""votes_pct"": 0, ""party"": ""WI"" } ]"
"550340","1","24",24B,Olmsted,Rochester W-4 P-9,0.519381924891687,DFL,"39.50",39.5,458.236970895037,"238","[ { ""name"": ""Aleta Borrud"", ""votes"": 166, ""votes_pct"": 69.750000, ""party"": ""DFL"" }, { ""name"": ""Carla Nelson"", ""votes"": 72, ""votes_pct"": 30.250000, ""party"": ""R"" }, { ""name"": ""WRITE-IN"", ""votes"": 0, ""votes_pct"": 0, ""party"": ""WI"" } ]"
"550345","1","24",24B,Olmsted,Rochester W-4 P-10,0.66759555877443,DFL,"19.58",19.58,711.50862787644,"475","[ { ""name"": ""Aleta Borrud"", ""votes"": 284, ""votes_pct"": 59.790000, ""party"": ""DFL"" }, { ""name"": ""Carla Nelson"", ""votes"": 191, ""votes_pct"": 40.210000, ""party"": ""R"" }, { ""name"": ""WRITE-IN"", ""votes"": 0, ""votes_pct"": 0, ""party"": ""WI"" } ]"
"550350","1","24",24B,Olmsted,Rochester W-4 P-11,0.447126484429053,DFL,"20.00",20,1039.97418223564,"465","[ { ""name"": ""Aleta Borrud"", ""votes"": 279, ""votes_pct"": 60, ""party"": ""DFL"" }, { ""name"": ""Carla Nelson"", ""votes"": 186, ""votes_pct"": 40, ""party"": ""R"" }, { ""name"": ""WRITE-IN"", ""votes"": 0, ""votes_pct"": 0, ""party"": ""WI"" } ]"
"550355","1","24",24B,Olmsted,Rochester W-4 P-12,1.37034233585707,R,"18.62",-18.62,340.790755550816,"467","[ { ""name"": ""Carla Nelson"", ""votes"": 277, ""votes_pct"": 59.310000, ""party"": ""R"" }, { ""name"": ""Aleta Borrud"", ""votes"": 190, ""votes_pct"": 40.690000, ""party"": ""DFL"" }, { ""name"": ""WRITE-IN"", ""votes"": 0, ""votes_pct"": 0, ""party"": ""WI"" } ]"
"550360","1","24",24B,Olmsted,Rochester W-4 P-13,1.59806854958622,R,"16.20",-16.2,250.927909258854,"401","[ { ""name"": ""Carla Nelson"", ""votes"": 233, ""votes_pct"": 58.100000, ""party"": ""R"" }, { ""name"": ""Aleta Borrud"", ""votes"": 168, ""votes_pct"": 41.900000, ""party"": ""DFL"" }, { ""name"": ""WRITE-IN"", ""votes"": 0, ""votes_pct"": 0, ""party"": ""WI"" } ]"
"550365","1","25",25A,Olmsted,Rochester W-5 P-1,1.12452681474233,DFL,"4.01",4.01,465.084507673423,"523","[ { ""name"": ""Liz Boldon"", ""votes"": 269, ""votes_pct"": 51.430000, ""party"": ""DFL"" }, { ""name"": ""Ken Navitsky"", ""votes"": 248, ""votes_pct"": 47.420000, ""party"": ""R"" }, { ""name"": ""Bill Rood"", ""votes"": 6, ""votes_pct"": 1.150000, ""party"": ""GLC"" }, { ""name"": ""WRITE-IN"", ""votes"": 0, ""votes_pct"": 0, ""party"": ""WI"" } ]"
"550370","1","25",25A,Olmsted,Rochester W-5 P-2,1.35897270588308,DFL,"19.02",19.02,913.189790072776,"1241","[ { ""name"": ""Liz Boldon"", ""votes"": 733, ""votes_pct"": 59.070000, ""party"": ""DFL"" }, { ""name"": ""Ken Navitsky"", ""votes"": 497, ""votes_pct"": 40.050000, ""party"": ""R"" }, { ""name"": ""Bill Rood"", ""votes"": 10, ""votes_pct"": 0.810000, ""party"": ""GLC"" }, { ""name"": ""WRITE-IN"", ""votes"": 1, ""votes_pct"": 0.080000, ""party"": ""WI"" } ]"
"550375","1","25",25B,Olmsted,Rochester W-5 P-3,0.550937694513492,DFL,"25.22",25.22,1050.93553366554,"579","[ { ""name"": ""Liz Boldon"", ""votes"": 353, ""votes_pct"": 60.970000, ""party"": ""DFL"" }, { ""name"": ""Ken Navitsky"", ""votes"": 207, ""votes_pct"": 35.750000, ""party"": ""R"" }, { ""name"": ""Bill Rood"", ""votes"": 19, ""votes_pct"": 3.280000, ""party"": ""GLC"" }, { ""name"": ""WRITE-IN"", ""votes"": 0, ""votes_pct"": 0, ""party"": ""WI"" } ]"
"550380","1","25",25B,Olmsted,Rochester W-5 P-4,0.541028498241231,DFL,"18.77",18.77,1438.00188442774,"778","[ { ""name"": ""Liz Boldon"", ""votes"": 453, ""votes_pct"": 58.230000, ""party"": ""DFL"" }, { ""name"": ""Ken Navitsky"", ""votes"": 307, ""votes_pct"": 39.460000, ""party"": ""R"" }, { ""name"": ""Bill Rood"", ""votes"": 18, ""votes_pct"": 2.310000, ""party"": ""GLC"" }, { ""name"": ""WRITE-IN"", ""votes"": 0, ""votes_pct"": 0, ""party"": ""WI"" } ]"
"550385","1","25",25B,Olmsted,Rochester W-5 P-5,0.499315317892677,DFL,"4.60",4.6,1568.14736488476,"783","[ { ""name"": ""Liz Boldon"", ""votes"": 408, ""votes_pct"": 52.110000, ""party"": ""DFL"" }, { ""name"": ""Ken Navitsky"", ""votes"": 372, ""votes_pct"": 47.510000, ""party"": ""R"" }, { ""name"": ""Bill Rood"", ""votes"": 3, ""votes_pct"": 0.380000, ""party"": ""GLC"" }, { ""name"": ""WRITE-IN"", ""votes"": 0, ""votes_pct"": 0, ""party"": ""WI"" } ]"
"550390","1","25",25A,Olmsted,Rochester W-5 P-6,0.629454417409818,DFL,"21.40",21.4,1410.74552094509,"888","[ { ""name"": ""Liz Boldon"", ""votes"": 535, ""votes_pct"": 60.250000, ""party"": ""DFL"" }, { ""name"": ""Ken Navitsky"", ""votes"": 345, ""votes_pct"": 38.850000, ""party"": ""R"" }, { ""name"": ""Bill Rood"", ""votes"": 8, ""votes_pct"": 0.900000, ""party"": ""GLC"" }, { ""name"": ""WRITE-IN"", ""votes"": 0, ""votes_pct"": 0, ""party"": ""WI"" } ]"
"550395","1","25",25B,Olmsted,Rochester W-5 P-7,0.554803459593669,DFL,"32.82",32.82,823.715123072053,"457","[ { ""name"": ""Liz Boldon"", ""votes"": 297, ""votes_pct"": 64.990000, ""party"": ""DFL"" }, { ""name"": ""Ken Navitsky"", ""votes"": 147, ""votes_pct"": 32.170000, ""party"": ""R"" }, { ""name"": ""Bill Rood"", ""votes"": 13, ""votes_pct"": 2.840000, ""party"": ""GLC"" }, { ""name"": ""WRITE-IN"", ""votes"": 0, ""votes_pct"": 0, ""party"": ""WI"" } ]"
"550400","1","25",25B,Olmsted,Rochester W-5 P-8,0.380155100586218,DFL,"29.56",29.56,1949.20441382305,"741","[ { ""name"": ""Liz Boldon"", ""votes"": 472, ""votes_pct"": 63.700000, ""party"": ""DFL"" }, { ""name"": ""Ken Navitsky"", ""votes"": 253, ""votes_pct"": 34.140000, ""party"": ""R"" }, { ""name"": ""Bill Rood"", ""votes"": 16, ""votes_pct"": 2.160000, ""party"": ""GLC"" }, { ""name"": ""WRITE-IN"", ""votes"": 0, ""votes_pct"": 0, ""party"": ""WI"" } ]"
"550405","1","25",25B,Olmsted,Rochester W-5 P-9,0.23987641894226,DFL,"22.69",22.69,2259.49679584996,"542","[ { ""name"": ""Liz Boldon"", ""votes"": 329, ""votes_pct"": 60.700000, ""party"": ""DFL"" }, { ""name"": ""Ken Navitsky"", ""votes"": 206, ""votes_pct"": 38.010000, ""party"": ""R"" }, { ""name"": ""Bill Rood"", ""votes"": 7, ""votes_pct"": 1.290000, ""party"": ""GLC"" }, { ""name"": ""WRITE-IN"", ""votes"": 0, ""votes_pct"": 0, ""party"": ""WI"" } ]"
"550410","1","25",25B,Olmsted,Rochester W-5 P-10,0.684284216722821,DFL,"23.17",23.17,838.832733493409,"574","[ { ""name"": ""Liz Boldon"", ""votes"": 343, ""votes_pct"": 59.760000, ""party"": ""DFL"" }, { ""name"": ""Ken Navitsky"", ""votes"": 210, ""votes_pct"": 36.590000, ""party"": ""R"" }, { ""name"": ""Bill Rood"", ""votes"": 21, ""votes_pct"": 3.660000, ""party"": ""GLC"" }, { ""name"": ""WRITE-IN"", ""votes"": 0, ""votes_pct"": 0, ""party"": ""WI"" } ]"
"550415","1","25",25B,Olmsted,Rochester W-5 P-11,0.241830678702284,DFL,"24.36",24.36,2121.31894411772,"513","[ { ""name"": ""Liz Boldon"", ""votes"": 313, ""votes_pct"": 61.010000, ""party"": ""DFL"" }, { ""name"": ""Ken Navitsky"", ""votes"": 188, ""votes_pct"": 36.650000, ""party"": ""R"" }, { ""name"": ""Bill Rood"", ""votes"": 12, ""votes_pct"": 2.340000, ""party"": ""GLC"" }, { ""name"": ""WRITE-IN"", ""votes"": 0, ""votes_pct"": 0, ""party"": ""WI"" } ]"
"550420","1","25",25B,Olmsted,Rochester W-5 P-12,0.416411990950527,DFL,"28.95",28.95,1750.67004755541,"729","[ { ""name"": ""Liz Boldon"", ""votes"": 458, ""votes_pct"": 62.830000, ""party"": ""DFL"" }, { ""name"": ""Ken Navitsky"", ""votes"": 247, ""votes_pct"": 33.880000, ""party"": ""R"" }, { ""name"": ""Bill Rood"", ""votes"": 24, ""votes_pct"": 3.290000, ""party"": ""GLC"" }, { ""name"": ""WRITE-IN"", ""votes"": 0, ""votes_pct"": 0, ""party"": ""WI"" } ]"
"550425","1","25",25B,Olmsted,Rochester W-5 P-13,1.28665441856823,DFL,"23.03",23.03,317.101464163171,"408","[ { ""name"": ""Liz Boldon"", ""votes"": 248, ""votes_pct"": 60.780000, ""party"": ""DFL"" }, { ""name"": ""Ken Navitsky"", ""votes"": 154, ""votes_pct"": 37.750000, ""party"": ""R"" }, { ""name"": ""Bill Rood"", ""votes"": 6, ""votes_pct"": 1.470000, ""party"": ""GLC"" }, { ""name"": ""WRITE-IN"", ""votes"": 0, ""votes_pct"": 0, ""party"": ""WI"" } ]"
"550430","1","24",24B,Olmsted,Rochester W-5 P-14,0.719437705866594,R,"8.14",-8.14,426.722143552658,"307","[ { ""name"": ""Carla Nelson"", ""votes"": 166, ""votes_pct"": 54.070000, ""party"": ""R"" }, { ""name"": ""Aleta Borrud"", ""votes"": 141, ""votes_pct"": 45.930000, ""party"": ""DFL"" }, { ""name"": ""WRITE-IN"", ""votes"": 0, ""votes_pct"": 0, ""party"": ""WI"" } ]"
"550435","1","25",25A,Olmsted,Rochester W-6 P-1,0.49941505842228,DFL,"29.32",29.32,682.798794808601,"341","[ { ""name"": ""Liz Boldon"", ""votes"": 216, ""votes_pct"": 63.340000, ""party"": ""DFL"" }, { ""name"": ""Ken Navitsky"", ""votes"": 116, ""votes_pct"": 34.020000, ""party"": ""R"" }, { ""name"": ""Bill Rood"", ""votes"": 9, ""votes_pct"": 2.640000, ""party"": ""GLC"" }, { ""name"": ""WRITE-IN"", ""votes"": 0, ""votes_pct"": 0, ""party"": ""WI"" } ]"
"550440","1","25",25A,Olmsted,Rochester W-6 P-2,0.512774937239994,DFL,"12.94",12.94,1205.20710962665,"618","[ { ""name"": ""Liz Boldon"", ""votes"": 348, ""votes_pct"": 56.310000, ""party"": ""DFL"" }, { ""name"": ""Ken Navitsky"", ""votes"": 268, ""votes_pct"": 43.370000, ""party"": ""R"" }, { ""name"": ""Bill Rood"", ""votes"": 2, ""votes_pct"": 0.320000, ""party"": ""GLC"" }, { ""name"": ""WRITE-IN"", ""votes"": 0, ""votes_pct"": 0, ""party"": ""WI"" } ]"
"550445","1","25",25A,Olmsted,Rochester W-6 P-3,0.187936072275709,DFL,"9.15",9.15,2383.78930971149,"448","[ { ""name"": ""Liz Boldon"", ""votes"": 234, ""votes_pct"": 52.230000, ""party"": ""DFL"" }, { ""name"": ""Ken Navitsky"", ""votes"": 193, ""votes_pct"": 43.080000, ""party"": ""R"" }, { ""name"": ""Bill Rood"", ""votes"": 19, ""votes_pct"": 4.240000, ""party"": ""GLC"" }, { ""name"": ""WRITE-IN"", ""votes"": 2, ""votes_pct"": 0.450000, ""party"": ""WI"" } ]"
"550450","1","25",25A,Olmsted,Rochester W-6 P-4,0.548848367900118,DFL,"24.44",24.44,573.929009218308,"315","[ { ""name"": ""Liz Boldon"", ""votes"": 191, ""votes_pct"": 60.630000, ""party"": ""DFL"" }, { ""name"": ""Ken Navitsky"", ""votes"": 114, ""votes_pct"": 36.190000, ""party"": ""R"" }, { ""name"": ""Bill Rood"", ""votes"": 10, ""votes_pct"": 3.170000, ""party"": ""GLC"" }, { ""name"": ""WRITE-IN"", ""votes"": 0, ""votes_pct"": 0, ""party"": ""WI"" } ]"
"550455","1","25",25B,Olmsted,Rochester W-6 P-5,0.199773664826522,DFL,"26.53",26.53,1716.9430229848,"343","[ { ""name"": ""Liz Boldon"", ""votes"": 214, ""votes_pct"": 62.390000, ""party"": ""DFL"" }, { ""name"": ""Ken Navitsky"", ""votes"": 123, ""votes_pct"": 35.860000, ""party"": ""R"" }, { ""name"": ""Bill Rood"", ""votes"": 6, ""votes_pct"": 1.750000, ""party"": ""GLC"" }, { ""name"": ""WRITE-IN"", ""votes"": 0, ""votes_pct"": 0, ""party"": ""WI"" } ]"
"550460","1","25",25A,Olmsted,Rochester W-6 P-6,0.268677661734039,DFL,"29.29",29.29,1626.48430531818,"437","[ { ""name"": ""Liz Boldon"", ""votes"": 276, ""votes_pct"": 63.160000, ""party"": ""DFL"" }, { ""name"": ""Ken Navitsky"", ""votes"": 148, ""votes_pct"": 33.870000, ""party"": ""R"" }, { ""name"": ""Bill Rood"", ""votes"": 13, ""votes_pct"": 2.970000, ""party"": ""GLC"" }, { ""name"": ""WRITE-IN"", ""votes"": 0, ""votes_pct"": 0, ""party"": ""WI"" } ]"
"550465","1","25",25B,Olmsted,Rochester W-6 P-7,0.488673633090357,DFL,"24.79",24.79,1675.96519341686,"819","[ { ""name"": ""Liz Boldon"", ""votes"": 504, ""votes_pct"": 61.540000, ""party"": ""DFL"" }, { ""name"": ""Ken Navitsky"", ""votes"": 301, ""votes_pct"": 36.750000, ""party"": ""R"" }, { ""name"": ""Bill Rood"", ""votes"": 14, ""votes_pct"": 1.710000, ""party"": ""GLC"" }, { ""name"": ""WRITE-IN"", ""votes"": 0, ""votes_pct"": 0, ""party"": ""WI"" } ]"
"550470","1","25",25B,Olmsted,Rochester W-6 P-8,0.366740398925258,DFL,"27.73",27.73,1750.55707492656,"642","[ { ""name"": ""Liz Boldon"", ""votes"": 406, ""votes_pct"": 63.240000, ""party"": ""DFL"" }, { ""name"": ""Ken Navitsky"", ""votes"": 228, ""votes_pct"": 35.510000, ""party"": ""R"" }, { ""name"": ""Bill Rood"", ""votes"": 8, ""votes_pct"": 1.250000, ""party"": ""GLC"" }, { ""name"": ""WRITE-IN"", ""votes"": 0, ""votes_pct"": 0, ""party"": ""WI"" } ]"
"550475","1","25",25B,Olmsted,Rochester W-6 P-9,0.24409959621599,DFL,"17.16",17.16,2363.78924399959,"577","[ { ""name"": ""Liz Boldon"", ""votes"": 330, ""votes_pct"": 57.190000, ""party"": ""DFL"" }, { ""name"": ""Ken Navitsky"", ""votes"": 231, ""votes_pct"": 40.030000, ""party"": ""R"" }, { ""name"": ""Bill Rood"", ""votes"": 15, ""votes_pct"": 2.600000, ""party"": ""GLC"" }, { ""name"": ""WRITE-IN"", ""votes"": 1, ""votes_pct"": 0.170000, ""party"": ""WI"" } ]"
"550480","1","25",25A,Olmsted,Rochester W-6 P-10,0.189059773316872,DFL,"26.67",26.67,2221.51964234117,"420","[ { ""name"": ""Liz Boldon"", ""votes"": 257, ""votes_pct"": 61.190000, ""party"": ""DFL"" }, { ""name"": ""Ken Navitsky"", ""votes"": 145, ""votes_pct"": 34.520000, ""party"": ""R"" }, { ""name"": ""Bill Rood"", ""votes"": 18, ""votes_pct"": 4.290000, ""party"": ""GLC"" }, { ""name"": ""WRITE-IN"", ""votes"": 0, ""votes_pct"": 0, ""party"": ""WI"" } ]"
"550485","1","25",25A,Olmsted,Rochester W-6 P-11,0.187763237888698,DFL,"24.12",24.12,1965.24092867814,"369","[ { ""name"": ""Liz Boldon"", ""votes"": 223, ""votes_pct"": 60.430000, ""party"": ""DFL"" }, { ""name"": ""Ken Navitsky"", ""votes"": 134, ""votes_pct"": 36.310000, ""party"": ""R"" }, { ""name"": ""Bill Rood"", ""votes"": 12, ""votes_pct"": 3.250000, ""party"": ""GLC"" }, { ""name"": ""WRITE-IN"", ""votes"": 0, ""votes_pct"": 0, ""party"": ""WI"" } ]"
"550490","1","25",25B,Olmsted,Rochester W-6 P-12,0.400957965779085,DFL,"15.92",15.92,2114.9349118237,"848","[ { ""name"": ""Liz Boldon"", ""votes"": 486, ""votes_pct"": 57.310000, ""party"": ""DFL"" }, { ""name"": ""Ken Navitsky"", ""votes"": 351, ""votes_pct"": 41.390000, ""party"": ""R"" }, { ""name"": ""Bill Rood"", ""votes"": 11, ""votes_pct"": 1.300000, ""party"": ""GLC"" }, { ""name"": ""WRITE-IN"", ""votes"": 0, ""votes_pct"": 0, ""party"": ""WI"" } ]"
"550495","1","25",25B,Olmsted,Rochester W-6 P-13,0.260697475868287,DFL,"22.13",22.13,2600.71562926274,"678","[ { ""name"": ""Liz Boldon"", ""votes"": 408, ""votes_pct"": 60.180000, ""party"": ""DFL"" }, { ""name"": ""Ken Navitsky"", ""votes"": 258, ""votes_pct"": 38.050000, ""party"": ""R"" }, { ""name"": ""Bill Rood"", ""votes"": 12, ""votes_pct"": 1.770000, ""party"": ""GLC"" }, { ""name"": ""WRITE-IN"", ""votes"": 0, ""votes_pct"": 0, ""party"": ""WI"" } ]"
"550500","1","24",24B,Olmsted,Rochester Twp P-1,9.18459561551103,DFL,"3.02",3.02,104.413960085562,"959","[ { ""name"": ""Aleta Borrud"", ""votes"": 494, ""votes_pct"": 51.510000, ""party"": ""DFL"" }, { ""name"": ""Carla Nelson"", ""votes"": 465, ""votes_pct"": 48.490000, ""party"": ""R"" }, { ""name"": ""WRITE-IN"", ""votes"": 0, ""votes_pct"": 0, ""party"": ""WI"" } ]"
"550505","1","24",24A,Olmsted,Rochester Twp P-2,6.54214339283076,R,"29.68",-29.68,27.8196286861345,"182","[ { ""name"": ""Carla Nelson"", ""votes"": 118, ""votes_pct"": 64.840000, ""party"": ""R"" }, { ""name"": ""Aleta Borrud"", ""votes"": 64, ""votes_pct"": 35.160000, ""party"": ""DFL"" }, { ""name"": ""WRITE-IN"", ""votes"": 0, ""votes_pct"": 0, ""party"": ""WI"" } ]"
"550510","1","24",24A,Olmsted,Rochester Twp P-3,2.23261902936716,R,"67.74",-67.74,13.8850379721018,"31","[ { ""name"": ""Carla Nelson"", ""votes"": 26, ""votes_pct"": 83.870000, ""party"": ""R"" }, { ""name"": ""Aleta Borrud"", ""votes"": 5, ""votes_pct"": 16.130000, ""party"": ""DFL"" }, { ""name"": ""WRITE-IN"", ""votes"": 0, ""votes_pct"": 0, ""party"": ""WI"" } ]"
"550515","1","24",24A,Olmsted,Rock Dell Twp,35.9120041527862,R,"56.25",-56.25,10.692803397056,"384","[ { ""name"": ""Carla Nelson"", ""votes"": 300, ""votes_pct"": 78.130000, ""party"": ""R"" }, { ""name"": ""Aleta Borrud"", ""votes"": 84, ""votes_pct"": 21.880000, ""party"": ""DFL"" }, { ""name"": ""WRITE-IN"", ""votes"": 0, ""votes_pct"": 0, ""party"": ""WI"" } ]"
"550520","1","24",24A,Olmsted,Salem Twp,35.704713450386,R,"44.73",-44.73,16.4684139201135,"588","[ { ""name"": ""Carla Nelson"", ""votes"": 425, ""votes_pct"": 72.280000, ""party"": ""R"" }, { ""name"": ""Aleta Borrud"", ""votes"": 162, ""votes_pct"": 27.550000, ""party"": ""DFL"" }, { ""name"": ""WRITE-IN"", ""votes"": 1, ""votes_pct"": 0.170000, ""party"": ""WI"" } ]"
"550525","1","24",24A,Olmsted,Stewartville,3.27066217879401,R,"34.34",-34.34,808.398989398202,"2644","[ { ""name"": ""Carla Nelson"", ""votes"": 1775, ""votes_pct"": 67.130000, ""party"": ""R"" }, { ""name"": ""Aleta Borrud"", ""votes"": 867, ""votes_pct"": 32.790000, ""party"": ""DFL"" }, { ""name"": ""WRITE-IN"", ""votes"": 2, ""votes_pct"": 0.080000, ""party"": ""WI"" } ]"
"550530","1","20",20B,Olmsted,Viola Twp,35.6657751854633,R,"49.84",-49.84,8.94414879085591,"319","[ { ""name"": ""Steve Drazkowski"", ""votes"": 239, ""votes_pct"": 74.920000, ""party"": ""R"" }, { ""name"": ""Bradley Robert Drenckhahn"", ""votes"": 80, ""votes_pct"": 25.080000, ""party"": ""DFL"" }, { ""name"": ""WRITE-IN"", ""votes"": 0, ""votes_pct"": 0, ""party"": ""WI"" } ]"
"560005","7","9",9A,Otter Tail,Aastad Twp,35.4457545137081,R,"38.53",-38.53,3.07512144953342,"109","[ { ""name"": ""Jordan Rasmusson"", ""votes"": 66, ""votes_pct"": 60.550000, ""party"": ""R"" }, { ""name"": ""Cornel Walker"", ""votes"": 24, ""votes_pct"": 22.020000, ""party"": ""DFL"" }, { ""name"": ""WRITE-IN"", ""votes"": 19, ""votes_pct"": 17.430000, ""party"": ""WI"" } ]"
"560010","7","9",9B,Otter Tail,Amor Twp,35.0535371294394,R,"33.70",-33.7,7.87367046528962,"276","[ { ""name"": ""Jordan Rasmusson"", ""votes"": 176, ""votes_pct"": 63.770000, ""party"": ""R"" }, { ""name"": ""Cornel Walker"", ""votes"": 83, ""votes_pct"": 30.070000, ""party"": ""DFL"" }, { ""name"": ""WRITE-IN"", ""votes"": 17, ""votes_pct"": 6.160000, ""party"": ""WI"" } ]"
"560015","7","9",9A,Otter Tail,Aurdal Twp,35.2540156323584,R,"33.22",-33.22,24.507846397134,"864","[ { ""name"": ""Jordan Rasmusson"", ""votes"": 519, ""votes_pct"": 60.070000, ""party"": ""R"" }, { ""name"": ""Cornel Walker"", ""votes"": 232, ""votes_pct"": 26.850000, ""party"": ""DFL"" }, { ""name"": ""WRITE-IN"", ""votes"": 113, ""votes_pct"": 13.080000, ""party"": ""WI"" } ]"
"560020","7","9",9B,Otter Tail,Battle Lake,1.41500014948106,R,"19.09",-19.09,296.113042923469,"419","[ { ""name"": ""Jordan Rasmusson"", ""votes"": 236, ""votes_pct"": 56.320000, ""party"": ""R"" }, { ""name"": ""Cornel Walker"", ""votes"": 156, ""votes_pct"": 37.230000, ""party"": ""DFL"" }, { ""name"": ""WRITE-IN"", ""votes"": 27, ""votes_pct"": 6.440000, ""party"": ""WI"" } ]"
"560025","7","9",9B,Otter Tail,Blowers Twp,35.5925501493834,R,"63.15",-63.15,3.20291745102662,"114","[ { ""name"": ""Jordan Rasmusson"", ""votes"": 91, ""votes_pct"": 79.820000, ""party"": ""R"" }, { ""name"": ""Cornel Walker"", ""votes"": 19, ""votes_pct"": 16.670000, ""party"": ""DFL"" }, { ""name"": ""WRITE-IN"", ""votes"": 4, ""votes_pct"": 3.510000, ""party"": ""WI"" } ]"
"560030","7","9",9B,Otter Tail,Bluffton,2.73655453217246,R,"66.67",-66.67,35.0806091643234,"96","[ { ""name"": ""Jordan Rasmusson"", ""votes"": 77, ""votes_pct"": 80.210000, ""party"": ""R"" }, { ""name"": ""WRITE-IN"", ""votes"": 13, ""votes_pct"": 13.540000, ""party"": ""WI"" }, { ""name"": ""Cornel Walker"", ""votes"": 6, ""votes_pct"": 6.250000, ""party"": ""DFL"" } ]"
"560035","7","9",9B,Otter Tail,Bluffton Twp,32.9936604222911,R,"70.05",-70.05,6.57702107685483,"217","[ { ""name"": ""Jordan Rasmusson"", ""votes"": 180, ""votes_pct"": 82.950000, ""party"": ""R"" }, { ""name"": ""Cornel Walker"", ""votes"": 28, ""votes_pct"": 12.900000, ""party"": ""DFL"" }, { ""name"": ""WRITE-IN"", ""votes"": 9, ""votes_pct"": 4.150000, ""party"": ""WI"" } ]"
"560040","7","9",9A,Otter Tail,Buse Twp,29.5632307019521,R,"60.31",-60.31,8.69323121654055,"257","[ { ""name"": ""Jordan Rasmusson"", ""votes"": 193, ""votes_pct"": 75.100000, ""party"": ""R"" }, { ""name"": ""Cornel Walker"", ""votes"": 38, ""votes_pct"": 14.790000, ""party"": ""DFL"" }, { ""name"": ""WRITE-IN"", ""votes"": 26, ""votes_pct"": 10.120000, ""party"": ""WI"" } ]"
"560045","7","9",9B,Otter Tail,Butler Twp,35.8669371411737,R,"55.32",-55.32,3.93119712020623,"141","[ { ""name"": ""Jordan Rasmusson"", ""votes"": 101, ""votes_pct"": 71.630000, ""party"": ""R"" }, { ""name"": ""WRITE-IN"", ""votes"": 23, ""votes_pct"": 16.310000, ""party"": ""WI"" }, { ""name"": ""Cornel Walker"", ""votes"": 17, ""votes_pct"": 12.060000, ""party"": ""DFL"" } ]"
"560050","7","9",9B,Otter Tail,Candor Twp,34.443290366791,R,"38.85",-38.85,10.1616307929006,"350","[ { ""name"": ""Jordan Rasmusson"", ""votes"": 235, ""votes_pct"": 67.140000, ""party"": ""R"" }, { ""name"": ""Cornel Walker"", ""votes"": 99, ""votes_pct"": 28.290000, ""party"": ""DFL"" }, { ""name"": ""WRITE-IN"", ""votes"": 16, ""votes_pct"": 4.570000, ""party"": ""WI"" } ]"
"560055","7","9",9A,Otter Tail,Carlisle Twp,35.7267038364651,R,"57.45",-57.45,2.63108515216725,"94","[ { ""name"": ""Jordan Rasmusson"", ""votes"": 68, ""votes_pct"": 72.340000, ""party"": ""R"" }, { ""name"": ""Cornel Walker"", ""votes"": 14, ""votes_pct"": 14.890000, ""party"": ""DFL"" }, { ""name"": ""WRITE-IN"", ""votes"": 12, ""votes_pct"": 12.770000, ""party"": ""WI"" } ]"
"560060","7","9",9B,Otter Tail,Clitherall,0.180725856463924,R,"37.50",-37.5,177.063761799838,"32","[ { ""name"": ""Jordan Rasmusson"", ""votes"": 22, ""votes_pct"": 68.750000, ""party"": ""R"" }, { ""name"": ""Cornel Walker"", ""votes"": 10, ""votes_pct"": 31.250000, ""party"": ""DFL"" }, { ""name"": ""WRITE-IN"", ""votes"": 0, ""votes_pct"": 0, ""party"": ""WI"" } ]"
"560065","7","9",9B,Otter Tail,Clitherall Twp,35.2912978982421,R,"33.33",-33.33,8.92571310095372,"315","[ { ""name"": ""Jordan Rasmusson"", ""votes"": 199, ""votes_pct"": 63.170000, ""party"": ""R"" }, { ""name"": ""Cornel Walker"", ""votes"": 94, ""votes_pct"": 29.840000, ""party"": ""DFL"" }, { ""name"": ""WRITE-IN"", ""votes"": 22, ""votes_pct"": 6.980000, ""party"": ""WI"" } ]"
"560070","7","9",9B,Otter Tail,Compton Twp,35.4909891913305,R,"56.70",-56.7,9.04454925923596,"321","[ { ""name"": ""Jordan Rasmusson"", ""votes"": 244, ""votes_pct"": 76.010000, ""party"": ""R"" }, { ""name"": ""Cornel Walker"", ""votes"": 62, ""votes_pct"": 19.310000, ""party"": ""DFL"" }, { ""name"": ""WRITE-IN"", ""votes"": 15, ""votes_pct"": 4.670000, ""party"": ""WI"" } ]"
"560075","7","9",9B,Otter Tail,Corliss Twp,36.9319135341113,R,"48.05",-48.05,9.01659210515676,"333","[ { ""name"": ""Jordan Rasmusson"", ""votes"": 232, ""votes_pct"": 69.670000, ""party"": ""R"" }, { ""name"": ""Cornel Walker"", ""votes"": 72, ""votes_pct"": 21.620000, ""party"": ""DFL"" }, { ""name"": ""WRITE-IN"", ""votes"": 29, ""votes_pct"": 8.710000, ""party"": ""WI"" } ]"
"560080","7","9",9A,Otter Tail,Dalton,0.237101695403859,R,"21.91",-21.91,442.847951049662,"105","[ { ""name"": ""Jordan Rasmusson"", ""votes"": 53, ""votes_pct"": 50.480000, ""party"": ""R"" }, { ""name"": ""Cornel Walker"", ""votes"": 30, ""votes_pct"": 28.570000, ""party"": ""DFL"" }, { ""name"": ""WRITE-IN"", ""votes"": 22, ""votes_pct"": 20.950000, ""party"": ""WI"" } ]"
"560085","7","9",9A,Otter Tail,Dane Prairie Twp,35.8424294224768,R,"40.78",-40.78,14.3684456745291,"515","[ { ""name"": ""Jordan Rasmusson"", ""votes"": 332, ""votes_pct"": 64.470000, ""party"": ""R"" }, { ""name"": ""Cornel Walker"", ""votes"": 122, ""votes_pct"": 23.690000, ""party"": ""DFL"" }, { ""name"": ""WRITE-IN"", ""votes"": 61, ""votes_pct"": 11.840000, ""party"": ""WI"" } ]"
"560090","7","9",9B,Otter Tail,Dead Lake Twp,35.1527198528821,R,"26.37",-26.37,8.30661187020668,"292","[ { ""name"": ""Jordan Rasmusson"", ""votes"": 163, ""votes_pct"": 55.820000, ""party"": ""R"" }, { ""name"": ""Cornel Walker"", ""votes"": 86, ""votes_pct"": 29.450000, ""party"": ""DFL"" }, { ""name"": ""WRITE-IN"", ""votes"": 43, ""votes_pct"": 14.730000, ""party"": ""WI"" } ]"
"560095","7","9",9B,Otter Tail,Deer Creek,4.03111301119956,R,"51.43",-51.43,26.0473967631968,"105","[ { ""name"": ""Jordan Rasmusson"", ""votes"": 78, ""votes_pct"": 74.290000, ""party"": ""R"" }, { ""name"": ""Cornel Walker"", ""votes"": 24, ""votes_pct"": 22.860000, ""party"": ""DFL"" }, { ""name"": ""WRITE-IN"", ""votes"": 3, ""votes_pct"": 2.860000, ""party"": ""WI"" } ]"
"560100","7","9",9B,Otter Tail,Deer Creek Twp,32.4895753462609,R,"54.49",-54.49,5.14011027291618,"167","[ { ""name"": ""Jordan Rasmusson"", ""votes"": 119, ""votes_pct"": 71.260000, ""party"": ""R"" }, { ""name"": ""Cornel Walker"", ""votes"": 28, ""votes_pct"": 16.770000, ""party"": ""DFL"" }, { ""name"": ""WRITE-IN"", ""votes"": 20, ""votes_pct"": 11.980000, ""party"": ""WI"" } ]"
"560105","7","9",9B,Otter Tail,Dent,0.366145834214803,R,"38.23",-38.23,185.718349481772,"68","[ { ""name"": ""Jordan Rasmusson"", ""votes"": 40, ""votes_pct"": 58.820000, ""party"": ""R"" }, { ""name"": ""Cornel Walker"", ""votes"": 14, ""votes_pct"": 20.590000, ""party"": ""DFL"" }, { ""name"": ""WRITE-IN"", ""votes"": 14, ""votes_pct"": 20.590000, ""party"": ""WI"" } ]"
"560110","7","9",9B,Otter Tail,Dora Twp,35.807700759638,R,"14.75",-14.75,11.9248092153772,"427","[ { ""name"": ""Jordan Rasmusson"", ""votes"": 223, ""votes_pct"": 52.220000, ""party"": ""R"" }, { ""name"": ""Cornel Walker"", ""votes"": 160, ""votes_pct"": 37.470000, ""party"": ""DFL"" }, { ""name"": ""WRITE-IN"", ""votes"": 44, ""votes_pct"": 10.300000, ""party"": ""WI"" } ]"
"560115","7","9",9B,Otter Tail,Dunn Twp,36.636465674849,R,"16.86",-16.86,14.4118705304718,"528","[ { ""name"": ""Jordan Rasmusson"", ""votes"": 304, ""votes_pct"": 57.580000, ""party"": ""R"" }, { ""name"": ""Cornel Walker"", ""votes"": 215, ""votes_pct"": 40.720000, ""party"": ""DFL"" }, { ""name"": ""WRITE-IN"", ""votes"": 9, ""votes_pct"": 1.700000, ""party"": ""WI"" } ]"
"560120","7","9",9B,Otter Tail,Eagle Lake Twp,35.9880942162327,R,"18.29",-18.29,7.14125061626848,"257","[ { ""name"": ""Jordan Rasmusson"", ""votes"": 139, ""votes_pct"": 54.090000, ""party"": ""R"" }, { ""name"": ""Cornel Walker"", ""votes"": 92, ""votes_pct"": 35.800000, ""party"": ""DFL"" }, { ""name"": ""WRITE-IN"", ""votes"": 26, ""votes_pct"": 10.120000, ""party"": ""WI"" } ]"
"560125","7","9",9B,Otter Tail,Eastern Twp,36.5012318116274,R,"46.55",-46.55,3.17797494064428,"116","[ { ""name"": ""Jordan Rasmusson"", ""votes"": 82, ""votes_pct"": 70.690000, ""party"": ""R"" }, { ""name"": ""Cornel Walker"", ""votes"": 28, ""votes_pct"": 24.140000, ""party"": ""DFL"" }, { ""name"": ""WRITE-IN"", ""votes"": 6, ""votes_pct"": 5.170000, ""party"": ""WI"" } ]"
"560130","7","9",9B,Otter Tail,Edna Twp,34.7499723158617,R,"44.02",-44.02,15.1654797077191,"527","[ { ""name"": ""Jordan Rasmusson"", ""votes"": 359, ""votes_pct"": 68.120000, ""party"": ""R"" }, { ""name"": ""Cornel Walker"", ""votes"": 127, ""votes_pct"": 24.100000, ""party"": ""DFL"" }, { ""name"": ""WRITE-IN"", ""votes"": 41, ""votes_pct"": 7.780000, ""party"": ""WI"" } ]"
"560135","7","9",9B,Otter Tail,Effington Twp,34.9395383464113,R,"70.64",-70.64,3.60622967455269,"126","[ { ""name"": ""Jordan Rasmusson"", ""votes"": 104, ""votes_pct"": 82.540000, ""party"": ""R"" }, { ""name"": ""Cornel Walker"", ""votes"": 15, ""votes_pct"": 11.900000, ""party"": ""DFL"" }, { ""name"": ""WRITE-IN"", ""votes"": 7, ""votes_pct"": 5.560000, ""party"": ""WI"" } ]"
"560140","7","9",9A,Otter Tail,Elizabeth,0.376951278074214,R,"58.67",-58.67,198.96470542072,"75","[ { ""name"": ""Jordan Rasmusson"", ""votes"": 56, ""votes_pct"": 74.670000, ""party"": ""R"" }, { ""name"": ""Cornel Walker"", ""votes"": 12, ""votes_pct"": 16, ""party"": ""DFL"" }, { ""name"": ""WRITE-IN"", ""votes"": 7, ""votes_pct"": 9.330000, ""party"": ""WI"" } ]"
"560145","7","9",9A,Otter Tail,Elizabeth Twp,35.5474187627387,R,"31.48",-31.48,13.1373814542482,"467","[ { ""name"": ""Jordan Rasmusson"", ""votes"": 273, ""votes_pct"": 58.460000, ""party"": ""R"" }, { ""name"": ""Cornel Walker"", ""votes"": 126, ""votes_pct"": 26.980000, ""party"": ""DFL"" }, { ""name"": ""WRITE-IN"", ""votes"": 68, ""votes_pct"": 14.560000, ""party"": ""WI"" } ]"
"560150","7","9",9B,Otter Tail,Elmo Twp,36.7438903519416,R,"51.08",-51.08,3.78294183519016,"139","[ { ""name"": ""Jordan Rasmusson"", ""votes"": 100, ""votes_pct"": 71.940000, ""party"": ""R"" }, { ""name"": ""Cornel Walker"", ""votes"": 29, ""votes_pct"": 20.860000, ""party"": ""DFL"" }, { ""name"": ""WRITE-IN"", ""votes"": 10, ""votes_pct"": 7.190000, ""party"": ""WI"" } ]"
"560155","7","9",9A,Otter Tail,Erhard,0.570035464608753,R,"57.14",-57.14,85.9595639959549,"49","[ { ""name"": ""Jordan Rasmusson"", ""votes"": 36, ""votes_pct"": 73.470000, ""party"": ""R"" }, { ""name"": ""WRITE-IN"", ""votes"": 8, ""votes_pct"": 16.330000, ""party"": ""WI"" }, { ""name"": ""Cornel Walker"", ""votes"": 5, ""votes_pct"": 10.200000, ""party"": ""DFL"" } ]"
"560160","7","9",9A,Otter Tail,Erhards Grove Twp,34.9491131978789,R,"44.85",-44.85,6.38070553428332,"223","[ { ""name"": ""Jordan Rasmusson"", ""votes"": 148, ""votes_pct"": 66.370000, ""party"": ""R"" }, { ""name"": ""Cornel Walker"", ""votes"": 48, ""votes_pct"": 21.520000, ""party"": ""DFL"" }, { ""name"": ""WRITE-IN"", ""votes"": 27, ""votes_pct"": 12.110000, ""party"": ""WI"" } ]"
"560165","7","9",9B,Otter Tail,Everts Twp,34.5649295499008,R,"24.72",-24.72,15.2177367884006,"526","[ { ""name"": ""Jordan Rasmusson"", ""votes"": 309, ""votes_pct"": 58.750000, ""party"": ""R"" }, { ""name"": ""Cornel Walker"", ""votes"": 179, ""votes_pct"": 34.030000, ""party"": ""DFL"" }, { ""name"": ""WRITE-IN"", ""votes"": 38, ""votes_pct"": 7.220000, ""party"": ""WI"" } ]"
"560170","7","9",9A,Otter Tail,Fergus Falls W-1 P-1,2.45123078227642,R,"24.95",-24.95,209.282619861515,"513","[ { ""name"": ""Jordan Rasmusson"", ""votes"": 282, ""votes_pct"": 54.970000, ""party"": ""R"" }, { ""name"": ""Cornel Walker"", ""votes"": 154, ""votes_pct"": 30.020000, ""party"": ""DFL"" }, { ""name"": ""WRITE-IN"", ""votes"": 77, ""votes_pct"": 15.010000, ""party"": ""WI"" } ]"
"560175","7","9",9A,Otter Tail,Fergus Falls W-1 P-2,2.47577871741958,R,"30.50",-30.5,247.598864828642,"613","[ { ""name"": ""Jordan Rasmusson"", ""votes"": 371, ""votes_pct"": 60.520000, ""party"": ""R"" }, { ""name"": ""Cornel Walker"", ""votes"": 184, ""votes_pct"": 30.020000, ""party"": ""DFL"" }, { ""name"": ""WRITE-IN"", ""votes"": 58, ""votes_pct"": 9.460000, ""party"": ""WI"" } ]"
"560180","7","9",9A,Otter Tail,Fergus Falls W-2 P-1,1.38732280754839,R,"15.98",-15.98,541.330392547305,"751","[ { ""name"": ""Jordan Rasmusson"", ""votes"": 390, ""votes_pct"": 51.930000, ""party"": ""R"" }, { ""name"": ""Cornel Walker"", ""votes"": 270, ""votes_pct"": 35.950000, ""party"": ""DFL"" }, { ""name"": ""WRITE-IN"", ""votes"": 91, ""votes_pct"": 12.120000, ""party"": ""WI"" } ]"
"560185","7","9",9A,Otter Tail,Fergus Falls W-2 P-2,2.53031101087565,R,"23.27",-23.27,366.753334278403,"928","[ { ""name"": ""Jordan Rasmusson"", ""votes"": 521, ""votes_pct"": 56.140000, ""party"": ""R"" }, { ""name"": ""Cornel Walker"", ""votes"": 305, ""votes_pct"": 32.870000, ""party"": ""DFL"" }, { ""name"": ""WRITE-IN"", ""votes"": 102, ""votes_pct"": 10.990000, ""party"": ""WI"" } ]"
"560190","7","9",9A,Otter Tail,Fergus Falls W-3 P-1,0.539238202124193,R,"15.67",-15.67,1183.15059557494,"638","[ { ""name"": ""Jordan Rasmusson"", ""votes"": 330, ""votes_pct"": 51.720000, ""party"": ""R"" }, { ""name"": ""Cornel Walker"", ""votes"": 230, ""votes_pct"": 36.050000, ""party"": ""DFL"" }, { ""name"": ""WRITE-IN"", ""votes"": 78, ""votes_pct"": 12.230000, ""party"": ""WI"" } ]"
"560195","7","9",9A,Otter Tail,Fergus Falls W-3 P-2,1.11901084801506,R,"19.49",-19.49,688.10771706624,"770","[ { ""name"": ""Jordan Rasmusson"", ""votes"": 420, ""votes_pct"": 54.550000, ""party"": ""R"" }, { ""name"": ""Cornel Walker"", ""votes"": 270, ""votes_pct"": 35.060000, ""party"": ""DFL"" }, { ""name"": ""WRITE-IN"", ""votes"": 80, ""votes_pct"": 10.390000, ""party"": ""WI"" } ]"
"560200","7","9",9A,Otter Tail,Fergus Falls W-4 P-1,1.29752417954788,R,"21.04",-21.04,582.648101604878,"756","[ { ""name"": ""Jordan Rasmusson"", ""votes"": 411, ""votes_pct"": 54.370000, ""party"": ""R"" }, { ""name"": ""Cornel Walker"", ""votes"": 252, ""votes_pct"": 33.330000, ""party"": ""DFL"" }, { ""name"": ""WRITE-IN"", ""votes"": 93, ""votes_pct"": 12.300000, ""party"": ""WI"" } ]"
"560205","7","9",9A,Otter Tail,Fergus Falls W-4 P-2,4.49655078703545,R,"23.53",-23.53,170.130403554134,"765","[ { ""name"": ""Jordan Rasmusson"", ""votes"": 436, ""votes_pct"": 56.990000, ""party"": ""R"" }, { ""name"": ""Cornel Walker"", ""votes"": 256, ""votes_pct"": 33.460000, ""party"": ""DFL"" }, { ""name"": ""WRITE-IN"", ""votes"": 73, ""votes_pct"": 9.540000, ""party"": ""WI"" } ]"
"560210","7","9",9A,Otter Tail,Fergus Falls Twp,27.2830151699691,R,"41.31",-41.31,14.5511776292594,"397","[ { ""name"": ""Jordan Rasmusson"", ""votes"": 244, ""votes_pct"": 61.460000, ""party"": ""R"" }, { ""name"": ""Cornel Walker"", ""votes"": 80, ""votes_pct"": 20.150000, ""party"": ""DFL"" }, { ""name"": ""WRITE-IN"", ""votes"": 73, ""votes_pct"": 18.390000, ""party"": ""WI"" } ]"
"560215","7","9",9B,Otter Tail,Folden Twp,35.583107595853,R,"50.00",-50,4.66513498161545,"166","[ { ""name"": ""Jordan Rasmusson"", ""votes"": 120, ""votes_pct"": 72.290000, ""party"": ""R"" }, { ""name"": ""Cornel Walker"", ""votes"": 37, ""votes_pct"": 22.290000, ""party"": ""DFL"" }, { ""name"": ""WRITE-IN"", ""votes"": 9, ""votes_pct"": 5.420000, ""party"": ""WI"" } ]"
"560220","7","9",9A,Otter Tail,Friberg Twp,35.7839151006437,R,"26.72",-26.72,11.40177084739,"408","[ { ""name"": ""Jordan Rasmusson"", ""votes"": 241, ""votes_pct"": 59.070000, ""party"": ""R"" }, { ""name"": ""Cornel Walker"", ""votes"": 132, ""votes_pct"": 32.350000, ""party"": ""DFL"" }, { ""name"": ""WRITE-IN"", ""votes"": 35, ""votes_pct"": 8.580000, ""party"": ""WI"" } ]"
"560225","7","9",9B,Otter Tail,Girard Twp,35.6602890714899,R,"37.63",-37.63,13.7127323623114,"489","[ { ""name"": ""Jordan Rasmusson"", ""votes"": 322, ""votes_pct"": 65.850000, ""party"": ""R"" }, { ""name"": ""Cornel Walker"", ""votes"": 138, ""votes_pct"": 28.220000, ""party"": ""DFL"" }, { ""name"": ""WRITE-IN"", ""votes"": 29, ""votes_pct"": 5.930000, ""party"": ""WI"" } ]"
"560230","7","9",9B,Otter Tail,Gorman Twp,35.6199874419461,R,"48.91",-48.91,6.48512300506807,"231","[ { ""name"": ""Jordan Rasmusson"", ""votes"": 167, ""votes_pct"": 72.290000, ""party"": ""R"" }, { ""name"": ""Cornel Walker"", ""votes"": 54, ""votes_pct"": 23.380000, ""party"": ""DFL"" }, { ""name"": ""WRITE-IN"", ""votes"": 10, ""votes_pct"": 4.330000, ""party"": ""WI"" } ]"
"560235","7","9",9B,Otter Tail,Henning,3.21595277813667,R,"43.04",-43.04,125.001835453853,"402","[ { ""name"": ""Jordan Rasmusson"", ""votes"": 277, ""votes_pct"": 68.910000, ""party"": ""R"" }, { ""name"": ""Cornel Walker"", ""votes"": 104, ""votes_pct"": 25.870000, ""party"": ""DFL"" }, { ""name"": ""WRITE-IN"", ""votes"": 21, ""votes_pct"": 5.220000, ""party"": ""WI"" } ]"
"560240","7","9",9B,Otter Tail,Henning Twp,32.797989894487,R,"49.35",-49.35,6.98213520818521,"229","[ { ""name"": ""Jordan Rasmusson"", ""votes"": 169, ""votes_pct"": 73.800000, ""party"": ""R"" }, { ""name"": ""Cornel Walker"", ""votes"": 56, ""votes_pct"": 24.450000, ""party"": ""DFL"" }, { ""name"": ""WRITE-IN"", ""votes"": 4, ""votes_pct"": 1.750000, ""party"": ""WI"" } ]"
"560245","7","9",9B,Otter Tail,Hobart Twp,35.890235597605,R,"31.61",-31.61,12.9561701743477,"465","[ { ""name"": ""Jordan Rasmusson"", ""votes"": 295, ""votes_pct"": 63.440000, ""party"": ""R"" }, { ""name"": ""Cornel Walker"", ""votes"": 148, ""votes_pct"": 31.830000, ""party"": ""DFL"" }, { ""name"": ""WRITE-IN"", ""votes"": 22, ""votes_pct"": 4.730000, ""party"": ""WI"" } ]"
"560250","7","9",9B,Otter Tail,Homestead Twp,36.4768239380431,R,"45.46",-45.46,4.8249814813631,"176","[ { ""name"": ""Jordan Rasmusson"", ""votes"": 122, ""votes_pct"": 69.320000, ""party"": ""R"" }, { ""name"": ""Cornel Walker"", ""votes"": 42, ""votes_pct"": 23.860000, ""party"": ""DFL"" }, { ""name"": ""WRITE-IN"", ""votes"": 12, ""votes_pct"": 6.820000, ""party"": ""WI"" } ]"
"560255","7","9",9B,Otter Tail,Inman Twp,36.5169329462352,R,"50.42",-50.42,3.25876217959506,"119","[ { ""name"": ""Jordan Rasmusson"", ""votes"": 80, ""votes_pct"": 67.230000, ""party"": ""R"" }, { ""name"": ""Cornel Walker"", ""votes"": 20, ""votes_pct"": 16.810000, ""party"": ""DFL"" }, { ""name"": ""WRITE-IN"", ""votes"": 19, ""votes_pct"": 15.970000, ""party"": ""WI"" } ]"
"560260","7","9",9B,Otter Tail,Leaf Lake Twp,35.5796802841838,R,"42.82",-42.82,10.567829643122,"376","[ { ""name"": ""Jordan Rasmusson"", ""votes"": 258, ""votes_pct"": 68.620000, ""party"": ""R"" }, { ""name"": ""Cornel Walker"", ""votes"": 97, ""votes_pct"": 25.800000, ""party"": ""DFL"" }, { ""name"": ""WRITE-IN"", ""votes"": 21, ""votes_pct"": 5.590000, ""party"": ""WI"" } ]"
"560265","7","9",9B,Otter Tail,Leaf Mountain Twp,35.9448477678576,R,"52.32",-52.32,4.20088022003049,"151","[ { ""name"": ""Jordan Rasmusson"", ""votes"": 109, ""votes_pct"": 72.190000, ""party"": ""R"" }, { ""name"": ""Cornel Walker"", ""votes"": 30, ""votes_pct"": 19.870000, ""party"": ""DFL"" }, { ""name"": ""WRITE-IN"", ""votes"": 12, ""votes_pct"": 7.950000, ""party"": ""WI"" } ]"
"560270","7","9",9B,Otter Tail,Lida Twp,35.7975535838392,R,"15.99",-15.99,13.1014539555499,"469","[ { ""name"": ""Jordan Rasmusson"", ""votes"": 258, ""votes_pct"": 55.010000, ""party"": ""R"" }, { ""name"": ""Cornel Walker"", ""votes"": 183, ""votes_pct"": 39.020000, ""party"": ""DFL"" }, { ""name"": ""WRITE-IN"", ""votes"": 28, ""votes_pct"": 5.970000, ""party"": ""WI"" } ]"
"560275","7","9",9B,Otter Tail,Maine Twp,35.9130753904022,R,"39.57",-39.57,11.472144769593,"412","[ { ""name"": ""Jordan Rasmusson"", ""votes"": 253, ""votes_pct"": 61.410000, ""party"": ""R"" }, { ""name"": ""Cornel Walker"", ""votes"": 90, ""votes_pct"": 21.840000, ""party"": ""DFL"" }, { ""name"": ""WRITE-IN"", ""votes"": 69, ""votes_pct"": 16.750000, ""party"": ""WI"" } ]"
"560280","7","9",9B,Otter Tail,Maplewood Twp,35.6819408547416,R,"25.38",-25.38,3.75540110179274,"134","[ { ""name"": ""Jordan Rasmusson"", ""votes"": 79, ""votes_pct"": 58.960000, ""party"": ""R"" }, { ""name"": ""Cornel Walker"", ""votes"": 45, ""votes_pct"": 33.580000, ""party"": ""DFL"" }, { ""name"": ""WRITE-IN"", ""votes"": 10, ""votes_pct"": 7.460000, ""party"": ""WI"" } ]"
"560285","7","9",9B,Otter Tail,Newton Twp,35.0581537301124,R,"53.49",-53.49,11.4666620237537,"402","[ { ""name"": ""Jordan Rasmusson"", ""votes"": 292, ""votes_pct"": 72.640000, ""party"": ""R"" }, { ""name"": ""Cornel Walker"", ""votes"": 77, ""votes_pct"": 19.150000, ""party"": ""DFL"" }, { ""name"": ""WRITE-IN"", ""votes"": 33, ""votes_pct"": 8.210000, ""party"": ""WI"" } ]"
"560290","7","9",9B,Otter Tail,New York Mills,1.45474767481844,R,"43.93",-43.93,283.210626235522,"412","[ { ""name"": ""Jordan Rasmusson"", ""votes"": 280, ""votes_pct"": 67.960000, ""party"": ""R"" }, { ""name"": ""Cornel Walker"", ""votes"": 99, ""votes_pct"": 24.030000, ""party"": ""DFL"" }, { ""name"": ""WRITE-IN"", ""votes"": 33, ""votes_pct"": 8.010000, ""party"": ""WI"" } ]"
"560295","7","9",9B,Otter Tail,Nidaros Twp,34.640289057128,R,"23.11",-23.11,6.87061241340958,"238","[ { ""name"": ""Jordan Rasmusson"", ""votes"": 138, ""votes_pct"": 57.980000, ""party"": ""R"" }, { ""name"": ""Cornel Walker"", ""votes"": 83, ""votes_pct"": 34.870000, ""party"": ""DFL"" }, { ""name"": ""WRITE-IN"", ""votes"": 17, ""votes_pct"": 7.140000, ""party"": ""WI"" } ]"
"560300","7","9",9A,Otter Tail,Norwegian Grove Twp,35.7152809039112,R,"32.30",-32.3,4.50787438668497,"161","[ { ""name"": ""Jordan Rasmusson"", ""votes"": 103, ""votes_pct"": 63.980000, ""party"": ""R"" }, { ""name"": ""Cornel Walker"", ""votes"": 51, ""votes_pct"": 31.680000, ""party"": ""DFL"" }, { ""name"": ""WRITE-IN"", ""votes"": 7, ""votes_pct"": 4.350000, ""party"": ""WI"" } ]"
"560305","7","9",9B,Otter Tail,Oak Valley Twp,35.7481469566822,R,"49.68",-49.68,4.3918360353124,"157","[ { ""name"": ""Jordan Rasmusson"", ""votes"": 111, ""votes_pct"": 70.700000, ""party"": ""R"" }, { ""name"": ""Cornel Walker"", ""votes"": 33, ""votes_pct"": 21.020000, ""party"": ""DFL"" }, { ""name"": ""WRITE-IN"", ""votes"": 13, ""votes_pct"": 8.280000, ""party"": ""WI"" } ]"
"560310","7","9",9A,Otter Tail,Orwell Twp,34.9001282374817,R,"30.52",-30.52,2.72205303526573,"95","[ { ""name"": ""Jordan Rasmusson"", ""votes"": 55, ""votes_pct"": 57.890000, ""party"": ""R"" }, { ""name"": ""Cornel Walker"", ""votes"": 26, ""votes_pct"": 27.370000, ""party"": ""DFL"" }, { ""name"": ""WRITE-IN"", ""votes"": 14, ""votes_pct"": 14.740000, ""party"": ""WI"" } ]"
"560315","7","9",9A,Otter Tail,Oscar Twp,36.1067986579529,R,"29.90",-29.9,2.6864746697402,"97","[ { ""name"": ""Jordan Rasmusson"", ""votes"": 54, ""votes_pct"": 55.670000, ""party"": ""R"" }, { ""name"": ""Cornel Walker"", ""votes"": 25, ""votes_pct"": 25.770000, ""party"": ""DFL"" }, { ""name"": ""WRITE-IN"", ""votes"": 18, ""votes_pct"": 18.560000, ""party"": ""WI"" } ]"
"560320","7","9",9B,Otter Tail,Ottertail,5.95683611493399,R,"34.57",-34.57,63.6243792320951,"379","[ { ""name"": ""Jordan Rasmusson"", ""votes"": 236, ""votes_pct"": 62.270000, ""party"": ""R"" }, { ""name"": ""Cornel Walker"", ""votes"": 105, ""votes_pct"": 27.700000, ""party"": ""DFL"" }, { ""name"": ""WRITE-IN"", ""votes"": 38, ""votes_pct"": 10.030000, ""party"": ""WI"" } ]"
"560325","7","9",9B,Otter Tail,Otter Tail Twp,29.6151883384114,R,"33.51",-33.51,12.3922899225326,"367","[ { ""name"": ""Jordan Rasmusson"", ""votes"": 231, ""votes_pct"": 62.940000, ""party"": ""R"" }, { ""name"": ""Cornel Walker"", ""votes"": 108, ""votes_pct"": 29.430000, ""party"": ""DFL"" }, { ""name"": ""WRITE-IN"", ""votes"": 28, ""votes_pct"": 7.630000, ""party"": ""WI"" } ]"
"560330","7","9",9B,Otter Tail,Otto Twp,35.6111814339567,R,"53.78",-53.78,9.29483343915061,"331","[ { ""name"": ""Jordan Rasmusson"", ""votes"": 241, ""votes_pct"": 72.810000, ""party"": ""R"" }, { ""name"": ""Cornel Walker"", ""votes"": 63, ""votes_pct"": 19.030000, ""party"": ""DFL"" }, { ""name"": ""WRITE-IN"", ""votes"": 27, ""votes_pct"": 8.160000, ""party"": ""WI"" } ]"
"560335","7","9",9B,Otter Tail,Paddock Twp,35.7019819893337,R,"70.00",-70,4.76164040558839,"170","[ { ""name"": ""Jordan Rasmusson"", ""votes"": 143, ""votes_pct"": 84.120000, ""party"": ""R"" }, { ""name"": ""Cornel Walker"", ""votes"": 24, ""votes_pct"": 14.120000, ""party"": ""DFL"" }, { ""name"": ""WRITE-IN"", ""votes"": 3, ""votes_pct"": 1.760000, ""party"": ""WI"" } ]"
"560340","7","9",9B,Otter Tail,Parkers Prairie,1.19418697247593,R,"33.49",-33.49,347.5167704598,"415","[ { ""name"": ""Jordan Rasmusson"", ""votes"": 252, ""votes_pct"": 60.720000, ""party"": ""R"" }, { ""name"": ""Cornel Walker"", ""votes"": 113, ""votes_pct"": 27.230000, ""party"": ""DFL"" }, { ""name"": ""WRITE-IN"", ""votes"": 50, ""votes_pct"": 12.050000, ""party"": ""WI"" } ]"
"560345","7","9",9B,Otter Tail,Parkers Prairie Twp,35.0852097260293,R,"59.45",-59.45,5.13036693825034,"180","[ { ""name"": ""Jordan Rasmusson"", ""votes"": 138, ""votes_pct"": 76.670000, ""party"": ""R"" }, { ""name"": ""Cornel Walker"", ""votes"": 31, ""votes_pct"": 17.220000, ""party"": ""DFL"" }, { ""name"": ""WRITE-IN"", ""votes"": 11, ""votes_pct"": 6.110000, ""party"": ""WI"" } ]"
"560350","7","9",9A,Otter Tail,Pelican Twp,33.193064959759,R,"30.35",-30.35,9.42968057874318,"313","[ { ""name"": ""Jordan Rasmusson"", ""votes"": 191, ""votes_pct"": 61.020000, ""party"": ""R"" }, { ""name"": ""Cornel Walker"", ""votes"": 96, ""votes_pct"": 30.670000, ""party"": ""DFL"" }, { ""name"": ""WRITE-IN"", ""votes"": 26, ""votes_pct"": 8.310000, ""party"": ""WI"" } ]"
"560355","7","9",9A,Otter Tail,Pelican Rapids,2.67627906770281,R,"16.91",-16.91,212.234967143222,"568","[ { ""name"": ""Jordan Rasmusson"", ""votes"": 313, ""votes_pct"": 55.110000, ""party"": ""R"" }, { ""name"": ""Cornel Walker"", ""votes"": 217, ""votes_pct"": 38.200000, ""party"": ""DFL"" }, { ""name"": ""WRITE-IN"", ""votes"": 38, ""votes_pct"": 6.690000, ""party"": ""WI"" } ]"
"560360","7","9",9B,Otter Tail,Perham,3.45289283947436,R,"36.17",-36.17,327.551433705128,"1131","[ { ""name"": ""Jordan Rasmusson"", ""votes"": 735, ""votes_pct"": 64.990000, ""party"": ""R"" }, { ""name"": ""Cornel Walker"", ""votes"": 326, ""votes_pct"": 28.820000, ""party"": ""DFL"" }, { ""name"": ""WRITE-IN"", ""votes"": 70, ""votes_pct"": 6.190000, ""party"": ""WI"" } ]"
"560365","7","9",9B,Otter Tail,Perham Twp,32.4957683129251,R,"50.74",-50.74,14.5557413951609,"473","[ { ""name"": ""Jordan Rasmusson"", ""votes"": 337, ""votes_pct"": 71.250000, ""party"": ""R"" }, { ""name"": ""Cornel Walker"", ""votes"": 97, ""votes_pct"": 20.510000, ""party"": ""DFL"" }, { ""name"": ""WRITE-IN"", ""votes"": 39, ""votes_pct"": 8.250000, ""party"": ""WI"" } ]"
"560370","7","9",9B,Otter Tail,Pine Lake Twp,35.6772410966228,R,"47.47",-47.47,11.6320653515802,"415","[ { ""name"": ""Jordan Rasmusson"", ""votes"": 296, ""votes_pct"": 71.330000, ""party"": ""R"" }, { ""name"": ""Cornel Walker"", ""votes"": 99, ""votes_pct"": 23.860000, ""party"": ""DFL"" }, { ""name"": ""WRITE-IN"", ""votes"": 20, ""votes_pct"": 4.820000, ""party"": ""WI"" } ]"
"560375","7","9",9B,Otter Tail,Richville,1.00788859815287,R,"57.58",-57.58,32.7417137771757,"33","[ { ""name"": ""Jordan Rasmusson"", ""votes"": 25, ""votes_pct"": 75.760000, ""party"": ""R"" }, { ""name"": ""Cornel Walker"", ""votes"": 6, ""votes_pct"": 18.180000, ""party"": ""DFL"" }, { ""name"": ""WRITE-IN"", ""votes"": 2, ""votes_pct"": 6.060000, ""party"": ""WI"" } ]"
"560380","7","9",9A,Otter Tail,Rothsay,0.16080601551197,R,"10.39",-10.39,478.837808118367,"77","[ { ""name"": ""Jordan Rasmusson"", ""votes"": 36, ""votes_pct"": 46.750000, ""party"": ""R"" }, { ""name"": ""Cornel Walker"", ""votes"": 28, ""votes_pct"": 36.360000, ""party"": ""DFL"" }, { ""name"": ""WRITE-IN"", ""votes"": 13, ""votes_pct"": 16.880000, ""party"": ""WI"" } ]"
"560385","7","9",9B,Otter Tail,Rush Lake Twp,34.7842604077898,R,"40.21",-40.21,16.4442191179061,"572","[ { ""name"": ""Jordan Rasmusson"", ""votes"": 381, ""votes_pct"": 66.610000, ""party"": ""R"" }, { ""name"": ""Cornel Walker"", ""votes"": 151, ""votes_pct"": 26.400000, ""party"": ""DFL"" }, { ""name"": ""WRITE-IN"", ""votes"": 40, ""votes_pct"": 6.990000, ""party"": ""WI"" } ]"
"560390","7","9",9A,Otter Tail,Saint Olaf Twp,36.0686085091547,R,"25.78",-25.78,6.23811145758208,"225","[ { ""name"": ""Jordan Rasmusson"", ""votes"": 114, ""votes_pct"": 50.670000, ""party"": ""R"" }, { ""name"": ""WRITE-IN"", ""votes"": 56, ""votes_pct"": 24.890000, ""party"": ""WI"" }, { ""name"": ""Cornel Walker"", ""votes"": 55, ""votes_pct"": 24.440000, ""party"": ""DFL"" } ]"
"560395","7","9",9A,Otter Tail,Scambler Twp,36.3407291217442,R,"19.78",-19.78,7.78740566959811,"283","[ { ""name"": ""Jordan Rasmusson"", ""votes"": 162, ""votes_pct"": 57.240000, ""party"": ""R"" }, { ""name"": ""Cornel Walker"", ""votes"": 106, ""votes_pct"": 37.460000, ""party"": ""DFL"" }, { ""name"": ""WRITE-IN"", ""votes"": 15, ""votes_pct"": 5.300000, ""party"": ""WI"" } ]"
"560400","7","9",9B,Otter Tail,Star Lake Twp,35.9068229344925,R,"25.28",-25.28,7.49161240165293,"269","[ { ""name"": ""Jordan Rasmusson"", ""votes"": 148, ""votes_pct"": 55.020000, ""party"": ""R"" }, { ""name"": ""Cornel Walker"", ""votes"": 80, ""votes_pct"": 29.740000, ""party"": ""DFL"" }, { ""name"": ""WRITE-IN"", ""votes"": 41, ""votes_pct"": 15.240000, ""party"": ""WI"" } ]"
"560405","7","9",9B,Otter Tail,Sverdrup Twp,35.476511687198,R,"39.52",-39.52,10.7676877413471,"382","[ { ""name"": ""Jordan Rasmusson"", ""votes"": 250, ""votes_pct"": 65.440000, ""party"": ""R"" }, { ""name"": ""Cornel Walker"", ""votes"": 99, ""votes_pct"": 25.920000, ""party"": ""DFL"" }, { ""name"": ""WRITE-IN"", ""votes"": 33, ""votes_pct"": 8.640000, ""party"": ""WI"" } ]"
"560410","7","9",9B,Otter Tail,Tordenskjold Twp,36.0107754784549,R,"20.26",-20.26,8.63630388037797,"311","[ { ""name"": ""Jordan Rasmusson"", ""votes"": 172, ""votes_pct"": 55.310000, ""party"": ""R"" }, { ""name"": ""Cornel Walker"", ""votes"": 109, ""votes_pct"": 35.050000, ""party"": ""DFL"" }, { ""name"": ""WRITE-IN"", ""votes"": 30, ""votes_pct"": 9.650000, ""party"": ""WI"" } ]"
"560415","7","9",9A,Otter Tail,Trondhjem Twp,35.7832178532715,R,"45.65",-45.65,2.57103764052871,"92","[ { ""name"": ""Jordan Rasmusson"", ""votes"": 61, ""votes_pct"": 66.300000, ""party"": ""R"" }, { ""name"": ""Cornel Walker"", ""votes"": 19, ""votes_pct"": 20.650000, ""party"": ""DFL"" }, { ""name"": ""WRITE-IN"", ""votes"": 12, ""votes_pct"": 13.040000, ""party"": ""WI"" } ]"
"560420","7","9",9A,Otter Tail,Tumuli Twp,35.5787423347356,R,"33.89",-33.89,6.71749433275115,"239","[ { ""name"": ""Jordan Rasmusson"", ""votes"": 142, ""votes_pct"": 59.410000, ""party"": ""R"" }, { ""name"": ""Cornel Walker"", ""votes"": 61, ""votes_pct"": 25.520000, ""party"": ""DFL"" }, { ""name"": ""WRITE-IN"", ""votes"": 36, ""votes_pct"": 15.060000, ""party"": ""WI"" } ]"
"560425","7","9",9B,Otter Tail,Underwood,0.576234624046653,R,"25.58",-25.58,298.4895263532,"172","[ { ""name"": ""Jordan Rasmusson"", ""votes"": 100, ""votes_pct"": 58.140000, ""party"": ""R"" }, { ""name"": ""Cornel Walker"", ""votes"": 56, ""votes_pct"": 32.560000, ""party"": ""DFL"" }, { ""name"": ""WRITE-IN"", ""votes"": 16, ""votes_pct"": 9.300000, ""party"": ""WI"" } ]"
"560430","7","9",9B,Otter Tail,Urbank,0.668492896900257,R,"90.48",-90.48,31.4139463521231,"21","[ { ""name"": ""Jordan Rasmusson"", ""votes"": 20, ""votes_pct"": 95.240000, ""party"": ""R"" }, { ""name"": ""Cornel Walker"", ""votes"": 1, ""votes_pct"": 4.760000, ""party"": ""DFL"" }, { ""name"": ""WRITE-IN"", ""votes"": 0, ""votes_pct"": 0, ""party"": ""WI"" } ]"
"560435","7","9",9B,Otter Tail,Vergas,1.56544688956699,R,"32.93",-32.93,106.678802783398,"167","[ { ""name"": ""Jordan Rasmusson"", ""votes"": 107, ""votes_pct"": 64.070000, ""party"": ""R"" }, { ""name"": ""Cornel Walker"", ""votes"": 52, ""votes_pct"": 31.140000, ""party"": ""DFL"" }, { ""name"": ""WRITE-IN"", ""votes"": 8, ""votes_pct"": 4.790000, ""party"": ""WI"" } ]"
"560440","7","9",9B,Otter Tail,Vining,1.17967428071836,R,"14.70",-14.7,28.8215150196338,"34","[ { ""name"": ""Jordan Rasmusson"", ""votes"": 19, ""votes_pct"": 55.880000, ""party"": ""R"" }, { ""name"": ""Cornel Walker"", ""votes"": 14, ""votes_pct"": 41.180000, ""party"": ""DFL"" }, { ""name"": ""WRITE-IN"", ""votes"": 1, ""votes_pct"": 2.940000, ""party"": ""WI"" } ]"
"560445","7","9",9B,Otter Tail,Wadena P-4,0.249050803363619,R,"36.98",-36.98,293.112887065931,"73","[ { ""name"": ""Jordan Rasmusson"", ""votes"": 49, ""votes_pct"": 67.120000, ""party"": ""R"" }, { ""name"": ""Cornel Walker"", ""votes"": 22, ""votes_pct"": 30.140000, ""party"": ""DFL"" }, { ""name"": ""WRITE-IN"", ""votes"": 2, ""votes_pct"": 2.740000, ""party"": ""WI"" } ]"
"560450","7","9",9A,Otter Tail,Western Twp,35.5052229377917,R,"49.12",-49.12,1.60539760868053,"57","[ { ""name"": ""Jordan Rasmusson"", ""votes"": 39, ""votes_pct"": 68.420000, ""party"": ""R"" }, { ""name"": ""WRITE-IN"", ""votes"": 11, ""votes_pct"": 19.300000, ""party"": ""WI"" }, { ""name"": ""Cornel Walker"", ""votes"": 7, ""votes_pct"": 12.280000, ""party"": ""DFL"" } ]"
"560455","7","9",9B,Otter Tail,Woodside Twp,36.2072948646767,R,"53.72",-53.72,3.34186799793337,"121","[ { ""name"": ""Jordan Rasmusson"", ""votes"": 91, ""votes_pct"": 75.210000, ""party"": ""R"" }, { ""name"": ""Cornel Walker"", ""votes"": 26, ""votes_pct"": 21.490000, ""party"": ""DFL"" }, { ""name"": ""WRITE-IN"", ""votes"": 4, ""votes_pct"": 3.310000, ""party"": ""WI"" } ]"
"570005","7","1",1A,Pennington,Black River Twp,23.9000830351054,R,"92.00",-92,1.0460214704392,"25","[ { ""name"": ""Mark Johnson"", ""votes"": 24, ""votes_pct"": 96, ""party"": ""R"" }, { ""name"": ""WRITE-IN"", ""votes"": 1, ""votes_pct"": 4, ""party"": ""WI"" } ]"
"570010","7","1",1A,Pennington,Bray Twp,36.11532006086,R,"100.00",-100,0.802983330927994,"29","[ { ""name"": ""Mark Johnson"", ""votes"": 29, ""votes_pct"": 100, ""party"": ""R"" }, { ""name"": ""WRITE-IN"", ""votes"": 0, ""votes_pct"": 0, ""party"": ""WI"" } ]"
"570015","7","1",1A,Pennington,Cloverleaf Twp,26.9149885448687,R,"79.48",-79.48,1.4490067471136,"39","[ { ""name"": ""Mark Johnson"", ""votes"": 35, ""votes_pct"": 89.740000, ""party"": ""R"" }, { ""name"": ""WRITE-IN"", ""votes"": 4, ""votes_pct"": 10.260000, ""party"": ""WI"" } ]"
"570020","7","1",1A,Pennington,Deer Park Twp,23.0249936767208,R,"96.62",-96.62,2.56243284269179,"59","[ { ""name"": ""Mark Johnson"", ""votes"": 58, ""votes_pct"": 98.310000, ""party"": ""R"" }, { ""name"": ""WRITE-IN"", ""votes"": 1, ""votes_pct"": 1.690000, ""party"": ""WI"" } ]"
"570025","7","1",1A,Pennington,Goodridge,0.184505017371246,R,"92.60",-92.6,146.337483851037,"27","[ { ""name"": ""Mark Johnson"", ""votes"": 26, ""votes_pct"": 96.300000, ""party"": ""R"" }, { ""name"": ""WRITE-IN"", ""votes"": 1, ""votes_pct"": 3.700000, ""party"": ""WI"" } ]"
"570030","7","1",1A,Pennington,Goodridge Twp,26.8707864017736,R,"100.00",-100,1.19088438728715,"32","[ { ""name"": ""Mark Johnson"", ""votes"": 32, ""votes_pct"": 100, ""party"": ""R"" }, { ""name"": ""WRITE-IN"", ""votes"": 0, ""votes_pct"": 0, ""party"": ""WI"" } ]"
"570035","7","1",1A,Pennington,Hickory Twp,35.1414370732768,R,"100.00",-100,1.16671381180306,"41","[ { ""name"": ""Mark Johnson"", ""votes"": 41, ""votes_pct"": 100, ""party"": ""R"" }, { ""name"": ""WRITE-IN"", ""votes"": 0, ""votes_pct"": 0, ""party"": ""WI"" } ]"
"570040","7","1",1A,Pennington,Highlanding Twp,36.1167408097868,R,"95.40",-95.4,2.40885523027108,"87","[ { ""name"": ""Mark Johnson"", ""votes"": 85, ""votes_pct"": 97.700000, ""party"": ""R"" }, { ""name"": ""WRITE-IN"", ""votes"": 2, ""votes_pct"": 2.300000, ""party"": ""WI"" } ]"
"570045","7","1",1A,Pennington,Kratka Twp,35.9965200269189,R,"94.36",-94.36,1.97241288732647,"71","[ { ""name"": ""Mark Johnson"", ""votes"": 69, ""votes_pct"": 97.180000, ""party"": ""R"" }, { ""name"": ""WRITE-IN"", ""votes"": 2, ""votes_pct"": 2.820000, ""party"": ""WI"" } ]"
"570050","7","1",1A,Pennington,Mayfield Twp,22.8398622093428,R,"100.00",-100,0.788095822777644,"18","[ { ""name"": ""Mark Johnson"", ""votes"": 18, ""votes_pct"": 100, ""party"": ""R"" }, { ""name"": ""WRITE-IN"", ""votes"": 0, ""votes_pct"": 0, ""party"": ""WI"" } ]"
"570055","7","1",1A,Pennington,Norden Twp,27.5729044709676,R,"97.52",-97.52,5.83906567295158,"161","[ { ""name"": ""Mark Johnson"", ""votes"": 159, ""votes_pct"": 98.760000, ""party"": ""R"" }, { ""name"": ""WRITE-IN"", ""votes"": 2, ""votes_pct"": 1.240000, ""party"": ""WI"" } ]"
"570060","7","1",1A,Pennington,North Twp,23.1461833288901,R,"93.90",-93.9,11.3193607895166,"262","[ { ""name"": ""Mark Johnson"", ""votes"": 254, ""votes_pct"": 96.950000, ""party"": ""R"" }, { ""name"": ""WRITE-IN"", ""votes"": 8, ""votes_pct"": 3.050000, ""party"": ""WI"" } ]"
"570065","7","1",1A,Pennington,Numedal Twp,27.8398038684695,R,"94.60",-94.6,1.32903235147806,"37","[ { ""name"": ""Mark Johnson"", ""votes"": 36, ""votes_pct"": 97.300000, ""party"": ""R"" }, { ""name"": ""WRITE-IN"", ""votes"": 1, ""votes_pct"": 2.700000, ""party"": ""WI"" } ]"
"570070","7","1",1A,Pennington,Polk Centre Twp,24.1062184475412,R,"100.00",-100,0.954110660286742,"23","[ { ""name"": ""Mark Johnson"", ""votes"": 23, ""votes_pct"": 100, ""party"": ""R"" }, { ""name"": ""WRITE-IN"", ""votes"": 0, ""votes_pct"": 0, ""party"": ""WI"" } ]"
"570075","7","1",1A,Pennington,Reiner Twp,26.9160297307001,R,"90.24",-90.24,1.52325585943442,"41","[ { ""name"": ""Mark Johnson"", ""votes"": 39, ""votes_pct"": 95.120000, ""party"": ""R"" }, { ""name"": ""WRITE-IN"", ""votes"": 2, ""votes_pct"": 4.880000, ""party"": ""WI"" } ]"
"570080","7","1",1A,Pennington,River Falls Twp,22.7788077985439,R,"93.34",-93.34,3.95104084445337,"90","[ { ""name"": ""Mark Johnson"", ""votes"": 87, ""votes_pct"": 96.670000, ""party"": ""R"" }, { ""name"": ""WRITE-IN"", ""votes"": 3, ""votes_pct"": 3.330000, ""party"": ""WI"" } ]"
"570085","7","1",1A,Pennington,Rocksbury Twp East,16.9448134224283,R,"98.16",-98.16,12.8062785107316,"217","[ { ""name"": ""Mark Johnson"", ""votes"": 215, ""votes_pct"": 99.080000, ""party"": ""R"" }, { ""name"": ""WRITE-IN"", ""votes"": 2, ""votes_pct"": 0.920000, ""party"": ""WI"" } ]"
"570090","7","1",1A,Pennington,Rocksbury Twp West,17.0856304765918,R,"98.22",-98.22,13.2274896328603,"226","[ { ""name"": ""Mark Johnson"", ""votes"": 224, ""votes_pct"": 99.110000, ""party"": ""R"" }, { ""name"": ""WRITE-IN"", ""votes"": 2, ""votes_pct"": 0.890000, ""party"": ""WI"" } ]"
"570095","7","1",1A,Pennington,Saint Hilaire,0.839054955253086,R,"97.18",-97.18,84.6190104181962,"71","[ { ""name"": ""Mark Johnson"", ""votes"": 70, ""votes_pct"": 98.590000, ""party"": ""R"" }, { ""name"": ""WRITE-IN"", ""votes"": 1, ""votes_pct"": 1.410000, ""party"": ""WI"" } ]"
"570100","7","1",1A,Pennington,Sanders Twp,36.2032469877593,R,"98.44",-98.44,3.56321630608482,"129","[ { ""name"": ""Mark Johnson"", ""votes"": 128, ""votes_pct"": 99.220000, ""party"": ""R"" }, { ""name"": ""WRITE-IN"", ""votes"": 1, ""votes_pct"": 0.780000, ""party"": ""WI"" } ]"
"570105","7","1",1A,Pennington,Silverton Twp,26.6918095360402,R,"97.60",-97.6,3.10956812006059,"83","[ { ""name"": ""Mark Johnson"", ""votes"": 82, ""votes_pct"": 98.800000, ""party"": ""R"" }, { ""name"": ""WRITE-IN"", ""votes"": 1, ""votes_pct"": 1.200000, ""party"": ""WI"" } ]"
"570110","7","1",1A,Pennington,Smiley Twp,36.235136491584,R,"94.02",-94.02,7.39613606981295,"268","[ { ""name"": ""Mark Johnson"", ""votes"": 260, ""votes_pct"": 97.010000, ""party"": ""R"" }, { ""name"": ""WRITE-IN"", ""votes"": 8, ""votes_pct"": 2.990000, ""party"": ""WI"" } ]"
"570115","7","1",1A,Pennington,Star Twp,36.1697195525609,R,"100.00",-100,1.2994294835961,"47","[ { ""name"": ""Mark Johnson"", ""votes"": 47, ""votes_pct"": 100, ""party"": ""R"" }, { ""name"": ""WRITE-IN"", ""votes"": 0, ""votes_pct"": 0, ""party"": ""WI"" } ]"
"570120","7","1",1A,Pennington,Thief River Falls P-1A,0.568926151335828,R,"97.72",-97.72,309.354737142519,"176","[ { ""name"": ""Mark Johnson"", ""votes"": 174, ""votes_pct"": 98.860000, ""party"": ""R"" }, { ""name"": ""WRITE-IN"", ""votes"": 2, ""votes_pct"": 1.140000, ""party"": ""WI"" } ]"
"570125","7","1",1A,Pennington,Thief River Falls P-1B,0.474167195453952,R,"88.28",-88.28,504.041617158246,"239","[ { ""name"": ""Mark Johnson"", ""votes"": 225, ""votes_pct"": 94.140000, ""party"": ""R"" }, { ""name"": ""WRITE-IN"", ""votes"": 14, ""votes_pct"": 5.860000, ""party"": ""WI"" } ]"
"570135","7","1",1A,Pennington,Thief River Falls P-2,0.748182320052453,R,"85.28",-85.28,689.671469333604,"516","[ { ""name"": ""Mark Johnson"", ""votes"": 478, ""votes_pct"": 92.640000, ""party"": ""R"" }, { ""name"": ""WRITE-IN"", ""votes"": 38, ""votes_pct"": 7.360000, ""party"": ""WI"" } ]"
"570150","7","1",1A,Pennington,Thief River Falls P-3A,1.78737332728898,R,"93.30",-93.3,100.146957139335,"179","[ { ""name"": ""Mark Johnson"", ""votes"": 173, ""votes_pct"": 96.650000, ""party"": ""R"" }, { ""name"": ""WRITE-IN"", ""votes"": 6, ""votes_pct"": 3.350000, ""party"": ""WI"" } ]"
"570155","7","1",1A,Pennington,Thief River Falls P-3B,1.02604129420478,R,"89.76",-89.76,323.573721520936,"332","[ { ""name"": ""Mark Johnson"", ""votes"": 315, ""votes_pct"": 94.880000, ""party"": ""R"" }, { ""name"": ""WRITE-IN"", ""votes"": 17, ""votes_pct"": 5.120000, ""party"": ""WI"" } ]"
"570165","7","1",1A,Pennington,Thief River Falls P-4,0.418679979960528,R,"98.08",-98.08,993.598977527465,"416","[ { ""name"": ""Mark Johnson"", ""votes"": 412, ""votes_pct"": 99.040000, ""party"": ""R"" }, { ""name"": ""WRITE-IN"", ""votes"": 4, ""votes_pct"": 0.960000, ""party"": ""WI"" } ]"
"570180","7","1",1A,Pennington,Thief River Falls P-5,1.15011280980496,R,"91.70",-91.7,502.559396845619,"578","[ { ""name"": ""Mark Johnson"", ""votes"": 554, ""votes_pct"": 95.850000, ""party"": ""R"" }, { ""name"": ""WRITE-IN"", ""votes"": 24, ""votes_pct"": 4.150000, ""party"": ""WI"" } ]"
"570195","7","1",1A,Pennington,Wyandotte Twp,22.6115717699114,R,"93.75",-93.75,1.41520458310561,"32","[ { ""name"": ""Mark Johnson"", ""votes"": 31, ""votes_pct"": 96.880000, ""party"": ""R"" }, { ""name"": ""WRITE-IN"", ""votes"": 1, ""votes_pct"": 3.130000, ""party"": ""WI"" } ]"
"580005","8","11",11B,Pine,Arlone Twp,36.6513961097641,R,"43.18",-43.18,4.80199988761445,"176","[ { ""name"": ""Jason Rarick"", ""votes"": 126, ""votes_pct"": 71.590000, ""party"": ""R"" }, { ""name"": ""Michelle Boyechko"", ""votes"": 50, ""votes_pct"": 28.410000, ""party"": ""DFL"" }, { ""name"": ""WRITE-IN"", ""votes"": 0, ""votes_pct"": 0, ""party"": ""WI"" } ]"
"580010","8","11",11B,Pine,Arna Twp,37.7531317117726,R,"55.56",-55.56,1.19195409651188,"45","[ { ""name"": ""Jason Rarick"", ""votes"": 35, ""votes_pct"": 77.780000, ""party"": ""R"" }, { ""name"": ""Michelle Boyechko"", ""votes"": 10, ""votes_pct"": 22.220000, ""party"": ""DFL"" }, { ""name"": ""WRITE-IN"", ""votes"": 0, ""votes_pct"": 0, ""party"": ""WI"" } ]"
"580015","8","11",11B,Pine,Askov,1.25656530447205,R,"31.62",-31.62,93.1109585658646,"117","[ { ""name"": ""Jason Rarick"", ""votes"": 77, ""votes_pct"": 65.810000, ""party"": ""R"" }, { ""name"": ""Michelle Boyechko"", ""votes"": 40, ""votes_pct"": 34.190000, ""party"": ""DFL"" }, { ""name"": ""WRITE-IN"", ""votes"": 0, ""votes_pct"": 0, ""party"": ""WI"" } ]"
"580020","8","11",11B,Pine,Barry Twp,34.7717262989339,R,"37.44",-37.44,6.52829249973015,"227","[ { ""name"": ""Jason Rarick"", ""votes"": 156, ""votes_pct"": 68.720000, ""party"": ""R"" }, { ""name"": ""Michelle Boyechko"", ""votes"": 71, ""votes_pct"": 31.280000, ""party"": ""DFL"" }, { ""name"": ""WRITE-IN"", ""votes"": 0, ""votes_pct"": 0, ""party"": ""WI"" } ]"
"580025","8","11",11A,Pine,Birch Creek Twp,35.055696124153,R,"34.40",-34.4,3.56575432298651,"125","[ { ""name"": ""Jason Rarick"", ""votes"": 84, ""votes_pct"": 67.200000, ""party"": ""R"" }, { ""name"": ""Michelle Boyechko"", ""votes"": 41, ""votes_pct"": 32.800000, ""party"": ""DFL"" }, { ""name"": ""WRITE-IN"", ""votes"": 0, ""votes_pct"": 0, ""party"": ""WI"" } ]"
"580030","8","11",11B,Pine,Bremen Twp,36.1118634879073,R,"18.84",-18.84,3.82145884125342,"138","[ { ""name"": ""Jason Rarick"", ""votes"": 82, ""votes_pct"": 59.420000, ""party"": ""R"" }, { ""name"": ""Michelle Boyechko"", ""votes"": 56, ""votes_pct"": 40.580000, ""party"": ""DFL"" }, { ""name"": ""WRITE-IN"", ""votes"": 0, ""votes_pct"": 0, ""party"": ""WI"" } ]"
"580035","8","11",11B,Pine,Brook Park,0.992975300996679,R,"47.36",-47.36,38.2688269908207,"38","[ { ""name"": ""Jason Rarick"", ""votes"": 28, ""votes_pct"": 73.680000, ""party"": ""R"" }, { ""name"": ""Michelle Boyechko"", ""votes"": 10, ""votes_pct"": 26.320000, ""party"": ""DFL"" }, { ""name"": ""WRITE-IN"", ""votes"": 0, ""votes_pct"": 0, ""party"": ""WI"" } ]"
"580040","8","11",11B,Pine,Brook Park Twp,30.0162649701529,R,"58.20",-58.2,6.69636945835424,"201","[ { ""name"": ""Jason Rarick"", ""votes"": 159, ""votes_pct"": 79.100000, ""party"": ""R"" }, { ""name"": ""Michelle Boyechko"", ""votes"": 42, ""votes_pct"": 20.900000, ""party"": ""DFL"" }, { ""name"": ""WRITE-IN"", ""votes"": 0, ""votes_pct"": 0, ""party"": ""WI"" } ]"
"580045","8","11",11A,Pine,Bruno,0.997119098385696,R,"26.66",-26.66,30.0866767556343,"30","[ { ""name"": ""Jason Rarick"", ""votes"": 19, ""votes_pct"": 63.330000, ""party"": ""R"" }, { ""name"": ""Michelle Boyechko"", ""votes"": 11, ""votes_pct"": 36.670000, ""party"": ""DFL"" }, { ""name"": ""WRITE-IN"", ""votes"": 0, ""votes_pct"": 0, ""party"": ""WI"" } ]"
"580050","8","11",11A,Pine,Bruno Twp,35.0419413487186,R,"24.69",-24.69,2.31151576888767,"81","[ { ""name"": ""Jason Rarick"", ""votes"": 50, ""votes_pct"": 61.730000, ""party"": ""R"" }, { ""name"": ""Michelle Boyechko"", ""votes"": 30, ""votes_pct"": 37.040000, ""party"": ""DFL"" }, { ""name"": ""WRITE-IN"", ""votes"": 1, ""votes_pct"": 1.230000, ""party"": ""WI"" } ]"
"580055","8","11",11B,Pine,Chengwatana Twp,47.2098947556951,R,"53.94",-53.94,10.2097240947959,"482","[ { ""name"": ""Jason Rarick"", ""votes"": 371, ""votes_pct"": 76.970000, ""party"": ""R"" }, { ""name"": ""Michelle Boyechko"", ""votes"": 111, ""votes_pct"": 23.030000, ""party"": ""DFL"" }, { ""name"": ""WRITE-IN"", ""votes"": 0, ""votes_pct"": 0, ""party"": ""WI"" } ]"
"580060","8","11",11B,Pine,Clover Twp,36.1766192081709,R,"61.30",-61.3,5.14144229259516,"186","[ { ""name"": ""Jason Rarick"", ""votes"": 150, ""votes_pct"": 80.650000, ""party"": ""R"" }, { ""name"": ""Michelle Boyechko"", ""votes"": 36, ""votes_pct"": 19.350000, ""party"": ""DFL"" }, { ""name"": ""WRITE-IN"", ""votes"": 0, ""votes_pct"": 0, ""party"": ""WI"" } ]"
"580065","8","11",11B,Pine,Crosby Twp,44.2424862327591,R,"20.76",-20.76,1.1979435269792,"53","[ { ""name"": ""Jason Rarick"", ""votes"": 32, ""votes_pct"": 60.380000, ""party"": ""R"" }, { ""name"": ""Michelle Boyechko"", ""votes"": 21, ""votes_pct"": 39.620000, ""party"": ""DFL"" }, { ""name"": ""WRITE-IN"", ""votes"": 0, ""votes_pct"": 0, ""party"": ""WI"" } ]"
"580070","8","11",11B,Pine,Danforth Twp,36.226010607042,R,"91.48",-91.48,1.29741031961338,"47","[ { ""name"": ""Jason Rarick"", ""votes"": 45, ""votes_pct"": 95.740000, ""party"": ""R"" }, { ""name"": ""Michelle Boyechko"", ""votes"": 2, ""votes_pct"": 4.260000, ""party"": ""DFL"" }, { ""name"": ""WRITE-IN"", ""votes"": 0, ""votes_pct"": 0, ""party"": ""WI"" } ]"
"580075","8","11",11B,Pine,Dell Grove Twp,42.3812899599804,R,"42.72",-42.72,9.22576921016825,"391","[ { ""name"": ""Jason Rarick"", ""votes"": 279, ""votes_pct"": 71.360000, ""party"": ""R"" }, { ""name"": ""Michelle Boyechko"", ""votes"": 112, ""votes_pct"": 28.640000, ""party"": ""DFL"" }, { ""name"": ""WRITE-IN"", ""votes"": 0, ""votes_pct"": 0, ""party"": ""WI"" } ]"
"580080","8","11",11A,Pine,Denham,1.31659077385579,R,"22.22",-22.22,13.6716741127427,"18","[ { ""name"": ""Jason Rarick"", ""votes"": 11, ""votes_pct"": 61.110000, ""party"": ""R"" }, { ""name"": ""Michelle Boyechko"", ""votes"": 7, ""votes_pct"": 38.890000, ""party"": ""DFL"" }, { ""name"": ""WRITE-IN"", ""votes"": 0, ""votes_pct"": 0, ""party"": ""WI"" } ]"
"580085","8","11",11B,Pine,Finlayson,2.49286850773904,R,"60.36",-60.36,44.5270176326604,"111","[ { ""name"": ""Jason Rarick"", ""votes"": 89, ""votes_pct"": 80.180000, ""party"": ""R"" }, { ""name"": ""Michelle Boyechko"", ""votes"": 22, ""votes_pct"": 19.820000, ""party"": ""DFL"" }, { ""name"": ""WRITE-IN"", ""votes"": 0, ""votes_pct"": 0, ""party"": ""WI"" } ]"
"580090","8","11",11B,Pine,Finlayson Twp,34.4147990278693,R,"58.26",-58.26,6.3344841800024,"218","[ { ""name"": ""Jason Rarick"", ""votes"": 172, ""votes_pct"": 78.900000, ""party"": ""R"" }, { ""name"": ""Michelle Boyechko"", ""votes"": 45, ""votes_pct"": 20.640000, ""party"": ""DFL"" }, { ""name"": ""WRITE-IN"", ""votes"": 1, ""votes_pct"": 0.460000, ""party"": ""WI"" } ]"
"580095","8","11",11B,Pine,Fleming Twp,36.0335878954108,R,"36.66",-36.66,1.66511312096239,"60","[ { ""name"": ""Jason Rarick"", ""votes"": 41, ""votes_pct"": 68.330000, ""party"": ""R"" }, { ""name"": ""Michelle Boyechko"", ""votes"": 19, ""votes_pct"": 31.670000, ""party"": ""DFL"" }, { ""name"": ""WRITE-IN"", ""votes"": 0, ""votes_pct"": 0, ""party"": ""WI"" } ]"
"580100","8","11",11B,Pine,Henriette,0.275911023390631,R,"22.22",-22.22,65.2384228031217,"18","[ { ""name"": ""Jason Rarick"", ""votes"": 11, ""votes_pct"": 61.110000, ""party"": ""R"" }, { ""name"": ""Michelle Boyechko"", ""votes"": 7, ""votes_pct"": 38.890000, ""party"": ""DFL"" }, { ""name"": ""WRITE-IN"", ""votes"": 0, ""votes_pct"": 0, ""party"": ""WI"" } ]"
"580105","8","11",11B,Pine,Hinckley,3.82957309602925,R,"19.60",-19.6,133.174112939325,"510","[ { ""name"": ""Jason Rarick"", ""votes"": 305, ""votes_pct"": 59.800000, ""party"": ""R"" }, { ""name"": ""Michelle Boyechko"", ""votes"": 205, ""votes_pct"": 40.200000, ""party"": ""DFL"" }, { ""name"": ""WRITE-IN"", ""votes"": 0, ""votes_pct"": 0, ""party"": ""WI"" } ]"
"580110","8","11",11B,Pine,Hinckley Twp,35.616195661568,R,"54.10",-54.1,9.91122138238106,"353","[ { ""name"": ""Jason Rarick"", ""votes"": 272, ""votes_pct"": 77.050000, ""party"": ""R"" }, { ""name"": ""Michelle Boyechko"", ""votes"": 81, ""votes_pct"": 22.950000, ""party"": ""DFL"" }, { ""name"": ""WRITE-IN"", ""votes"": 0, ""votes_pct"": 0, ""party"": ""WI"" } ]"
"580115","8","11",11A,Pine,Kerrick,0.996753968036541,DFL,"23.80",23.8,21.0683886630187,"21","[ { ""name"": ""Michelle Boyechko"", ""votes"": 13, ""votes_pct"": 61.900000, ""party"": ""DFL"" }, { ""name"": ""Jason Rarick"", ""votes"": 8, ""votes_pct"": 38.100000, ""party"": ""R"" }, { ""name"": ""WRITE-IN"", ""votes"": 0, ""votes_pct"": 0, ""party"": ""WI"" } ]"
"580120","8","11",11A,Pine,Kerrick Twp,34.8684700146997,R,"14.90",-14.9,4.04376790666633,"141","[ { ""name"": ""Jason Rarick"", ""votes"": 81, ""votes_pct"": 57.450000, ""party"": ""R"" }, { ""name"": ""Michelle Boyechko"", ""votes"": 60, ""votes_pct"": 42.550000, ""party"": ""DFL"" }, { ""name"": ""WRITE-IN"", ""votes"": 0, ""votes_pct"": 0, ""party"": ""WI"" } ]"
"580125","8","11",11B,Pine,Kettle River Twp,30.8107862816153,R,"31.00",-31,8.37369087701431,"258","[ { ""name"": ""Jason Rarick"", ""votes"": 169, ""votes_pct"": 65.500000, ""party"": ""R"" }, { ""name"": ""Michelle Boyechko"", ""votes"": 89, ""votes_pct"": 34.500000, ""party"": ""DFL"" }, { ""name"": ""WRITE-IN"", ""votes"": 0, ""votes_pct"": 0, ""party"": ""WI"" } ]"
"580135","8","11",11B,Pine,Mission Creek Twp,31.7774001368538,R,"50.42",-50.42,7.55253730533041,"240","[ { ""name"": ""Jason Rarick"", ""votes"": 180, ""votes_pct"": 75, ""party"": ""R"" }, { ""name"": ""Michelle Boyechko"", ""votes"": 59, ""votes_pct"": 24.580000, ""party"": ""DFL"" }, { ""name"": ""WRITE-IN"", ""votes"": 1, ""votes_pct"": 0.420000, ""party"": ""WI"" } ]"
"580140","8","11",11B,Pine,Munch Twp,35.9786488073384,R,"48.96",-48.96,4.03016802483214,"145","[ { ""name"": ""Jason Rarick"", ""votes"": 108, ""votes_pct"": 74.480000, ""party"": ""R"" }, { ""name"": ""Michelle Boyechko"", ""votes"": 37, ""votes_pct"": 25.520000, ""party"": ""DFL"" }, { ""name"": ""WRITE-IN"", ""votes"": 0, ""votes_pct"": 0, ""party"": ""WI"" } ]"
"580145","8","11",11A,Pine,New Dosey Twp,112.550685193218,R,"35.30",-35.3,0.302086121835968,"34","[ { ""name"": ""Jason Rarick"", ""votes"": 23, ""votes_pct"": 67.650000, ""party"": ""R"" }, { ""name"": ""Michelle Boyechko"", ""votes"": 11, ""votes_pct"": 32.350000, ""party"": ""DFL"" }, { ""name"": ""WRITE-IN"", ""votes"": 0, ""votes_pct"": 0, ""party"": ""WI"" } ]"
"580150","8","11",11A,Pine,Nickerson Twp,74.620647912096,R,"33.34",-33.34,0.96488039188318,"72","[ { ""name"": ""Jason Rarick"", ""votes"": 48, ""votes_pct"": 66.670000, ""party"": ""R"" }, { ""name"": ""Michelle Boyechko"", ""votes"": 24, ""votes_pct"": 33.330000, ""party"": ""DFL"" }, { ""name"": ""WRITE-IN"", ""votes"": 0, ""votes_pct"": 0, ""party"": ""WI"" } ]"
"580155","8","11",11A,Pine,Norman Twp,35.9409481892089,R,"12.88",-12.88,3.67269108497344,"132","[ { ""name"": ""Jason Rarick"", ""votes"": 74, ""votes_pct"": 56.060000, ""party"": ""R"" }, { ""name"": ""Michelle Boyechko"", ""votes"": 57, ""votes_pct"": 43.180000, ""party"": ""DFL"" }, { ""name"": ""WRITE-IN"", ""votes"": 1, ""votes_pct"": 0.760000, ""party"": ""WI"" } ]"
"580160","8","11",11B,Pine,Ogema Twp,48.0994899263307,R,"5.00",-5,2.49482895107188,"120","[ { ""name"": ""Jason Rarick"", ""votes"": 63, ""votes_pct"": 52.500000, ""party"": ""R"" }, { ""name"": ""Michelle Boyechko"", ""votes"": 57, ""votes_pct"": 47.500000, ""party"": ""DFL"" }, { ""name"": ""WRITE-IN"", ""votes"": 0, ""votes_pct"": 0, ""party"": ""WI"" } ]"
"580165","8","11",11A,Pine,Park Twp,36.7762668048161,even,"0.00",0,0.326297393470849,"12","[ { ""name"": ""Jason Rarick"", ""votes"": 6, ""votes_pct"": 50, ""party"": ""R"" }, { ""name"": ""Michelle Boyechko"", ""votes"": 6, ""votes_pct"": 50, ""party"": ""DFL"" }, { ""name"": ""WRITE-IN"", ""votes"": 0, ""votes_pct"": 0, ""party"": ""WI"" } ]"
"580170","8","11",11B,Pine,Partridge Twp,34.8480708567205,R,"42.18",-42.18,9.72794165260436,"339","[ { ""name"": ""Jason Rarick"", ""votes"": 241, ""votes_pct"": 71.090000, ""party"": ""R"" }, { ""name"": ""Michelle Boyechko"", ""votes"": 98, ""votes_pct"": 28.910000, ""party"": ""DFL"" }, { ""name"": ""WRITE-IN"", ""votes"": 0, ""votes_pct"": 0, ""party"": ""WI"" } ]"
"580175","8","11",11B,Pine,Pine City,4.68888063516873,R,"30.69",-30.69,252.299022313975,"1183","[ { ""name"": ""Jason Rarick"", ""votes"": 772, ""votes_pct"": 65.260000, ""party"": ""R"" }, { ""name"": ""Michelle Boyechko"", ""votes"": 409, ""votes_pct"": 34.570000, ""party"": ""DFL"" }, { ""name"": ""WRITE-IN"", ""votes"": 2, ""votes_pct"": 0.170000, ""party"": ""WI"" } ]"
"580185","8","11",11B,Pine,Pine City Twp,36.5203847439031,R,"39.86",-39.86,19.8519266728436,"725","[ { ""name"": ""Jason Rarick"", ""votes"": 507, ""votes_pct"": 69.930000, ""party"": ""R"" }, { ""name"": ""Michelle Boyechko"", ""votes"": 218, ""votes_pct"": 30.070000, ""party"": ""DFL"" }, { ""name"": ""WRITE-IN"", ""votes"": 0, ""votes_pct"": 0, ""party"": ""WI"" } ]"
"580190","8","11",11B,Pine,Pine Lake Twp,34.9506709516879,R,"45.04",-45.04,8.95547900733173,"313","[ { ""name"": ""Jason Rarick"", ""votes"": 227, ""votes_pct"": 72.520000, ""party"": ""R"" }, { ""name"": ""Michelle Boyechko"", ""votes"": 86, ""votes_pct"": 27.480000, ""party"": ""DFL"" }, { ""name"": ""WRITE-IN"", ""votes"": 0, ""votes_pct"": 0, ""party"": ""WI"" } ]"
"580195","8","11",11B,Pine,Pokegama Twp,53.6101888584834,R,"42.59",-42.59,25.7973349739683,"1383","[ { ""name"": ""Jason Rarick"", ""votes"": 985, ""votes_pct"": 71.220000, ""party"": ""R"" }, { ""name"": ""Michelle Boyechko"", ""votes"": 396, ""votes_pct"": 28.630000, ""party"": ""DFL"" }, { ""name"": ""WRITE-IN"", ""votes"": 2, ""votes_pct"": 0.140000, ""party"": ""WI"" } ]"
"580200","8","11",11B,Pine,Rock Creek,43.3539468216855,R,"55.70",-55.7,17.3917268271144,"754","[ { ""name"": ""Jason Rarick"", ""votes"": 587, ""votes_pct"": 77.850000, ""party"": ""R"" }, { ""name"": ""Michelle Boyechko"", ""votes"": 167, ""votes_pct"": 22.150000, ""party"": ""DFL"" }, { ""name"": ""WRITE-IN"", ""votes"": 0, ""votes_pct"": 0, ""party"": ""WI"" } ]"
"580205","8","11",11B,Pine,Royalton Twp,34.7258745461371,R,"51.99",-51.99,15.176003682782,"527","[ { ""name"": ""Jason Rarick"", ""votes"": 400, ""votes_pct"": 75.900000, ""party"": ""R"" }, { ""name"": ""Michelle Boyechko"", ""votes"": 126, ""votes_pct"": 23.910000, ""party"": ""DFL"" }, { ""name"": ""WRITE-IN"", ""votes"": 1, ""votes_pct"": 0.190000, ""party"": ""WI"" } ]"
"580207","8","11",11B,Pine,Rutledge,3.01909856095633,R,"20.54",-20.54,24.1794027343302,"73","[ { ""name"": ""Jason Rarick"", ""votes"": 44, ""votes_pct"": 60.270000, ""party"": ""R"" }, { ""name"": ""Michelle Boyechko"", ""votes"": 29, ""votes_pct"": 39.730000, ""party"": ""DFL"" }, { ""name"": ""WRITE-IN"", ""votes"": 0, ""votes_pct"": 0, ""party"": ""WI"" } ]"
"580210","8","11",11B,Pine,Sandstone,5.36814164749005,R,"11.76",-11.76,84.0141765280861,"451","[ { ""name"": ""Jason Rarick"", ""votes"": 252, ""votes_pct"": 55.880000, ""party"": ""R"" }, { ""name"": ""Michelle Boyechko"", ""votes"": 199, ""votes_pct"": 44.120000, ""party"": ""DFL"" }, { ""name"": ""WRITE-IN"", ""votes"": 0, ""votes_pct"": 0, ""party"": ""WI"" } ]"
"580215","8","11",11B,Pine,Sandstone Twp,60.9763086008505,R,"58.02",-58.02,5.93673195879474,"362","[ { ""name"": ""Jason Rarick"", ""votes"": 286, ""votes_pct"": 79.010000, ""party"": ""R"" }, { ""name"": ""Michelle Boyechko"", ""votes"": 76, ""votes_pct"": 20.990000, ""party"": ""DFL"" }, { ""name"": ""WRITE-IN"", ""votes"": 0, ""votes_pct"": 0, ""party"": ""WI"" } ]"
"580221","8","11",11A,Pine,Sturgeon Lake,3.77902167585871,R,"20.00",-20,46.3082816163616,"175","[ { ""name"": ""Jason Rarick"", ""votes"": 105, ""votes_pct"": 60, ""party"": ""R"" }, { ""name"": ""Michelle Boyechko"", ""votes"": 70, ""votes_pct"": 40, ""party"": ""DFL"" }, { ""name"": ""WRITE-IN"", ""votes"": 0, ""votes_pct"": 0, ""party"": ""WI"" } ]"
"580225","8","11",11A,Pine,Sturgeon Lake Twp,32.1150697789522,R,"50.58",-50.58,5.35574112663852,"172","[ { ""name"": ""Jason Rarick"", ""votes"": 129, ""votes_pct"": 75, ""party"": ""R"" }, { ""name"": ""Michelle Boyechko"", ""votes"": 42, ""votes_pct"": 24.420000, ""party"": ""DFL"" }, { ""name"": ""WRITE-IN"", ""votes"": 1, ""votes_pct"": 0.580000, ""party"": ""WI"" } ]"
"580230","8","11",11B,Pine,Willow River,1.92817391035312,R,"14.19",-14.19,80.3869397712232,"155","[ { ""name"": ""Jason Rarick"", ""votes"": 88, ""votes_pct"": 56.770000, ""party"": ""R"" }, { ""name"": ""Michelle Boyechko"", ""votes"": 66, ""votes_pct"": 42.580000, ""party"": ""DFL"" }, { ""name"": ""WRITE-IN"", ""votes"": 1, ""votes_pct"": 0.650000, ""party"": ""WI"" } ]"
"580235","8","11",11B,Pine,Wilma Twp,36.8108915804616,R,"29.82",-29.82,1.54845475218683,"57","[ { ""name"": ""Jason Rarick"", ""votes"": 37, ""votes_pct"": 64.910000, ""party"": ""R"" }, { ""name"": ""Michelle Boyechko"", ""votes"": 20, ""votes_pct"": 35.090000, ""party"": ""DFL"" }, { ""name"": ""WRITE-IN"", ""votes"": 0, ""votes_pct"": 0, ""party"": ""WI"" } ]"
"580240","8","11",11A,Pine,Windemere Twp,35.538236993156,R,"6.88",-6.88,25.3811127483253,"902","[ { ""name"": ""Jason Rarick"", ""votes"": 482, ""votes_pct"": 53.440000, ""party"": ""R"" }, { ""name"": ""Michelle Boyechko"", ""votes"": 420, ""votes_pct"": 46.560000, ""party"": ""DFL"" }, { ""name"": ""WRITE-IN"", ""votes"": 0, ""votes_pct"": 0, ""party"": ""WI"" } ]"
"590005","7","21",21A,Pipestone,Aetna Twp,35.4017924355467,R,"98.12",-98.12,2.99419867491134,"106","[ { ""name"": ""Bill Weber"", ""votes"": 105, ""votes_pct"": 99.060000, ""party"": ""R"" }, { ""name"": ""WRITE-IN"", ""votes"": 1, ""votes_pct"": 0.940000, ""party"": ""WI"" } ]"
"590010","7","21",21A,Pipestone,Altona Twp,43.0391512982574,R,"88.68",-88.68,1.23143692199493,"53","[ { ""name"": ""Bill Weber"", ""votes"": 50, ""votes_pct"": 94.340000, ""party"": ""R"" }, { ""name"": ""WRITE-IN"", ""votes"": 3, ""votes_pct"": 5.660000, ""party"": ""WI"" } ]"
"590015","7","21",21A,Pipestone,Burke Twp,34.5934191775501,R,"100.00",-100,3.09307384305739,"107","[ { ""name"": ""Bill Weber"", ""votes"": 107, ""votes_pct"": 100, ""party"": ""R"" }, { ""name"": ""WRITE-IN"", ""votes"": 0, ""votes_pct"": 0, ""party"": ""WI"" } ]"
"590020","7","21",21A,Pipestone,Eden Twp,42.9960511151028,R,"98.20",-98.2,2.58163243184466,"111","[ { ""name"": ""Bill Weber"", ""votes"": 110, ""votes_pct"": 99.100000, ""party"": ""R"" }, { ""name"": ""WRITE-IN"", ""votes"": 1, ""votes_pct"": 0.900000, ""party"": ""WI"" } ]"
"590025","7","21",21A,Pipestone,Edgerton,1.17339179116688,R,"97.86",-97.86,478.101180034772,"561","[ { ""name"": ""Bill Weber"", ""votes"": 555, ""votes_pct"": 98.930000, ""party"": ""R"" }, { ""name"": ""WRITE-IN"", ""votes"": 6, ""votes_pct"": 1.070000, ""party"": ""WI"" } ]"
"590030","7","21",21A,Pipestone,Elmer Twp,35.4709067696755,R,"98.00",-98,2.81921183039761,"100","[ { ""name"": ""Bill Weber"", ""votes"": 99, ""votes_pct"": 99, ""party"": ""R"" }, { ""name"": ""WRITE-IN"", ""votes"": 1, ""votes_pct"": 1, ""party"": ""WI"" } ]"
"590035","7","21",21A,Pipestone,Fountain Prairie Twp,37.0895016043995,R,"94.74",-94.74,2.04909736481832,"76","[ { ""name"": ""Bill Weber"", ""votes"": 74, ""votes_pct"": 97.370000, ""party"": ""R"" }, { ""name"": ""WRITE-IN"", ""votes"": 2, ""votes_pct"": 2.630000, ""party"": ""WI"" } ]"
"590040","7","21",21A,Pipestone,Grange Twp,36.1355284091845,R,"100.00",-100,2.8780539424343,"104","[ { ""name"": ""Bill Weber"", ""votes"": 104, ""votes_pct"": 100, ""party"": ""R"" }, { ""name"": ""WRITE-IN"", ""votes"": 0, ""votes_pct"": 0, ""party"": ""WI"" } ]"
"590045","7","21",21A,Pipestone,Gray Twp,33.4693133332787,R,"97.94",-97.94,2.89817717603284,"97","[ { ""name"": ""Bill Weber"", ""votes"": 96, ""votes_pct"": 98.970000, ""party"": ""R"" }, { ""name"": ""WRITE-IN"", ""votes"": 1, ""votes_pct"": 1.030000, ""party"": ""WI"" } ]"
"590050","7","21",21A,Pipestone,Hatfield,2.78285752026711,R,"100.00",-100,8.26488594277452,"23","[ { ""name"": ""Bill Weber"", ""votes"": 23, ""votes_pct"": 100, ""party"": ""R"" }, { ""name"": ""WRITE-IN"", ""votes"": 0, ""votes_pct"": 0, ""party"": ""WI"" } ]"
"590055","7","21",21A,Pipestone,Holland,0.899457727267242,R,"96.78",-96.78,68.9304212087545,"62","[ { ""name"": ""Bill Weber"", ""votes"": 61, ""votes_pct"": 98.390000, ""party"": ""R"" }, { ""name"": ""WRITE-IN"", ""votes"": 1, ""votes_pct"": 1.610000, ""party"": ""WI"" } ]"
"590060","7","21",21A,Pipestone,Ihlen,0.434160471584268,R,"100.00",-100,41.4593247844911,"18","[ { ""name"": ""Bill Weber"", ""votes"": 18, ""votes_pct"": 100, ""party"": ""R"" }, { ""name"": ""WRITE-IN"", ""votes"": 0, ""votes_pct"": 0, ""party"": ""WI"" } ]"
"590065","7","21",21A,Pipestone,Jasper,0.498792305272833,R,"84.26",-84.26,254.614994372322,"127","[ { ""name"": ""Bill Weber"", ""votes"": 117, ""votes_pct"": 92.130000, ""party"": ""R"" }, { ""name"": ""WRITE-IN"", ""votes"": 10, ""votes_pct"": 7.870000, ""party"": ""WI"" } ]"
"590070","7","21",21A,Pipestone,Osborne Twp,34.8961077579114,R,"100.00",-100,4.18384769478768,"146","[ { ""name"": ""Bill Weber"", ""votes"": 146, ""votes_pct"": 100, ""party"": ""R"" }, { ""name"": ""WRITE-IN"", ""votes"": 0, ""votes_pct"": 0, ""party"": ""WI"" } ]"
"590075","7","21",21A,Pipestone,Pipestone P-1,1.86674812503379,R,"93.26",-93.26,270.523909052197,"505","[ { ""name"": ""Bill Weber"", ""votes"": 488, ""votes_pct"": 96.630000, ""party"": ""R"" }, { ""name"": ""WRITE-IN"", ""votes"": 17, ""votes_pct"": 3.370000, ""party"": ""WI"" } ]"
"590080","7","21",21A,Pipestone,Pipestone P-2,2.30377056522713,R,"94.10",-94.1,308.624483154598,"711","[ { ""name"": ""Bill Weber"", ""votes"": 690, ""votes_pct"": 97.050000, ""party"": ""R"" }, { ""name"": ""WRITE-IN"", ""votes"": 21, ""votes_pct"": 2.950000, ""party"": ""WI"" } ]"
"590100","7","21",21A,Pipestone,Rock Twp,35.9003636160097,R,"100.00",-100,1.72700200652985,"62","[ { ""name"": ""Bill Weber"", ""votes"": 62, ""votes_pct"": 100, ""party"": ""R"" }, { ""name"": ""WRITE-IN"", ""votes"": 0, ""votes_pct"": 0, ""party"": ""WI"" } ]"
"590105","7","21",21A,Pipestone,Ruthton,0.585493200591156,R,"96.88",-96.88,109.309552929703,"64","[ { ""name"": ""Bill Weber"", ""votes"": 63, ""votes_pct"": 98.440000, ""party"": ""R"" }, { ""name"": ""WRITE-IN"", ""votes"": 1, ""votes_pct"": 1.560000, ""party"": ""WI"" } ]"
"590110","7","21",21A,Pipestone,Sweet Twp,41.2458016294467,R,"100.00",-100,3.87918269688256,"160","[ { ""name"": ""Bill Weber"", ""votes"": 160, ""votes_pct"": 100, ""party"": ""R"" }, { ""name"": ""WRITE-IN"", ""votes"": 0, ""votes_pct"": 0, ""party"": ""WI"" } ]"
"590115","7","21",21A,Pipestone,Trosky,1.4061135956572,R,"100.00",-100,22.7577630277045,"32","[ { ""name"": ""Bill Weber"", ""votes"": 32, ""votes_pct"": 100, ""party"": ""R"" }, { ""name"": ""WRITE-IN"", ""votes"": 0, ""votes_pct"": 0, ""party"": ""WI"" } ]"
"590120","7","21",21A,Pipestone,Troy Twp,43.6616472819384,R,"98.24",-98.24,2.6109871499777,"114","[ { ""name"": ""Bill Weber"", ""votes"": 113, ""votes_pct"": 99.120000, ""party"": ""R"" }, { ""name"": ""WRITE-IN"", ""votes"": 1, ""votes_pct"": 0.880000, ""party"": ""WI"" } ]"
"590125","7","21",21A,Pipestone,Woodstock,0.541683466400934,R,"94.28",-94.28,64.6133806382311,"35","[ { ""name"": ""Bill Weber"", ""votes"": 34, ""votes_pct"": 97.140000, ""party"": ""R"" }, { ""name"": ""WRITE-IN"", ""votes"": 1, ""votes_pct"": 2.860000, ""party"": ""WI"" } ]"
"600005","7","1",1B,Polk,Andover Twp,35.4252953198044,R,"92.86",-92.86,1.58079133834894,"56","[ { ""name"": ""Mark Johnson"", ""votes"": 54, ""votes_pct"": 96.430000, ""party"": ""R"" }, { ""name"": ""WRITE-IN"", ""votes"": 2, ""votes_pct"": 3.570000, ""party"": ""WI"" } ]"
"600010","7","1",1B,Polk,Angus Twp,36.0856922630747,R,"88.00",-88,1.38559071100773,"50","[ { ""name"": ""Mark Johnson"", ""votes"": 47, ""votes_pct"": 94, ""party"": ""R"" }, { ""name"": ""WRITE-IN"", ""votes"": 3, ""votes_pct"": 6, ""party"": ""WI"" } ]"
"600015","7","1",1B,Polk,Badger Twp,36.1813350539183,R,"92.30",-92.3,0.718602560166841,"26","[ { ""name"": ""Mark Johnson"", ""votes"": 25, ""votes_pct"": 96.150000, ""party"": ""R"" }, { ""name"": ""WRITE-IN"", ""votes"": 1, ""votes_pct"": 3.850000, ""party"": ""WI"" } ]"
"600020","7","1",1B,Polk,Belgium Twp,36.393551929346,R,"100.00",-100,0.96170882325387,"35","[ { ""name"": ""Mark Johnson"", ""votes"": 35, ""votes_pct"": 100, ""party"": ""R"" }, { ""name"": ""WRITE-IN"", ""votes"": 0, ""votes_pct"": 0, ""party"": ""WI"" } ]"
"600025","7","1",1B,Polk,Beltrami,2.01055480096442,R,"64.28",-64.28,13.9265042597043,"28","[ { ""name"": ""Mark Johnson"", ""votes"": 23, ""votes_pct"": 82.140000, ""party"": ""R"" }, { ""name"": ""WRITE-IN"", ""votes"": 5, ""votes_pct"": 17.860000, ""party"": ""WI"" } ]"
"600030","7","1",1B,Polk,Brandsvold Twp,35.0406689721531,R,"98.08",-98.08,2.96797986598512,"104","[ { ""name"": ""Mark Johnson"", ""votes"": 103, ""votes_pct"": 99.040000, ""party"": ""R"" }, { ""name"": ""WRITE-IN"", ""votes"": 1, ""votes_pct"": 0.960000, ""party"": ""WI"" } ]"
"600035","7","1",1B,Polk,Brandt Twp,36.0725093075318,R,"100.00",-100,0.498994950601944,"18","[ { ""name"": ""Mark Johnson"", ""votes"": 18, ""votes_pct"": 100, ""party"": ""R"" }, { ""name"": ""WRITE-IN"", ""votes"": 0, ""votes_pct"": 0, ""party"": ""WI"" } ]"
"600040","7","1",1B,Polk,Brislet Twp,27.0953488927707,R,"66.66",-66.66,0.664320657808638,"18","[ { ""name"": ""Mark Johnson"", ""votes"": 15, ""votes_pct"": 83.330000, ""party"": ""R"" }, { ""name"": ""WRITE-IN"", ""votes"": 3, ""votes_pct"": 16.670000, ""party"": ""WI"" } ]"
"600045","7","1",1B,Polk,Bygland Twp,28.2519876750111,R,"91.08",-91.08,3.96432283945331,"112","[ { ""name"": ""Mark Johnson"", ""votes"": 107, ""votes_pct"": 95.540000, ""party"": ""R"" }, { ""name"": ""WRITE-IN"", ""votes"": 5, ""votes_pct"": 4.460000, ""party"": ""WI"" } ]"
"600050","7","1",1B,Polk,Chester Twp,35.9317258815586,R,"94.44",-94.44,1.00190010684893,"36","[ { ""name"": ""Mark Johnson"", ""votes"": 35, ""votes_pct"": 97.220000, ""party"": ""R"" }, { ""name"": ""WRITE-IN"", ""votes"": 1, ""votes_pct"": 2.780000, ""party"": ""WI"" } ]"
"600055","7","1",1B,Polk,Climax,0.997279866244233,R,"81.82",-81.82,55.1500154185711,"55","[ { ""name"": ""Mark Johnson"", ""votes"": 50, ""votes_pct"": 90.910000, ""party"": ""R"" }, { ""name"": ""WRITE-IN"", ""votes"": 5, ""votes_pct"": 9.090000, ""party"": ""WI"" } ]"
"600060","7","1",1B,Polk,Columbia Twp,35.7974785351498,R,"97.82",-97.82,5.14002682673109,"184","[ { ""name"": ""Mark Johnson"", ""votes"": 182, ""votes_pct"": 98.910000, ""party"": ""R"" }, { ""name"": ""WRITE-IN"", ""votes"": 2, ""votes_pct"": 1.090000, ""party"": ""WI"" } ]"
"600065","7","1",1B,Polk,Crookston W-1,1.3110870361047,R,"88.36",-88.36,209.749614195742,"275","[ { ""name"": ""Mark Johnson"", ""votes"": 259, ""votes_pct"": 94.180000, ""party"": ""R"" }, { ""name"": ""WRITE-IN"", ""votes"": 16, ""votes_pct"": 5.820000, ""party"": ""WI"" } ]"
"600070","7","1",1B,Polk,Crookston W-2,0.616247125821756,R,"91.87",-91.87,598.785754185781,"369","[ { ""name"": ""Mark Johnson"", ""votes"": 354, ""votes_pct"": 95.940000, ""party"": ""R"" }, { ""name"": ""WRITE-IN"", ""votes"": 15, ""votes_pct"": 4.070000, ""party"": ""WI"" } ]"
"600075","7","1",1B,Polk,Crookston W-3,0.795760940894634,R,"87.60",-87.6,344.324514962943,"274","[ { ""name"": ""Mark Johnson"", ""votes"": 257, ""votes_pct"": 93.800000, ""party"": ""R"" }, { ""name"": ""WRITE-IN"", ""votes"": 17, ""votes_pct"": 6.200000, ""party"": ""WI"" } ]"
"600080","7","1",1B,Polk,Crookston W-4,0.508991515969365,R,"93.10",-93.1,455.803275145285,"232","[ { ""name"": ""Mark Johnson"", ""votes"": 224, ""votes_pct"": 96.550000, ""party"": ""R"" }, { ""name"": ""WRITE-IN"", ""votes"": 8, ""votes_pct"": 3.450000, ""party"": ""WI"" } ]"
"600085","7","1",1B,Polk,Crookston W-5,1.3313434995432,R,"93.88",-93.88,220.829560591143,"294","[ { ""name"": ""Mark Johnson"", ""votes"": 285, ""votes_pct"": 96.940000, ""party"": ""R"" }, { ""name"": ""WRITE-IN"", ""votes"": 9, ""votes_pct"": 3.060000, ""party"": ""WI"" } ]"
"600090","7","1",1B,Polk,Crookston W-6,0.56612786178663,R,"96.48",-96.48,501.653458820647,"284","[ { ""name"": ""Mark Johnson"", ""votes"": 279, ""votes_pct"": 98.240000, ""party"": ""R"" }, { ""name"": ""WRITE-IN"", ""votes"": 5, ""votes_pct"": 1.760000, ""party"": ""WI"" } ]"
"600105","7","1",1B,Polk,Crookston Twp,37.3531088322592,R,"93.84",-93.84,5.22044900936311,"195","[ { ""name"": ""Mark Johnson"", ""votes"": 189, ""votes_pct"": 96.920000, ""party"": ""R"" }, { ""name"": ""WRITE-IN"", ""votes"": 6, ""votes_pct"": 3.080000, ""party"": ""WI"" } ]"
"600110","7","1",1B,Polk,East Grand Forks W-1,0.922673888475768,R,"95.52",-95.52,628.607796583627,"580","[ { ""name"": ""Mark Johnson"", ""votes"": 567, ""votes_pct"": 97.760000, ""party"": ""R"" }, { ""name"": ""WRITE-IN"", ""votes"": 13, ""votes_pct"": 2.240000, ""party"": ""WI"" } ]"
"600120","7","1",1B,Polk,East Grand Forks W-2,2.33121951209476,R,"91.62",-91.62,214.908976782636,"501","[ { ""name"": ""Mark Johnson"", ""votes"": 480, ""votes_pct"": 95.810000, ""party"": ""R"" }, { ""name"": ""WRITE-IN"", ""votes"": 21, ""votes_pct"": 4.190000, ""party"": ""WI"" } ]"
"600130","7","1",1B,Polk,East Grand Forks W-3,1.00130343524769,R,"84.88",-84.88,237.690186233234,"238","[ { ""name"": ""Mark Johnson"", ""votes"": 220, ""votes_pct"": 92.440000, ""party"": ""R"" }, { ""name"": ""WRITE-IN"", ""votes"": 18, ""votes_pct"": 7.560000, ""party"": ""WI"" } ]"
"600140","7","1",1B,Polk,East Grand Forks W-4,0.723243357871749,R,"96.36",-96.36,454.895294120822,"329","[ { ""name"": ""Mark Johnson"", ""votes"": 323, ""votes_pct"": 98.180000, ""party"": ""R"" }, { ""name"": ""WRITE-IN"", ""votes"": 6, ""votes_pct"": 1.820000, ""party"": ""WI"" } ]"
"600150","7","1",1B,Polk,East Grand Forks W-5,0.995850775063287,R,"92.16",-92.16,487.020758676598,"485","[ { ""name"": ""Mark Johnson"", ""votes"": 466, ""votes_pct"": 96.080000, ""party"": ""R"" }, { ""name"": ""WRITE-IN"", ""votes"": 19, ""votes_pct"": 3.920000, ""party"": ""WI"" } ]"
"600160","7","1",1B,Polk,Eden Twp,36.2800483604559,R,"92.98",-92.98,1.57111146693311,"57","[ { ""name"": ""Mark Johnson"", ""votes"": 55, ""votes_pct"": 96.490000, ""party"": ""R"" }, { ""name"": ""WRITE-IN"", ""votes"": 2, ""votes_pct"": 3.510000, ""party"": ""WI"" } ]"
"600165","7","1",1B,Polk,Erskine,0.94622841292122,R,"86.32",-86.32,123.648791774065,"117","[ { ""name"": ""Mark Johnson"", ""votes"": 109, ""votes_pct"": 93.160000, ""party"": ""R"" }, { ""name"": ""WRITE-IN"", ""votes"": 8, ""votes_pct"": 6.840000, ""party"": ""WI"" } ]"
"600170","7","1",1B,Polk,Esther Twp,19.4228010820058,R,"100.00",-100,3.24361042127782,"63","[ { ""name"": ""Mark Johnson"", ""votes"": 63, ""votes_pct"": 100, ""party"": ""R"" }, { ""name"": ""WRITE-IN"", ""votes"": 0, ""votes_pct"": 0, ""party"": ""WI"" } ]"
"600175","7","1",1B,Polk,Euclid Twp,35.6892898943038,R,"95.66",-95.66,1.28890208060267,"46","[ { ""name"": ""Mark Johnson"", ""votes"": 45, ""votes_pct"": 97.830000, ""party"": ""R"" }, { ""name"": ""WRITE-IN"", ""votes"": 1, ""votes_pct"": 2.170000, ""party"": ""WI"" } ]"
"600180","7","1",1B,Polk,Fairfax Twp,36.0315058474157,R,"94.36",-94.36,1.97049771665573,"71","[ { ""name"": ""Mark Johnson"", ""votes"": 69, ""votes_pct"": 97.180000, ""party"": ""R"" }, { ""name"": ""WRITE-IN"", ""votes"": 2, ""votes_pct"": 2.820000, ""party"": ""WI"" } ]"
"600185","7","1",1B,Polk,Fanny Twp,35.9175682679557,R,"100.00",-100,1.19718572480206,"43","[ { ""name"": ""Mark Johnson"", ""votes"": 43, ""votes_pct"": 100, ""party"": ""R"" }, { ""name"": ""WRITE-IN"", ""votes"": 0, ""votes_pct"": 0, ""party"": ""WI"" } ]"
"600190","7","1",1B,Polk,Farley Twp,27.140886136384,R,"100.00",-100,0.994809081189315,"27","[ { ""name"": ""Mark Johnson"", ""votes"": 27, ""votes_pct"": 100, ""party"": ""R"" }, { ""name"": ""WRITE-IN"", ""votes"": 0, ""votes_pct"": 0, ""party"": ""WI"" } ]"
"600195","7","1",1B,Polk,Fertile,2.07260146945437,R,"93.10",-93.1,125.92869581855,"261","[ { ""name"": ""Mark Johnson"", ""votes"": 252, ""votes_pct"": 96.550000, ""party"": ""R"" }, { ""name"": ""WRITE-IN"", ""votes"": 9, ""votes_pct"": 3.450000, ""party"": ""WI"" } ]"
"600200","7","1",1B,Polk,Fisher City,0.430063460681283,R,"97.96",-97.96,227.873346516707,"98","[ { ""name"": ""Mark Johnson"", ""votes"": 97, ""votes_pct"": 98.980000, ""party"": ""R"" }, { ""name"": ""WRITE-IN"", ""votes"": 1, ""votes_pct"": 1.020000, ""party"": ""WI"" } ]"
"600205","7","1",1B,Polk,Fisher Twp,35.7248035788673,R,"100.00",-100,2.49126632154941,"89","[ { ""name"": ""Mark Johnson"", ""votes"": 89, ""votes_pct"": 100, ""party"": ""R"" }, { ""name"": ""WRITE-IN"", ""votes"": 0, ""votes_pct"": 0, ""party"": ""WI"" } ]"
"600210","7","1",1B,Polk,Fosston,2.12883079158021,R,"92.94",-92.94,199.64010370431,"425","[ { ""name"": ""Mark Johnson"", ""votes"": 410, ""votes_pct"": 96.470000, ""party"": ""R"" }, { ""name"": ""WRITE-IN"", ""votes"": 15, ""votes_pct"": 3.530000, ""party"": ""WI"" } ]"
"600220","7","1",1B,Polk,Garden Twp,35.5293284880105,R,"83.90",-83.9,2.44868123610494,"87","[ { ""name"": ""Mark Johnson"", ""votes"": 80, ""votes_pct"": 91.950000, ""party"": ""R"" }, { ""name"": ""WRITE-IN"", ""votes"": 7, ""votes_pct"": 8.050000, ""party"": ""WI"" } ]"
"600225","7","1",1B,Polk,Garfield Twp,33.6838009894086,R,"94.98",-94.98,5.90788432880758,"199","[ { ""name"": ""Mark Johnson"", ""votes"": 194, ""votes_pct"": 97.490000, ""party"": ""R"" }, { ""name"": ""WRITE-IN"", ""votes"": 5, ""votes_pct"": 2.510000, ""party"": ""WI"" } ]"
"600230","7","1",1B,Polk,Gentilly Twp,32.1358878674391,R,"96.40",-96.4,3.45408225401695,"111","[ { ""name"": ""Mark Johnson"", ""votes"": 109, ""votes_pct"": 98.200000, ""party"": ""R"" }, { ""name"": ""WRITE-IN"", ""votes"": 2, ""votes_pct"": 1.800000, ""party"": ""WI"" } ]"
"600235","7","1",1B,Polk,Godfrey Twp,35.8463372622369,R,"69.24",-69.24,0.362659088567331,"13","[ { ""name"": ""Mark Johnson"", ""votes"": 11, ""votes_pct"": 84.620000, ""party"": ""R"" }, { ""name"": ""WRITE-IN"", ""votes"": 2, ""votes_pct"": 15.380000, ""party"": ""WI"" } ]"
"600240","7","1",1B,Polk,Grand Forks Twp,13.9099999013761,R,"89.28",-89.28,4.02588068993874,"56","[ { ""name"": ""Mark Johnson"", ""votes"": 53, ""votes_pct"": 94.640000, ""party"": ""R"" }, { ""name"": ""WRITE-IN"", ""votes"": 3, ""votes_pct"": 5.360000, ""party"": ""WI"" } ]"
"600245","7","1",1B,Polk,Grove Park-Tilden Twp,70.0537582214613,R,"87.66",-87.66,1.15625488277066,"81","[ { ""name"": ""Mark Johnson"", ""votes"": 76, ""votes_pct"": 93.830000, ""party"": ""R"" }, { ""name"": ""WRITE-IN"", ""votes"": 5, ""votes_pct"": 6.170000, ""party"": ""WI"" } ]"
"600250","7","1",1B,Polk,Gully City,0.246107002938311,R,"100.00",-100,60.9490986477939,"15","[ { ""name"": ""Mark Johnson"", ""votes"": 15, ""votes_pct"": 100, ""party"": ""R"" }, { ""name"": ""WRITE-IN"", ""votes"": 0, ""votes_pct"": 0, ""party"": ""WI"" } ]"
"600255","7","1",1B,Polk,Gully Twp,34.6379551418172,R,"94.60",-94.6,1.06819238746953,"37","[ { ""name"": ""Mark Johnson"", ""votes"": 36, ""votes_pct"": 97.300000, ""party"": ""R"" }, { ""name"": ""WRITE-IN"", ""votes"": 1, ""votes_pct"": 2.700000, ""party"": ""WI"" } ]"
"600260","7","1",1B,Polk,Hammond Twp,36.2809916010184,R,"100.00",-100,0.744191346722786,"27","[ { ""name"": ""Mark Johnson"", ""votes"": 27, ""votes_pct"": 100, ""party"": ""R"" }, { ""name"": ""WRITE-IN"", ""votes"": 0, ""votes_pct"": 0, ""party"": ""WI"" } ]"
"600265","7","1",1B,Polk,Helgeland Twp,27.092074508825,R,"90.00",-90,0.738223276090768,"20","[ { ""name"": ""Mark Johnson"", ""votes"": 19, ""votes_pct"": 95, ""party"": ""R"" }, { ""name"": ""WRITE-IN"", ""votes"": 1, ""votes_pct"": 5, ""party"": ""WI"" } ]"
"600270","7","1",1B,Polk,Higdem Twp,23.3934517404245,R,"100.00",-100,1.41065116709456,"33","[ { ""name"": ""Mark Johnson"", ""votes"": 33, ""votes_pct"": 100, ""party"": ""R"" }, { ""name"": ""WRITE-IN"", ""votes"": 0, ""votes_pct"": 0, ""party"": ""WI"" } ]"
"600275","7","1",1B,Polk,Hill River Twp,36.3272593133221,R,"100.00",-100,1.98198271383484,"72","[ { ""name"": ""Mark Johnson"", ""votes"": 72, ""votes_pct"": 100, ""party"": ""R"" }, { ""name"": ""WRITE-IN"", ""votes"": 0, ""votes_pct"": 0, ""party"": ""WI"" } ]"
"600280","7","1",1B,Polk,Hubbard Twp,41.5964840123547,R,"100.00",-100,0.697174309044645,"29","[ { ""name"": ""Mark Johnson"", ""votes"": 29, ""votes_pct"": 100, ""party"": ""R"" }, { ""name"": ""WRITE-IN"", ""votes"": 0, ""votes_pct"": 0, ""party"": ""WI"" } ]"
"600285","7","1",1B,Polk,Huntsville Twp,35.3019882904861,R,"97.72",-97.72,4.95722786376774,"175","[ { ""name"": ""Mark Johnson"", ""votes"": 173, ""votes_pct"": 98.860000, ""party"": ""R"" }, { ""name"": ""WRITE-IN"", ""votes"": 2, ""votes_pct"": 1.140000, ""party"": ""WI"" } ]"
"600290","7","1",1B,Polk,Johnson Twp,35.6966626482437,R,"100.00",-100,0.364179702962781,"13","[ { ""name"": ""Mark Johnson"", ""votes"": 13, ""votes_pct"": 100, ""party"": ""R"" }, { ""name"": ""WRITE-IN"", ""votes"": 0, ""votes_pct"": 0, ""party"": ""WI"" } ]"
"600295","7","1",1B,Polk,Kertsonville Twp,36.5417583996722,R,"81.82",-81.82,1.50512735042584,"55","[ { ""name"": ""Mark Johnson"", ""votes"": 50, ""votes_pct"": 90.910000, ""party"": ""R"" }, { ""name"": ""WRITE-IN"", ""votes"": 5, ""votes_pct"": 9.090000, ""party"": ""WI"" } ]"
"600300","7","1",1B,Polk,Keystone Twp,35.6348335764049,R,"100.00",-100,0.98218502760666,"35","[ { ""name"": ""Mark Johnson"", ""votes"": 35, ""votes_pct"": 100, ""party"": ""R"" }, { ""name"": ""WRITE-IN"", ""votes"": 0, ""votes_pct"": 0, ""party"": ""WI"" } ]"
"600305","7","1",1B,Polk,King Twp,35.3382408898319,R,"100.00",-100,2.29213446850736,"81","[ { ""name"": ""Mark Johnson"", ""votes"": 81, ""votes_pct"": 100, ""party"": ""R"" }, { ""name"": ""WRITE-IN"", ""votes"": 0, ""votes_pct"": 0, ""party"": ""WI"" } ]"
"600310","7","1",1B,Polk,Knute Twp,34.9507230993964,R,"91.76",-91.76,5.55067199749439,"194","[ { ""name"": ""Mark Johnson"", ""votes"": 186, ""votes_pct"": 95.880000, ""party"": ""R"" }, { ""name"": ""WRITE-IN"", ""votes"": 8, ""votes_pct"": 4.120000, ""party"": ""WI"" } ]"
"600315","7","1",1B,Polk,Lengby,0.245358655840713,R,"100.00",-100,77.4376593110081,"19","[ { ""name"": ""Mark Johnson"", ""votes"": 19, ""votes_pct"": 100, ""party"": ""R"" }, { ""name"": ""WRITE-IN"", ""votes"": 0, ""votes_pct"": 0, ""party"": ""WI"" } ]"
"600320","7","1",1B,Polk,Lessor Twp,36.354667541049,R,"92.30",-92.3,2.14552917894045,"78","[ { ""name"": ""Mark Johnson"", ""votes"": 75, ""votes_pct"": 96.150000, ""party"": ""R"" }, { ""name"": ""WRITE-IN"", ""votes"": 3, ""votes_pct"": 3.850000, ""party"": ""WI"" } ]"
"600325","7","1",1B,Polk,Liberty Twp,36.0802257199699,R,"96.08",-96.08,1.41351665579443,"51","[ { ""name"": ""Mark Johnson"", ""votes"": 50, ""votes_pct"": 98.040000, ""party"": ""R"" }, { ""name"": ""WRITE-IN"", ""votes"": 1, ""votes_pct"": 1.960000, ""party"": ""WI"" } ]"
"600330","7","1",1B,Polk,Lowell Twp,34.5435940198849,R,"88.10",-88.1,2.4317099127452,"84","[ { ""name"": ""Mark Johnson"", ""votes"": 79, ""votes_pct"": 94.050000, ""party"": ""R"" }, { ""name"": ""WRITE-IN"", ""votes"": 5, ""votes_pct"": 5.950000, ""party"": ""WI"" } ]"
"600335","7","1",1B,Polk,McIntosh,1.00817119371197,R,"97.72",-97.72,174.573525902866,"176","[ { ""name"": ""Mark Johnson"", ""votes"": 174, ""votes_pct"": 98.860000, ""party"": ""R"" }, { ""name"": ""WRITE-IN"", ""votes"": 2, ""votes_pct"": 1.140000, ""party"": ""WI"" } ]"
"600340","7","1",1B,Polk,Mentor,1.90644115619014,R,"93.54",-93.54,16.2606644843688,"31","[ { ""name"": ""Mark Johnson"", ""votes"": 30, ""votes_pct"": 96.770000, ""party"": ""R"" }, { ""name"": ""WRITE-IN"", ""votes"": 1, ""votes_pct"": 3.230000, ""party"": ""WI"" } ]"
"600345","7","1",1B,Polk,Nesbit Twp,35.9757905645596,R,"96.16",-96.16,1.44541646434939,"52","[ { ""name"": ""Mark Johnson"", ""votes"": 51, ""votes_pct"": 98.080000, ""party"": ""R"" }, { ""name"": ""WRITE-IN"", ""votes"": 1, ""votes_pct"": 1.920000, ""party"": ""WI"" } ]"
"600350","7","1",1B,Polk,Nielsville,0.208565591443852,R,"88.24",-88.24,81.5091304481858,"17","[ { ""name"": ""Mark Johnson"", ""votes"": 16, ""votes_pct"": 94.120000, ""party"": ""R"" }, { ""name"": ""WRITE-IN"", ""votes"": 1, ""votes_pct"": 5.880000, ""party"": ""WI"" } ]"
"600355","7","1",1B,Polk,Northland Twp,36.2146256234077,R,"100.00",-100,2.04337332572532,"74","[ { ""name"": ""Mark Johnson"", ""votes"": 74, ""votes_pct"": 100, ""party"": ""R"" }, { ""name"": ""WRITE-IN"", ""votes"": 0, ""votes_pct"": 0, ""party"": ""WI"" } ]"
"600360","7","1",1B,Polk,Onstad Twp,35.6895477710729,R,"100.00",-100,0.756524015747939,"27","[ { ""name"": ""Mark Johnson"", ""votes"": 27, ""votes_pct"": 100, ""party"": ""R"" }, { ""name"": ""WRITE-IN"", ""votes"": 0, ""votes_pct"": 0, ""party"": ""WI"" } ]"
"600365","7","1",1B,Polk,Parnell Twp,36.3061266698988,R,"85.72",-85.72,0.7712196967355,"28","[ { ""name"": ""Mark Johnson"", ""votes"": 26, ""votes_pct"": 92.860000, ""party"": ""R"" }, { ""name"": ""WRITE-IN"", ""votes"": 2, ""votes_pct"": 7.140000, ""party"": ""WI"" } ]"
"600370","7","1",1B,Polk,Queen Twp,36.6375931981231,R,"96.26",-96.26,2.92049751798329,"107","[ { ""name"": ""Mark Johnson"", ""votes"": 105, ""votes_pct"": 98.130000, ""party"": ""R"" }, { ""name"": ""WRITE-IN"", ""votes"": 2, ""votes_pct"": 1.870000, ""party"": ""WI"" } ]"
"600375","7","1",1B,Polk,Reis Twp,34.0755137640661,R,"93.34",-93.34,0.880397584251133,"30","[ { ""name"": ""Mark Johnson"", ""votes"": 29, ""votes_pct"": 96.670000, ""party"": ""R"" }, { ""name"": ""WRITE-IN"", ""votes"": 1, ""votes_pct"": 3.330000, ""party"": ""WI"" } ]"
"600380","7","1",1B,Polk,Rhinehart Twp,2.73159705778631,R,"100.00",-100,13.5451895785775,"37","[ { ""name"": ""Mark Johnson"", ""votes"": 37, ""votes_pct"": 100, ""party"": ""R"" }, { ""name"": ""WRITE-IN"", ""votes"": 0, ""votes_pct"": 0, ""party"": ""WI"" } ]"
"600385","7","1",1B,Polk,Roome Twp,36.1636839984034,R,"11.12",-11.12,0.248868450470847,"9","[ { ""name"": ""Mark Johnson"", ""votes"": 5, ""votes_pct"": 55.560000, ""party"": ""R"" }, { ""name"": ""WRITE-IN"", ""votes"": 4, ""votes_pct"": 44.440000, ""party"": ""WI"" } ]"
"600390","7","1",1B,Polk,Rosebud Twp,34.8208216490277,R,"93.58",-93.58,4.4800780858184,"156","[ { ""name"": ""Mark Johnson"", ""votes"": 151, ""votes_pct"": 96.790000, ""party"": ""R"" }, { ""name"": ""WRITE-IN"", ""votes"": 5, ""votes_pct"": 3.210000, ""party"": ""WI"" } ]"
"600395","7","1",1B,Polk,Russia Twp,36.1140905561822,R,"85.72",-85.72,0.387660322726953,"14","[ { ""name"": ""Mark Johnson"", ""votes"": 13, ""votes_pct"": 92.860000, ""party"": ""R"" }, { ""name"": ""WRITE-IN"", ""votes"": 1, ""votes_pct"": 7.140000, ""party"": ""WI"" } ]"
"600400","7","1",1B,Polk,Sandsville Twp,27.1237467700485,R,"100.00",-100,0.958569633481116,"26","[ { ""name"": ""Mark Johnson"", ""votes"": 26, ""votes_pct"": 100, ""party"": ""R"" }, { ""name"": ""WRITE-IN"", ""votes"": 0, ""votes_pct"": 0, ""party"": ""WI"" } ]"
"600405","7","1",1B,Polk,Scandia Twp,36.1294260606536,R,"100.00",-100,0.968739440843661,"35","[ { ""name"": ""Mark Johnson"", ""votes"": 35, ""votes_pct"": 100, ""party"": ""R"" }, { ""name"": ""WRITE-IN"", ""votes"": 0, ""votes_pct"": 0, ""party"": ""WI"" } ]"
"600410","7","1",1B,Polk,Sletten Twp,36.0752584139719,R,"100.00",-100,1.58003026190171,"57","[ { ""name"": ""Mark Johnson"", ""votes"": 57, ""votes_pct"": 100, ""party"": ""R"" }, { ""name"": ""WRITE-IN"", ""votes"": 0, ""votes_pct"": 0, ""party"": ""WI"" } ]"
"600415","7","1",1B,Polk,Sullivan Twp,35.7686682665855,R,"100.00",-100,2.12476459658963,"76","[ { ""name"": ""Mark Johnson"", ""votes"": 76, ""votes_pct"": 100, ""party"": ""R"" }, { ""name"": ""WRITE-IN"", ""votes"": 0, ""votes_pct"": 0, ""party"": ""WI"" } ]"
"600420","7","1",1B,Polk,Tabor Twp,36.2328427124879,R,"100.00",-100,1.15916932969558,"42","[ { ""name"": ""Mark Johnson"", ""votes"": 42, ""votes_pct"": 100, ""party"": ""R"" }, { ""name"": ""WRITE-IN"", ""votes"": 0, ""votes_pct"": 0, ""party"": ""WI"" } ]"
"600430","7","1",1B,Polk,Trail,0.997764937237926,R,"100.00",-100,13.0291209029527,"13","[ { ""name"": ""Mark Johnson"", ""votes"": 13, ""votes_pct"": 100, ""party"": ""R"" }, { ""name"": ""WRITE-IN"", ""votes"": 0, ""votes_pct"": 0, ""party"": ""WI"" } ]"
"600435","7","1",1B,Polk,Tynsid Twp,14.3219793395507,R,"91.66",-91.66,1.67574602860395,"24","[ { ""name"": ""Mark Johnson"", ""votes"": 23, ""votes_pct"": 95.830000, ""party"": ""R"" }, { ""name"": ""WRITE-IN"", ""votes"": 1, ""votes_pct"": 4.170000, ""party"": ""WI"" } ]"
"600440","7","1",1B,Polk,Vineland Twp,46.0585247777226,R,"93.75",-93.75,0.694768235726856,"32","[ { ""name"": ""Mark Johnson"", ""votes"": 31, ""votes_pct"": 96.880000, ""party"": ""R"" }, { ""name"": ""WRITE-IN"", ""votes"": 1, ""votes_pct"": 3.130000, ""party"": ""WI"" } ]"
"600445","7","1",1B,Polk,Winger City,0.323283473680682,R,"100.00",-100,98.9843360555062,"32","[ { ""name"": ""Mark Johnson"", ""votes"": 32, ""votes_pct"": 100, ""party"": ""R"" }, { ""name"": ""WRITE-IN"", ""votes"": 0, ""votes_pct"": 0, ""party"": ""WI"" } ]"
"600450","7","1",1B,Polk,Winger Twp,35.745791024984,R,"87.50",-87.5,1.34281543710841,"48","[ { ""name"": ""Mark Johnson"", ""votes"": 45, ""votes_pct"": 93.750000, ""party"": ""R"" }, { ""name"": ""WRITE-IN"", ""votes"": 3, ""votes_pct"": 6.250000, ""party"": ""WI"" } ]"
"600455","7","1",1B,Polk,Woodside Twp,35.8203344778923,R,"93.50",-93.5,6.86760756384973,"246","[ { ""name"": ""Mark Johnson"", ""votes"": 238, ""votes_pct"": 96.750000, ""party"": ""R"" }, { ""name"": ""WRITE-IN"", ""votes"": 8, ""votes_pct"": 3.250000, ""party"": ""WI"" } ]"
"610005","7","12",12A,Pope,Bangor Twp,35.1525538872179,R,"80.46",-80.46,2.47492686531759,"87","[ { ""name"": ""Torrey Westrom"", ""votes"": 76, ""votes_pct"": 87.360000, ""party"": ""R"" }, { ""name"": ""Kari Dorry"", ""votes"": 6, ""votes_pct"": 6.900000, ""party"": ""DFL"" }, { ""name"": ""Ashley Klingbeil"", ""votes"": 5, ""votes_pct"": 5.750000, ""party"": ""WTP"" }, { ""name"": ""WRITE-IN"", ""votes"": 0, ""votes_pct"": 0, ""party"": ""WI"" } ]"
"610010","7","12",12A,Pope,Barsness Twp,35.5568156391334,R,"56.62",-56.62,2.33429227303053,"83","[ { ""name"": ""Torrey Westrom"", ""votes"": 63, ""votes_pct"": 75.900000, ""party"": ""R"" }, { ""name"": ""Kari Dorry"", ""votes"": 16, ""votes_pct"": 19.280000, ""party"": ""DFL"" }, { ""name"": ""Ashley Klingbeil"", ""votes"": 4, ""votes_pct"": 4.820000, ""party"": ""WTP"" }, { ""name"": ""WRITE-IN"", ""votes"": 0, ""votes_pct"": 0, ""party"": ""WI"" } ]"
"610015","7","12",12A,Pope,Ben Wade Twp,35.354896780898,R,"46.71",-46.71,3.87499363522453,"137","[ { ""name"": ""Torrey Westrom"", ""votes"": 97, ""votes_pct"": 70.800000, ""party"": ""R"" }, { ""name"": ""Kari Dorry"", ""votes"": 33, ""votes_pct"": 24.090000, ""party"": ""DFL"" }, { ""name"": ""Ashley Klingbeil"", ""votes"": 7, ""votes_pct"": 5.110000, ""party"": ""WTP"" }, { ""name"": ""WRITE-IN"", ""votes"": 0, ""votes_pct"": 0, ""party"": ""WI"" } ]"
"610020","7","12",12A,Pope,Blue Mounds Twp,35.914936244217,R,"45.80",-45.8,2.97926186677358,"107","[ { ""name"": ""Torrey Westrom"", ""votes"": 76, ""votes_pct"": 71.030000, ""party"": ""R"" }, { ""name"": ""Kari Dorry"", ""votes"": 27, ""votes_pct"": 25.230000, ""party"": ""DFL"" }, { ""name"": ""Ashley Klingbeil"", ""votes"": 4, ""votes_pct"": 3.740000, ""party"": ""WTP"" }, { ""name"": ""WRITE-IN"", ""votes"": 0, ""votes_pct"": 0, ""party"": ""WI"" } ]"
"610022","7","12",12A,Pope,Brooten,0.0211599878159756,even,"0.00",0,0,"0","[ { ""name"": ""Torrey Westrom"", ""votes"": 0, ""votes_pct"": 0, ""party"": ""R"" }, { ""name"": ""Kari Dorry"", ""votes"": 0, ""votes_pct"": 0, ""party"": ""DFL"" }, { ""name"": ""Ashley Klingbeil"", ""votes"": 0, ""votes_pct"": 0, ""party"": ""WTP"" }, { ""name"": ""WRITE-IN"", ""votes"": 0, ""votes_pct"": 0, ""party"": ""WI"" } ]"
"610025","7","12",12A,Pope,Chippewa Falls Twp,35.3186698186308,R,"12.22",-12.22,3.70908645973119,"131","[ { ""name"": ""Torrey Westrom"", ""votes"": 71, ""votes_pct"": 54.200000, ""party"": ""R"" }, { ""name"": ""Kari Dorry"", ""votes"": 55, ""votes_pct"": 41.980000, ""party"": ""DFL"" }, { ""name"": ""Ashley Klingbeil"", ""votes"": 4, ""votes_pct"": 3.050000, ""party"": ""WTP"" }, { ""name"": ""WRITE-IN"", ""votes"": 1, ""votes_pct"": 0.760000, ""party"": ""WI"" } ]"
"610030","7","12",12A,Pope,Cyrus,0.268325074110565,R,"58.06",-58.06,346.594519011216,"93","[ { ""name"": ""Torrey Westrom"", ""votes"": 71, ""votes_pct"": 76.340000, ""party"": ""R"" }, { ""name"": ""Kari Dorry"", ""votes"": 17, ""votes_pct"": 18.280000, ""party"": ""DFL"" }, { ""name"": ""Ashley Klingbeil"", ""votes"": 5, ""votes_pct"": 5.380000, ""party"": ""WTP"" }, { ""name"": ""WRITE-IN"", ""votes"": 0, ""votes_pct"": 0, ""party"": ""WI"" } ]"
"610035","7","12",12A,Pope,Farwell,0.25581531470026,R,"22.22",-22.22,105.544892930418,"27","[ { ""name"": ""Torrey Westrom"", ""votes"": 14, ""votes_pct"": 51.850000, ""party"": ""R"" }, { ""name"": ""Ashley Klingbeil"", ""votes"": 8, ""votes_pct"": 29.630000, ""party"": ""WTP"" }, { ""name"": ""Kari Dorry"", ""votes"": 5, ""votes_pct"": 18.520000, ""party"": ""DFL"" }, { ""name"": ""WRITE-IN"", ""votes"": 0, ""votes_pct"": 0, ""party"": ""WI"" } ]"
"610040","7","12",12A,Pope,Gilchrist Twp,35.5267451610185,R,"37.01",-37.01,3.57477161007561,"127","[ { ""name"": ""Torrey Westrom"", ""votes"": 86, ""votes_pct"": 67.720000, ""party"": ""R"" }, { ""name"": ""Kari Dorry"", ""votes"": 39, ""votes_pct"": 30.710000, ""party"": ""DFL"" }, { ""name"": ""Ashley Klingbeil"", ""votes"": 2, ""votes_pct"": 1.570000, ""party"": ""WTP"" }, { ""name"": ""WRITE-IN"", ""votes"": 0, ""votes_pct"": 0, ""party"": ""WI"" } ]"
"610045","7","12",12A,Pope,Glenwood P-1,4.68517462659675,R,"14.66",-14.66,209.597310295628,"982","[ { ""name"": ""Torrey Westrom"", ""votes"": 537, ""votes_pct"": 54.680000, ""party"": ""R"" }, { ""name"": ""Kari Dorry"", ""votes"": 393, ""votes_pct"": 40.020000, ""party"": ""DFL"" }, { ""name"": ""Ashley Klingbeil"", ""votes"": 51, ""votes_pct"": 5.190000, ""party"": ""WTP"" }, { ""name"": ""WRITE-IN"", ""votes"": 1, ""votes_pct"": 0.100000, ""party"": ""WI"" } ]"
"610050","7","12",12A,Pope,Glenwood P-2,1.20839117392036,R,"18.63",-18.63,133.235001607692,"161","[ { ""name"": ""Torrey Westrom"", ""votes"": 93, ""votes_pct"": 57.760000, ""party"": ""R"" }, { ""name"": ""Kari Dorry"", ""votes"": 63, ""votes_pct"": 39.130000, ""party"": ""DFL"" }, { ""name"": ""Ashley Klingbeil"", ""votes"": 4, ""votes_pct"": 2.480000, ""party"": ""WTP"" }, { ""name"": ""WRITE-IN"", ""votes"": 1, ""votes_pct"": 0.620000, ""party"": ""WI"" } ]"
"610055","7","12",12A,Pope,Glenwood Twp,41.4427543101,R,"36.66",-36.66,16.1910088064893,"671","[ { ""name"": ""Torrey Westrom"", ""votes"": 443, ""votes_pct"": 66.020000, ""party"": ""R"" }, { ""name"": ""Kari Dorry"", ""votes"": 197, ""votes_pct"": 29.360000, ""party"": ""DFL"" }, { ""name"": ""Ashley Klingbeil"", ""votes"": 30, ""votes_pct"": 4.470000, ""party"": ""WTP"" }, { ""name"": ""WRITE-IN"", ""votes"": 1, ""votes_pct"": 0.150000, ""party"": ""WI"" } ]"
"610060","7","12",12A,Pope,Grove Lake Twp,33.7172466265034,R,"69.23",-69.23,4.62671230922445,"156","[ { ""name"": ""Torrey Westrom"", ""votes"": 128, ""votes_pct"": 82.050000, ""party"": ""R"" }, { ""name"": ""Kari Dorry"", ""votes"": 20, ""votes_pct"": 12.820000, ""party"": ""DFL"" }, { ""name"": ""Ashley Klingbeil"", ""votes"": 8, ""votes_pct"": 5.130000, ""party"": ""WTP"" }, { ""name"": ""WRITE-IN"", ""votes"": 0, ""votes_pct"": 0, ""party"": ""WI"" } ]"
"610065","7","12",12A,Pope,Hoff Twp,36.003380245966,R,"62.69",-62.69,1.86093637714773,"67","[ { ""name"": ""Torrey Westrom"", ""votes"": 54, ""votes_pct"": 80.600000, ""party"": ""R"" }, { ""name"": ""Kari Dorry"", ""votes"": 12, ""votes_pct"": 17.910000, ""party"": ""DFL"" }, { ""name"": ""Ashley Klingbeil"", ""votes"": 1, ""votes_pct"": 1.490000, ""party"": ""WTP"" }, { ""name"": ""WRITE-IN"", ""votes"": 0, ""votes_pct"": 0, ""party"": ""WI"" } ]"
"610070","7","12",12A,Pope,Lake Johanna Twp,35.6911997363707,R,"39.62",-39.62,1.48495988903368,"53","[ { ""name"": ""Torrey Westrom"", ""votes"": 35, ""votes_pct"": 66.040000, ""party"": ""R"" }, { ""name"": ""Kari Dorry"", ""votes"": 14, ""votes_pct"": 26.420000, ""party"": ""DFL"" }, { ""name"": ""Ashley Klingbeil"", ""votes"": 4, ""votes_pct"": 7.550000, ""party"": ""WTP"" }, { ""name"": ""WRITE-IN"", ""votes"": 0, ""votes_pct"": 0, ""party"": ""WI"" } ]"
"610075","7","12",12A,Pope,Langhei Twp,36.0155240999997,R,"17.78",-17.78,2.49892240218714,"90","[ { ""name"": ""Torrey Westrom"", ""votes"": 51, ""votes_pct"": 56.670000, ""party"": ""R"" }, { ""name"": ""Kari Dorry"", ""votes"": 35, ""votes_pct"": 38.890000, ""party"": ""DFL"" }, { ""name"": ""Ashley Klingbeil"", ""votes"": 4, ""votes_pct"": 4.440000, ""party"": ""WTP"" }, { ""name"": ""WRITE-IN"", ""votes"": 0, ""votes_pct"": 0, ""party"": ""WI"" } ]"
"610080","7","12",12B,Pope,Leven Twp,35.3440736016439,R,"40.93",-40.93,8.57286580531302,"303","[ { ""name"": ""Torrey Westrom"", ""votes"": 208, ""votes_pct"": 68.650000, ""party"": ""R"" }, { ""name"": ""Kari Dorry"", ""votes"": 84, ""votes_pct"": 27.720000, ""party"": ""DFL"" }, { ""name"": ""Ashley Klingbeil"", ""votes"": 11, ""votes_pct"": 3.630000, ""party"": ""WTP"" }, { ""name"": ""WRITE-IN"", ""votes"": 0, ""votes_pct"": 0, ""party"": ""WI"" } ]"
"610085","7","12",12A,Pope,Long Beach,1.57371949006272,R,"30.68",-30.68,159.494752136543,"251","[ { ""name"": ""Torrey Westrom"", ""votes"": 162, ""votes_pct"": 64.540000, ""party"": ""R"" }, { ""name"": ""Kari Dorry"", ""votes"": 85, ""votes_pct"": 33.860000, ""party"": ""DFL"" }, { ""name"": ""Ashley Klingbeil"", ""votes"": 3, ""votes_pct"": 1.200000, ""party"": ""WTP"" }, { ""name"": ""WRITE-IN"", ""votes"": 1, ""votes_pct"": 0.400000, ""party"": ""WI"" } ]"
"610090","7","12",12A,Pope,Lowry,0.453466720679544,R,"63.45",-63.45,319.758856356007,"145","[ { ""name"": ""Torrey Westrom"", ""votes"": 115, ""votes_pct"": 79.310000, ""party"": ""R"" }, { ""name"": ""Kari Dorry"", ""votes"": 23, ""votes_pct"": 15.860000, ""party"": ""DFL"" }, { ""name"": ""Ashley Klingbeil"", ""votes"": 7, ""votes_pct"": 4.830000, ""party"": ""WTP"" }, { ""name"": ""WRITE-IN"", ""votes"": 0, ""votes_pct"": 0, ""party"": ""WI"" } ]"
"610095","7","12",12A,Pope,Minnewaska Twp,25.3107221767815,R,"26.60",-26.6,12.3267916980342,"312","[ { ""name"": ""Torrey Westrom"", ""votes"": 193, ""votes_pct"": 61.860000, ""party"": ""R"" }, { ""name"": ""Kari Dorry"", ""votes"": 110, ""votes_pct"": 35.260000, ""party"": ""DFL"" }, { ""name"": ""Ashley Klingbeil"", ""votes"": 9, ""votes_pct"": 2.880000, ""party"": ""WTP"" }, { ""name"": ""WRITE-IN"", ""votes"": 0, ""votes_pct"": 0, ""party"": ""WI"" } ]"
"610100","7","12",12A,Pope,New Prairie Twp,35.8374593630453,R,"66.29",-66.29,2.48343497507456,"89","[ { ""name"": ""Torrey Westrom"", ""votes"": 73, ""votes_pct"": 82.020000, ""party"": ""R"" }, { ""name"": ""Kari Dorry"", ""votes"": 14, ""votes_pct"": 15.730000, ""party"": ""DFL"" }, { ""name"": ""Ashley Klingbeil"", ""votes"": 2, ""votes_pct"": 2.250000, ""party"": ""WTP"" }, { ""name"": ""WRITE-IN"", ""votes"": 0, ""votes_pct"": 0, ""party"": ""WI"" } ]"
"610105","7","12",12A,Pope,Nora Twp,36.1274668300646,R,"53.84",-53.84,2.8786961590524,"104","[ { ""name"": ""Torrey Westrom"", ""votes"": 79, ""votes_pct"": 75.960000, ""party"": ""R"" }, { ""name"": ""Kari Dorry"", ""votes"": 23, ""votes_pct"": 22.120000, ""party"": ""DFL"" }, { ""name"": ""Ashley Klingbeil"", ""votes"": 2, ""votes_pct"": 1.920000, ""party"": ""WTP"" }, { ""name"": ""WRITE-IN"", ""votes"": 0, ""votes_pct"": 0, ""party"": ""WI"" } ]"
"610110","7","12",12B,Pope,Reno Twp,35.7070098937652,R,"56.82",-56.82,7.58954616492039,"271","[ { ""name"": ""Torrey Westrom"", ""votes"": 208, ""votes_pct"": 76.750000, ""party"": ""R"" }, { ""name"": ""Kari Dorry"", ""votes"": 54, ""votes_pct"": 19.930000, ""party"": ""DFL"" }, { ""name"": ""Ashley Klingbeil"", ""votes"": 9, ""votes_pct"": 3.320000, ""party"": ""WTP"" }, { ""name"": ""WRITE-IN"", ""votes"": 0, ""votes_pct"": 0, ""party"": ""WI"" } ]"
"610115","7","12",12A,Pope,Rolling Forks Twp,35.7833663902658,R,"65.22",-65.22,1.92827022610064,"69","[ { ""name"": ""Torrey Westrom"", ""votes"": 56, ""votes_pct"": 81.160000, ""party"": ""R"" }, { ""name"": ""Kari Dorry"", ""votes"": 11, ""votes_pct"": 15.940000, ""party"": ""DFL"" }, { ""name"": ""Ashley Klingbeil"", ""votes"": 2, ""votes_pct"": 2.900000, ""party"": ""WTP"" }, { ""name"": ""WRITE-IN"", ""votes"": 0, ""votes_pct"": 0, ""party"": ""WI"" } ]"
"610120","7","12",12A,Pope,Sedan,0.505255724353809,DFL,"8.34",8.34,23.7503494202807,"12","[ { ""name"": ""Kari Dorry"", ""votes"": 5, ""votes_pct"": 41.670000, ""party"": ""DFL"" }, { ""name"": ""Torrey Westrom"", ""votes"": 4, ""votes_pct"": 33.330000, ""party"": ""R"" }, { ""name"": ""Ashley Klingbeil"", ""votes"": 3, ""votes_pct"": 25, ""party"": ""WTP"" }, { ""name"": ""WRITE-IN"", ""votes"": 0, ""votes_pct"": 0, ""party"": ""WI"" } ]"
"610125","7","12",12A,Pope,Starbuck,1.46368631416164,R,"20.73",-20.73,392.16052951125,"574","[ { ""name"": ""Torrey Westrom"", ""votes"": 334, ""votes_pct"": 58.190000, ""party"": ""R"" }, { ""name"": ""Kari Dorry"", ""votes"": 215, ""votes_pct"": 37.460000, ""party"": ""DFL"" }, { ""name"": ""Ashley Klingbeil"", ""votes"": 25, ""votes_pct"": 4.360000, ""party"": ""WTP"" }, { ""name"": ""WRITE-IN"", ""votes"": 0, ""votes_pct"": 0, ""party"": ""WI"" } ]"
"610130","7","12",12B,Pope,Villard,0.829292465050335,R,"35.41",-35.41,115.761331551678,"96","[ { ""name"": ""Torrey Westrom"", ""votes"": 61, ""votes_pct"": 63.540000, ""party"": ""R"" }, { ""name"": ""Kari Dorry"", ""votes"": 27, ""votes_pct"": 28.130000, ""party"": ""DFL"" }, { ""name"": ""Ashley Klingbeil"", ""votes"": 8, ""votes_pct"": 8.330000, ""party"": ""WTP"" }, { ""name"": ""WRITE-IN"", ""votes"": 0, ""votes_pct"": 0, ""party"": ""WI"" } ]"
"610135","7","12",12A,Pope,Walden Twp,35.6221867782409,R,"69.23",-69.23,2.18964659540904,"78","[ { ""name"": ""Torrey Westrom"", ""votes"": 65, ""votes_pct"": 83.330000, ""party"": ""R"" }, { ""name"": ""Kari Dorry"", ""votes"": 11, ""votes_pct"": 14.100000, ""party"": ""DFL"" }, { ""name"": ""Ashley Klingbeil"", ""votes"": 2, ""votes_pct"": 2.560000, ""party"": ""WTP"" }, { ""name"": ""WRITE-IN"", ""votes"": 0, ""votes_pct"": 0, ""party"": ""WI"" } ]"
"610140","7","12",12B,Pope,Westport,0.261524485037029,R,"76.19",-76.19,80.2984087590368,"21","[ { ""name"": ""Torrey Westrom"", ""votes"": 18, ""votes_pct"": 85.710000, ""party"": ""R"" }, { ""name"": ""Ashley Klingbeil"", ""votes"": 2, ""votes_pct"": 9.520000, ""party"": ""WTP"" }, { ""name"": ""Kari Dorry"", ""votes"": 1, ""votes_pct"": 4.760000, ""party"": ""DFL"" }, { ""name"": ""WRITE-IN"", ""votes"": 0, ""votes_pct"": 0, ""party"": ""WI"" } ]"
"610145","7","12",12B,Pope,Westport Twp,35.3901054026005,R,"58.02",-58.02,3.70159959993716,"131","[ { ""name"": ""Torrey Westrom"", ""votes"": 100, ""votes_pct"": 76.340000, ""party"": ""R"" }, { ""name"": ""Kari Dorry"", ""votes"": 24, ""votes_pct"": 18.320000, ""party"": ""DFL"" }, { ""name"": ""Ashley Klingbeil"", ""votes"": 7, ""votes_pct"": 5.340000, ""party"": ""WTP"" }, { ""name"": ""WRITE-IN"", ""votes"": 0, ""votes_pct"": 0, ""party"": ""WI"" } ]"
"610150","7","12",12A,Pope,White Bear Lake Twp,34.7262711351999,R,"47.50",-47.5,6.91119409468431,"240","[ { ""name"": ""Torrey Westrom"", ""votes"": 172, ""votes_pct"": 71.670000, ""party"": ""R"" }, { ""name"": ""Kari Dorry"", ""votes"": 58, ""votes_pct"": 24.170000, ""party"": ""DFL"" }, { ""name"": ""Ashley Klingbeil"", ""votes"": 10, ""votes_pct"": 4.170000, ""party"": ""WTP"" }, { ""name"": ""WRITE-IN"", ""votes"": 0, ""votes_pct"": 0, ""party"": ""WI"" } ]"
"620010","4","40",40A,Ramsey,ARDEN HILLS P-1,2.10274891995554,DFL,"25.93",25.93,961.122833458752,"2021","[ { ""name"": ""John Marty"", ""votes"": 1271, ""votes_pct"": 62.890000, ""party"": ""DFL"" }, { ""name"": ""Rachel Japuntich"", ""votes"": 747, ""votes_pct"": 36.960000, ""party"": ""R"" }, { ""name"": ""WRITE-IN"", ""votes"": 3, ""votes_pct"": 0.150000, ""party"": ""WI"" } ]"
"620020","4","40",40A,Ramsey,ARDEN HILLS P-2,1.67405475427562,DFL,"19.35",19.35,540.00623198921,"904","[ { ""name"": ""John Marty"", ""votes"": 539, ""votes_pct"": 59.620000, ""party"": ""DFL"" }, { ""name"": ""Rachel Japuntich"", ""votes"": 364, ""votes_pct"": 40.270000, ""party"": ""R"" }, { ""name"": ""WRITE-IN"", ""votes"": 1, ""votes_pct"": 0.110000, ""party"": ""WI"" } ]"
"620030","4","40",40A,Ramsey,ARDEN HILLS P-3,5.81611108515723,DFL,"23.26",23.26,269.767887343848,"1569","[ { ""name"": ""John Marty"", ""votes"": 967, ""votes_pct"": 61.630000, ""party"": ""DFL"" }, { ""name"": ""Rachel Japuntich"", ""votes"": 602, ""votes_pct"": 38.370000, ""party"": ""R"" }, { ""name"": ""WRITE-IN"", ""votes"": 0, ""votes_pct"": 0, ""party"": ""WI"" } ]"
"620050","4","40",40A,Ramsey,BLAINE W-1 P-10,0.193159516919827,even,"0.00",0,0,"0","[ { ""name"": ""Rachel Japuntich"", ""votes"": 0, ""votes_pct"": 0, ""party"": ""R"" }, { ""name"": ""John Marty"", ""votes"": 0, ""votes_pct"": 0, ""party"": ""DFL"" }, { ""name"": ""WRITE-IN"", ""votes"": 0, ""votes_pct"": 0, ""party"": ""WI"" } ]"
"620060","4","66",66A,Ramsey,FALCON HEIGHTS P-1,1.86830705079147,DFL,"62.57",62.57,600.54368446808,"1122","[ { ""name"": ""Clare Oumou Verbeten"", ""votes"": 897, ""votes_pct"": 79.950000, ""party"": ""DFL"" }, { ""name"": ""Mikki M Murray"", ""votes"": 195, ""votes_pct"": 17.380000, ""party"": ""R"" }, { ""name"": ""Jeremy J. Peichel"", ""votes"": 30, ""votes_pct"": 2.670000, ""party"": ""LIB"" }, { ""name"": ""WRITE-IN"", ""votes"": 0, ""votes_pct"": 0, ""party"": ""WI"" } ]"
"620070","4","66",66A,Ramsey,FALCON HEIGHTS P-2,0.370516693447415,DFL,"60.08",60.08,3678.64666857026,"1363","[ { ""name"": ""Clare Oumou Verbeten"", ""votes"": 1073, ""votes_pct"": 78.720000, ""party"": ""DFL"" }, { ""name"": ""Mikki M Murray"", ""votes"": 254, ""votes_pct"": 18.640000, ""party"": ""R"" }, { ""name"": ""Jeremy J. Peichel"", ""votes"": 36, ""votes_pct"": 2.640000, ""party"": ""LIB"" }, { ""name"": ""WRITE-IN"", ""votes"": 0, ""votes_pct"": 0, ""party"": ""WI"" } ]"
"620080","4","36",36B,Ramsey,GEM LAKE P-1,1.1043679222024,even,"0.00",0,291.56949738077,"322","[ { ""name"": ""Roger Chamberlain"", ""votes"": 161, ""votes_pct"": 50, ""party"": ""R"" }, { ""name"": ""Heather Gustafson"", ""votes"": 161, ""votes_pct"": 50, ""party"": ""DFL"" }, { ""name"": ""WRITE-IN"", ""votes"": 0, ""votes_pct"": 0, ""party"": ""WI"" } ]"
"620090","4","66",66A,Ramsey,LAUDERDALE P-1,0.420736917154554,DFL,"53.65",53.65,2538.40335006229,"1068","[ { ""name"": ""Clare Oumou Verbeten"", ""votes"": 796, ""votes_pct"": 74.530000, ""party"": ""DFL"" }, { ""name"": ""Mikki M Murray"", ""votes"": 223, ""votes_pct"": 20.880000, ""party"": ""R"" }, { ""name"": ""Jeremy J. Peichel"", ""votes"": 48, ""votes_pct"": 4.490000, ""party"": ""LIB"" }, { ""name"": ""WRITE-IN"", ""votes"": 1, ""votes_pct"": 0.090000, ""party"": ""WI"" } ]"
"620100","4","44",44A,Ramsey,LITTLE CANADA P-1,1.01893849200257,DFL,"30.80",30.8,1395.57000855397,"1422","[ { ""name"": ""Tou Xiong"", ""votes"": 930, ""votes_pct"": 65.400000, ""party"": ""DFL"" }, { ""name"": ""Paul Babin"", ""votes"": 492, ""votes_pct"": 34.600000, ""party"": ""R"" }, { ""name"": ""WRITE-IN"", ""votes"": 0, ""votes_pct"": 0, ""party"": ""WI"" } ]"
"620110","4","44",44A,Ramsey,LITTLE CANADA P-2,1.77198038047731,DFL,"17.51",17.51,898.994152277749,"1593","[ { ""name"": ""Tou Xiong"", ""votes"": 935, ""votes_pct"": 58.690000, ""party"": ""DFL"" }, { ""name"": ""Paul Babin"", ""votes"": 656, ""votes_pct"": 41.180000, ""party"": ""R"" }, { ""name"": ""WRITE-IN"", ""votes"": 2, ""votes_pct"": 0.130000, ""party"": ""WI"" } ]"
"620120","4","44",44A,Ramsey,LITTLE CANADA P-3,1.68890265914584,DFL,"19.34",19.34,643.021072954696,"1086","[ { ""name"": ""Tou Xiong"", ""votes"": 648, ""votes_pct"": 59.670000, ""party"": ""DFL"" }, { ""name"": ""Paul Babin"", ""votes"": 438, ""votes_pct"": 40.330000, ""party"": ""R"" }, { ""name"": ""WRITE-IN"", ""votes"": 0, ""votes_pct"": 0, ""party"": ""WI"" } ]"
"620130","4","44",44A,Ramsey,MAPLEWOOD P-01,1.45149528629091,DFL,"30.48",30.48,877.026616636815,"1273","[ { ""name"": ""Tou Xiong"", ""votes"": 828, ""votes_pct"": 65.040000, ""party"": ""DFL"" }, { ""name"": ""Paul Babin"", ""votes"": 440, ""votes_pct"": 34.560000, ""party"": ""R"" }, { ""name"": ""WRITE-IN"", ""votes"": 5, ""votes_pct"": 0.390000, ""party"": ""WI"" } ]"
"620140","4","44",44A,Ramsey,MAPLEWOOD P-02,1.01603546419904,DFL,"28.67",28.67,1181.0611364299,"1200","[ { ""name"": ""Tou Xiong"", ""votes"": 771, ""votes_pct"": 64.250000, ""party"": ""DFL"" }, { ""name"": ""Paul Babin"", ""votes"": 427, ""votes_pct"": 35.580000, ""party"": ""R"" }, { ""name"": ""WRITE-IN"", ""votes"": 2, ""votes_pct"": 0.170000, ""party"": ""WI"" } ]"
"620150","4","44",44A,Ramsey,MAPLEWOOD P-03,1.3153703752036,DFL,"37.46",37.46,927.495421060523,"1220","[ { ""name"": ""Tou Xiong"", ""votes"": 838, ""votes_pct"": 68.690000, ""party"": ""DFL"" }, { ""name"": ""Paul Babin"", ""votes"": 381, ""votes_pct"": 31.230000, ""party"": ""R"" }, { ""name"": ""WRITE-IN"", ""votes"": 1, ""votes_pct"": 0.080000, ""party"": ""WI"" } ]"
"620160","4","44",44A,Ramsey,MAPLEWOOD P-04,1.18536785753443,DFL,"28.52",28.52,922.920250491289,"1094","[ { ""name"": ""Tou Xiong"", ""votes"": 702, ""votes_pct"": 64.170000, ""party"": ""DFL"" }, { ""name"": ""Paul Babin"", ""votes"": 390, ""votes_pct"": 35.650000, ""party"": ""R"" }, { ""name"": ""WRITE-IN"", ""votes"": 2, ""votes_pct"": 0.180000, ""party"": ""WI"" } ]"
"620170","4","44",44A,Ramsey,MAPLEWOOD P-05,0.865259089805682,DFL,"20.42",20.42,939.602957748276,"813","[ { ""name"": ""Tou Xiong"", ""votes"": 489, ""votes_pct"": 60.150000, ""party"": ""DFL"" }, { ""name"": ""Paul Babin"", ""votes"": 323, ""votes_pct"": 39.730000, ""party"": ""R"" }, { ""name"": ""WRITE-IN"", ""votes"": 1, ""votes_pct"": 0.120000, ""party"": ""WI"" } ]"
"620180","4","44",44A,Ramsey,MAPLEWOOD P-06,1.57621444202336,DFL,"21.19",21.19,742.284786134866,"1170","[ { ""name"": ""Tou Xiong"", ""votes"": 708, ""votes_pct"": 60.510000, ""party"": ""DFL"" }, { ""name"": ""Paul Babin"", ""votes"": 460, ""votes_pct"": 39.320000, ""party"": ""R"" }, { ""name"": ""WRITE-IN"", ""votes"": 2, ""votes_pct"": 0.170000, ""party"": ""WI"" } ]"
"620190","4","44",44A,Ramsey,MAPLEWOOD P-07,1.90319316103274,DFL,"22.51",22.51,807.590123519556,"1537","[ { ""name"": ""Tou Xiong"", ""votes"": 941, ""votes_pct"": 61.220000, ""party"": ""DFL"" }, { ""name"": ""Paul Babin"", ""votes"": 595, ""votes_pct"": 38.710000, ""party"": ""R"" }, { ""name"": ""WRITE-IN"", ""votes"": 1, ""votes_pct"": 0.070000, ""party"": ""WI"" } ]"
"620200","4","44",44A,Ramsey,MAPLEWOOD P-08,1.2892604475761,DFL,"19.00",19,999.797986840758,"1289","[ { ""name"": ""Tou Xiong"", ""votes"": 767, ""votes_pct"": 59.500000, ""party"": ""DFL"" }, { ""name"": ""Paul Babin"", ""votes"": 522, ""votes_pct"": 40.500000, ""party"": ""R"" }, { ""name"": ""WRITE-IN"", ""votes"": 0, ""votes_pct"": 0, ""party"": ""WI"" } ]"
"620210","4","44",44B,Ramsey,MAPLEWOOD P-09,1.0038776828549,DFL,"23.50",23.5,847.71283846042,"851","[ { ""name"": ""Tou Xiong"", ""votes"": 524, ""votes_pct"": 61.570000, ""party"": ""DFL"" }, { ""name"": ""Paul Babin"", ""votes"": 324, ""votes_pct"": 38.070000, ""party"": ""R"" }, { ""name"": ""WRITE-IN"", ""votes"": 3, ""votes_pct"": 0.350000, ""party"": ""WI"" } ]"
"620220","4","44",44B,Ramsey,MAPLEWOOD P-10,0.688321877974731,DFL,"25.97",25.97,1348.20645644808,"928","[ { ""name"": ""Tou Xiong"", ""votes"": 584, ""votes_pct"": 62.930000, ""party"": ""DFL"" }, { ""name"": ""Paul Babin"", ""votes"": 343, ""votes_pct"": 36.960000, ""party"": ""R"" }, { ""name"": ""WRITE-IN"", ""votes"": 1, ""votes_pct"": 0.110000, ""party"": ""WI"" } ]"
"620230","4","47",47A,Ramsey,MAPLEWOOD P-11,1.72866988254074,DFL,"16.68",16.68,478.402503770414,"827","[ { ""name"": ""Nicole Mitchell"", ""votes"": 482, ""votes_pct"": 58.280000, ""party"": ""DFL"" }, { ""name"": ""Dwight Dorau"", ""votes"": 344, ""votes_pct"": 41.600000, ""party"": ""R"" }, { ""name"": ""WRITE-IN"", ""votes"": 1, ""votes_pct"": 0.120000, ""party"": ""WI"" } ]"
"620240","4","47",47A,Ramsey,MAPLEWOOD P-12,1.73978514435597,DFL,"40.86",40.86,876.545017611654,"1525","[ { ""name"": ""Nicole Mitchell"", ""votes"": 1074, ""votes_pct"": 70.430000, ""party"": ""DFL"" }, { ""name"": ""Dwight Dorau"", ""votes"": 451, ""votes_pct"": 29.570000, ""party"": ""R"" }, { ""name"": ""WRITE-IN"", ""votes"": 0, ""votes_pct"": 0, ""party"": ""WI"" } ]"
"620250","4","47",47A,Ramsey,MAPLEWOOD P-13,2.26699399194583,DFL,"18.87",18.87,827.527557049137,"1876","[ { ""name"": ""Nicole Mitchell"", ""votes"": 1114, ""votes_pct"": 59.380000, ""party"": ""DFL"" }, { ""name"": ""Dwight Dorau"", ""votes"": 760, ""votes_pct"": 40.510000, ""party"": ""R"" }, { ""name"": ""WRITE-IN"", ""votes"": 2, ""votes_pct"": 0.110000, ""party"": ""WI"" } ]"
"620290","4","40",40A,Ramsey,MOUNDS VIEW P-1,1.01878415284031,DFL,"19.69",19.69,1510.62420406654,"1539","[ { ""name"": ""John Marty"", ""votes"": 920, ""votes_pct"": 59.780000, ""party"": ""DFL"" }, { ""name"": ""Rachel Japuntich"", ""votes"": 617, ""votes_pct"": 40.090000, ""party"": ""R"" }, { ""name"": ""WRITE-IN"", ""votes"": 2, ""votes_pct"": 0.130000, ""party"": ""WI"" } ]"
"620300","4","40",40A,Ramsey,MOUNDS VIEW P-2,1.04421896522401,DFL,"17.22",17.22,939.458133466821,"981","[ { ""name"": ""John Marty"", ""votes"": 575, ""votes_pct"": 58.610000, ""party"": ""DFL"" }, { ""name"": ""Rachel Japuntich"", ""votes"": 406, ""votes_pct"": 41.390000, ""party"": ""R"" }, { ""name"": ""WRITE-IN"", ""votes"": 0, ""votes_pct"": 0, ""party"": ""WI"" } ]"
"620310","4","40",40A,Ramsey,MOUNDS VIEW P-3,1.03351320150121,DFL,"21.28",21.28,1627.45865031704,"1682","[ { ""name"": ""John Marty"", ""votes"": 1018, ""votes_pct"": 60.520000, ""party"": ""DFL"" }, { ""name"": ""Rachel Japuntich"", ""votes"": 660, ""votes_pct"": 39.240000, ""party"": ""R"" }, { ""name"": ""WRITE-IN"", ""votes"": 4, ""votes_pct"": 0.240000, ""party"": ""WI"" } ]"
"620320","4","40",40A,Ramsey,MOUNDS VIEW P-4,1.04224312247784,DFL,"28.42",28.42,742.62903089241,"774","[ { ""name"": ""John Marty"", ""votes"": 497, ""votes_pct"": 64.210000, ""party"": ""DFL"" }, { ""name"": ""Rachel Japuntich"", ""votes"": 277, ""votes_pct"": 35.790000, ""party"": ""R"" }, { ""name"": ""WRITE-IN"", ""votes"": 0, ""votes_pct"": 0, ""party"": ""WI"" } ]"
"620330","4","39",39B,Ramsey,NEW BRIGHTON P-1,1.24326414882727,DFL,"26.09",26.09,884.767731006795,"1100","[ { ""name"": ""Mary K Kunesh"", ""votes"": 693, ""votes_pct"": 63, ""party"": ""DFL"" }, { ""name"": ""Pam Wolf"", ""votes"": 406, ""votes_pct"": 36.910000, ""party"": ""R"" }, { ""name"": ""WRITE-IN"", ""votes"": 1, ""votes_pct"": 0.090000, ""party"": ""WI"" } ]"
"620335","4","39",39B,Ramsey,NEW BRIGHTON P-2,0.49409824277385,DFL,"30.96",30.96,1823.52399179122,"901","[ { ""name"": ""Mary K Kunesh"", ""votes"": 590, ""votes_pct"": 65.480000, ""party"": ""DFL"" }, { ""name"": ""Pam Wolf"", ""votes"": 311, ""votes_pct"": 34.520000, ""party"": ""R"" }, { ""name"": ""WRITE-IN"", ""votes"": 0, ""votes_pct"": 0, ""party"": ""WI"" } ]"
"620340","4","39",39B,Ramsey,NEW BRIGHTON P-3,0.247201737514232,DFL,"37.48",37.48,3248.35904502399,"803","[ { ""name"": ""Mary K Kunesh"", ""votes"": 552, ""votes_pct"": 68.740000, ""party"": ""DFL"" }, { ""name"": ""Pam Wolf"", ""votes"": 251, ""votes_pct"": 31.260000, ""party"": ""R"" }, { ""name"": ""WRITE-IN"", ""votes"": 0, ""votes_pct"": 0, ""party"": ""WI"" } ]"
"620345","4","39",39B,Ramsey,NEW BRIGHTON P-4,0.680866080920883,DFL,"33.26",33.26,1943.11339200599,"1323","[ { ""name"": ""Mary K Kunesh"", ""votes"": 881, ""votes_pct"": 66.590000, ""party"": ""DFL"" }, { ""name"": ""Pam Wolf"", ""votes"": 441, ""votes_pct"": 33.330000, ""party"": ""R"" }, { ""name"": ""WRITE-IN"", ""votes"": 1, ""votes_pct"": 0.080000, ""party"": ""WI"" } ]"
"620350","4","39",39B,Ramsey,NEW BRIGHTON P-5,1.04716663512961,DFL,"30.28",30.28,1977.7177103658,"2071","[ { ""name"": ""Mary K Kunesh"", ""votes"": 1349, ""votes_pct"": 65.140000, ""party"": ""DFL"" }, { ""name"": ""Pam Wolf"", ""votes"": 722, ""votes_pct"": 34.860000, ""party"": ""R"" }, { ""name"": ""WRITE-IN"", ""votes"": 0, ""votes_pct"": 0, ""party"": ""WI"" } ]"
"620355","4","40",40A,Ramsey,NEW BRIGHTON P-6,2.0350881466048,DFL,"25.11",25.11,741.49122361973,"1509","[ { ""name"": ""John Marty"", ""votes"": 943, ""votes_pct"": 62.490000, ""party"": ""DFL"" }, { ""name"": ""Rachel Japuntich"", ""votes"": 564, ""votes_pct"": 37.380000, ""party"": ""R"" }, { ""name"": ""WRITE-IN"", ""votes"": 2, ""votes_pct"": 0.130000, ""party"": ""WI"" } ]"
"620360","4","40",40A,Ramsey,NEW BRIGHTON P-7,0.550428066247059,DFL,"25.06",25.06,1949.39187479293,"1073","[ { ""name"": ""John Marty"", ""votes"": 671, ""votes_pct"": 62.530000, ""party"": ""DFL"" }, { ""name"": ""Rachel Japuntich"", ""votes"": 402, ""votes_pct"": 37.470000, ""party"": ""R"" }, { ""name"": ""WRITE-IN"", ""votes"": 0, ""votes_pct"": 0, ""party"": ""WI"" } ]"
"620365","4","40",40A,Ramsey,NEW BRIGHTON P-8,0.759692924676972,DFL,"37.32",37.32,1957.36981574797,"1487","[ { ""name"": ""John Marty"", ""votes"": 1020, ""votes_pct"": 68.590000, ""party"": ""DFL"" }, { ""name"": ""Rachel Japuntich"", ""votes"": 465, ""votes_pct"": 31.270000, ""party"": ""R"" }, { ""name"": ""WRITE-IN"", ""votes"": 2, ""votes_pct"": 0.130000, ""party"": ""WI"" } ]"
"620370","4","36",36A,Ramsey,NORTH OAKS P-1,4.12312018892202,DFL,"6.26",6.26,379.809447274305,"1566","[ { ""name"": ""Heather Gustafson"", ""votes"": 832, ""votes_pct"": 53.130000, ""party"": ""DFL"" }, { ""name"": ""Roger Chamberlain"", ""votes"": 734, ""votes_pct"": 46.870000, ""party"": ""R"" }, { ""name"": ""WRITE-IN"", ""votes"": 0, ""votes_pct"": 0, ""party"": ""WI"" } ]"
"620380","4","36",36A,Ramsey,NORTH OAKS P-2,4.48395209724033,DFL,"0.54",0.54,371.101199101595,"1664","[ { ""name"": ""Heather Gustafson"", ""votes"": 836, ""votes_pct"": 50.240000, ""party"": ""DFL"" }, { ""name"": ""Roger Chamberlain"", ""votes"": 827, ""votes_pct"": 49.700000, ""party"": ""R"" }, { ""name"": ""WRITE-IN"", ""votes"": 1, ""votes_pct"": 0.060000, ""party"": ""WI"" } ]"
"620390","4","44",44B,Ramsey,NORTH ST. PAUL P-1,0.922188431007558,DFL,"14.60",14.6,1470.41532338296,"1356","[ { ""name"": ""Tou Xiong"", ""votes"": 776, ""votes_pct"": 57.230000, ""party"": ""DFL"" }, { ""name"": ""Paul Babin"", ""votes"": 578, ""votes_pct"": 42.630000, ""party"": ""R"" }, { ""name"": ""WRITE-IN"", ""votes"": 2, ""votes_pct"": 0.150000, ""party"": ""WI"" } ]"
"620400","4","44",44A,Ramsey,NORTH ST. PAUL P-2,0.714788599990608,DFL,"20.24",20.24,1396.21700739647,"998","[ { ""name"": ""Tou Xiong"", ""votes"": 599, ""votes_pct"": 60.020000, ""party"": ""DFL"" }, { ""name"": ""Paul Babin"", ""votes"": 397, ""votes_pct"": 39.780000, ""party"": ""R"" }, { ""name"": ""WRITE-IN"", ""votes"": 2, ""votes_pct"": 0.200000, ""party"": ""WI"" } ]"
"620410","4","44",44B,Ramsey,NORTH ST. PAUL P-3,0.621679657095783,DFL,"15.51",15.51,1898.08366178885,"1180","[ { ""name"": ""Tou Xiong"", ""votes"": 679, ""votes_pct"": 57.540000, ""party"": ""DFL"" }, { ""name"": ""Paul Babin"", ""votes"": 496, ""votes_pct"": 42.030000, ""party"": ""R"" }, { ""name"": ""WRITE-IN"", ""votes"": 5, ""votes_pct"": 0.420000, ""party"": ""WI"" } ]"
"620420","4","44",44A,Ramsey,NORTH ST. PAUL P-4,0.751796415751095,DFL,"18.66",18.66,1660.0238759494,"1248","[ { ""name"": ""Tou Xiong"", ""votes"": 740, ""votes_pct"": 59.290000, ""party"": ""DFL"" }, { ""name"": ""Paul Babin"", ""votes"": 507, ""votes_pct"": 40.630000, ""party"": ""R"" }, { ""name"": ""WRITE-IN"", ""votes"": 1, ""votes_pct"": 0.080000, ""party"": ""WI"" } ]"
"620430","4","40",40B,Ramsey,ROSEVILLE P-01,1.73309777415146,DFL,"37.16",37.16,662.974713335237,"1149","[ { ""name"": ""John Marty"", ""votes"": 788, ""votes_pct"": 68.580000, ""party"": ""DFL"" }, { ""name"": ""Rachel Japuntich"", ""votes"": 361, ""votes_pct"": 31.420000, ""party"": ""R"" }, { ""name"": ""WRITE-IN"", ""votes"": 0, ""votes_pct"": 0, ""party"": ""WI"" } ]"
"620440","4","40",40B,Ramsey,ROSEVILLE P-02,0.716653847252772,DFL,"41.88",41.88,1692.58841580203,"1213","[ { ""name"": ""John Marty"", ""votes"": 860, ""votes_pct"": 70.900000, ""party"": ""DFL"" }, { ""name"": ""Rachel Japuntich"", ""votes"": 352, ""votes_pct"": 29.020000, ""party"": ""R"" }, { ""name"": ""WRITE-IN"", ""votes"": 1, ""votes_pct"": 0.080000, ""party"": ""WI"" } ]"
"620450","4","40",40B,Ramsey,ROSEVILLE P-03,1.58225368443585,DFL,"38.95",38.95,1552.84833536415,"2457","[ { ""name"": ""John Marty"", ""votes"": 1706, ""votes_pct"": 69.430000, ""party"": ""DFL"" }, { ""name"": ""Rachel Japuntich"", ""votes"": 749, ""votes_pct"": 30.480000, ""party"": ""R"" }, { ""name"": ""WRITE-IN"", ""votes"": 2, ""votes_pct"": 0.080000, ""party"": ""WI"" } ]"
"620460","4","40",40B,Ramsey,ROSEVILLE P-04,0.855373237270695,DFL,"36.36",36.36,2263.3394588979,"1936","[ { ""name"": ""John Marty"", ""votes"": 1320, ""votes_pct"": 68.180000, ""party"": ""DFL"" }, { ""name"": ""Rachel Japuntich"", ""votes"": 616, ""votes_pct"": 31.820000, ""party"": ""R"" }, { ""name"": ""WRITE-IN"", ""votes"": 0, ""votes_pct"": 0, ""party"": ""WI"" } ]"
"620470","4","40",40B,Ramsey,ROSEVILLE P-05,2.50824997906798,DFL,"39.78",39.78,702.481815889312,"1762","[ { ""name"": ""John Marty"", ""votes"": 1231, ""votes_pct"": 69.860000, ""party"": ""DFL"" }, { ""name"": ""Rachel Japuntich"", ""votes"": 530, ""votes_pct"": 30.080000, ""party"": ""R"" }, { ""name"": ""WRITE-IN"", ""votes"": 1, ""votes_pct"": 0.060000, ""party"": ""WI"" } ]"
"620480","4","40",40B,Ramsey,ROSEVILLE P-06,1.59177439437845,DFL,"44.65",44.65,1221.27859756098,"1944","[ { ""name"": ""John Marty"", ""votes"": 1403, ""votes_pct"": 72.170000, ""party"": ""DFL"" }, { ""name"": ""Rachel Japuntich"", ""votes"": 535, ""votes_pct"": 27.520000, ""party"": ""R"" }, { ""name"": ""WRITE-IN"", ""votes"": 6, ""votes_pct"": 0.310000, ""party"": ""WI"" } ]"
"620490","4","40",40B,Ramsey,ROSEVILLE P-07,0.929619027437958,DFL,"46.30",46.3,1554.40019766209,"1445","[ { ""name"": ""John Marty"", ""votes"": 1056, ""votes_pct"": 73.080000, ""party"": ""DFL"" }, { ""name"": ""Rachel Japuntich"", ""votes"": 387, ""votes_pct"": 26.780000, ""party"": ""R"" }, { ""name"": ""WRITE-IN"", ""votes"": 2, ""votes_pct"": 0.140000, ""party"": ""WI"" } ]"
"620500","4","66",66A,Ramsey,ROSEVILLE P-08,1.33987640208365,DFL,"45.26",45.26,1353.85621925951,"1814","[ { ""name"": ""Clare Oumou Verbeten"", ""votes"": 1287, ""votes_pct"": 70.950000, ""party"": ""DFL"" }, { ""name"": ""Mikki M Murray"", ""votes"": 466, ""votes_pct"": 25.690000, ""party"": ""R"" }, { ""name"": ""Jeremy J. Peichel"", ""votes"": 61, ""votes_pct"": 3.360000, ""party"": ""LIB"" }, { ""name"": ""WRITE-IN"", ""votes"": 0, ""votes_pct"": 0, ""party"": ""WI"" } ]"
"620510","4","66",66A,Ramsey,ROSEVILLE P-09,0.855189734477364,DFL,"38.70",38.7,1640.57161052971,"1403","[ { ""name"": ""Clare Oumou Verbeten"", ""votes"": 947, ""votes_pct"": 67.500000, ""party"": ""DFL"" }, { ""name"": ""Mikki M Murray"", ""votes"": 404, ""votes_pct"": 28.800000, ""party"": ""R"" }, { ""name"": ""Jeremy J. Peichel"", ""votes"": 52, ""votes_pct"": 3.710000, ""party"": ""LIB"" }, { ""name"": ""WRITE-IN"", ""votes"": 0, ""votes_pct"": 0, ""party"": ""WI"" } ]"
"620520","4","66",66A,Ramsey,ROSEVILLE P-10,0.677345059275885,DFL,"41.30",41.3,2170.23801955757,"1470","[ { ""name"": ""Clare Oumou Verbeten"", ""votes"": 1010, ""votes_pct"": 68.710000, ""party"": ""DFL"" }, { ""name"": ""Mikki M Murray"", ""votes"": 403, ""votes_pct"": 27.410000, ""party"": ""R"" }, { ""name"": ""Jeremy J. Peichel"", ""votes"": 56, ""votes_pct"": 3.810000, ""party"": ""LIB"" }, { ""name"": ""WRITE-IN"", ""votes"": 1, ""votes_pct"": 0.070000, ""party"": ""WI"" } ]"
"620525","4","40",40B,Ramsey,ROSEVILLE P-11,1.04400295149021,DFL,"46.80",46.8,1137.92781744941,"1188","[ { ""name"": ""John Marty"", ""votes"": 871, ""votes_pct"": 73.320000, ""party"": ""DFL"" }, { ""name"": ""Rachel Japuntich"", ""votes"": 315, ""votes_pct"": 26.520000, ""party"": ""R"" }, { ""name"": ""WRITE-IN"", ""votes"": 2, ""votes_pct"": 0.170000, ""party"": ""WI"" } ]"
"620530","5","39",39B,Ramsey,ST ANTHONY P-1,0.661482568532214,DFL,"52.74",52.74,1900.27683237247,"1257","[ { ""name"": ""Mary K Kunesh"", ""votes"": 959, ""votes_pct"": 76.290000, ""party"": ""DFL"" }, { ""name"": ""Pam Wolf"", ""votes"": 296, ""votes_pct"": 23.550000, ""party"": ""R"" }, { ""name"": ""WRITE-IN"", ""votes"": 2, ""votes_pct"": 0.160000, ""party"": ""WI"" } ]"
"620540","4","65",65A,Ramsey,ST. PAUL W-1 P-01,0.306028755967077,DFL,"87.95",87.95,731.957359013995,"224","[ { ""name"": ""Sandy Pappas"", ""votes"": 210, ""votes_pct"": 93.750000, ""party"": ""DFL"" }, { ""name"": ""Paul Holmgren"", ""votes"": 13, ""votes_pct"": 5.800000, ""party"": ""R"" }, { ""name"": ""WRITE-IN"", ""votes"": 1, ""votes_pct"": 0.450000, ""party"": ""WI"" } ]"
"620550","4","64",64A,Ramsey,ST. PAUL W-1 P-02,0.490607898893541,DFL,"75.56",75.56,4836.85649039036,"2373","[ { ""name"": ""Erin Murphy"", ""votes"": 2082, ""votes_pct"": 87.740000, ""party"": ""DFL"" }, { ""name"": ""Robert Bushard"", ""votes"": 289, ""votes_pct"": 12.180000, ""party"": ""R"" }, { ""name"": ""WRITE-IN"", ""votes"": 2, ""votes_pct"": 0.080000, ""party"": ""WI"" } ]"
"620560","4","65",65A,Ramsey,ST. PAUL W-1 P-03,0.623558608151193,DFL,"65.24",65.24,1236.45153786901,"771","[ { ""name"": ""Sandy Pappas"", ""votes"": 636, ""votes_pct"": 82.490000, ""party"": ""DFL"" }, { ""name"": ""Paul Holmgren"", ""votes"": 133, ""votes_pct"": 17.250000, ""party"": ""R"" }, { ""name"": ""WRITE-IN"", ""votes"": 2, ""votes_pct"": 0.260000, ""party"": ""WI"" } ]"
"620570","4","65",65A,Ramsey,ST. PAUL W-1 P-04,0.312101033114871,DFL,"72.21",72.21,2720.27295624978,"849","[ { ""name"": ""Sandy Pappas"", ""votes"": 729, ""votes_pct"": 85.870000, ""party"": ""DFL"" }, { ""name"": ""Paul Holmgren"", ""votes"": 116, ""votes_pct"": 13.660000, ""party"": ""R"" }, { ""name"": ""WRITE-IN"", ""votes"": 4, ""votes_pct"": 0.470000, ""party"": ""WI"" } ]"
"620580","4","65",65A,Ramsey,ST. PAUL W-1 P-05,0.292728975066099,DFL,"81.46",81.46,2285.39043614981,"669","[ { ""name"": ""Sandy Pappas"", ""votes"": 607, ""votes_pct"": 90.730000, ""party"": ""DFL"" }, { ""name"": ""Paul Holmgren"", ""votes"": 62, ""votes_pct"": 9.270000, ""party"": ""R"" }, { ""name"": ""WRITE-IN"", ""votes"": 0, ""votes_pct"": 0, ""party"": ""WI"" } ]"
"620590","4","65",65A,Ramsey,ST. PAUL W-1 P-06,0.263040700541276,DFL,"75.84",75.84,2516.72079126067,"662","[ { ""name"": ""Sandy Pappas"", ""votes"": 582, ""votes_pct"": 87.920000, ""party"": ""DFL"" }, { ""name"": ""Paul Holmgren"", ""votes"": 80, ""votes_pct"": 12.080000, ""party"": ""R"" }, { ""name"": ""WRITE-IN"", ""votes"": 0, ""votes_pct"": 0, ""party"": ""WI"" } ]"
"620600","4","64",64A,Ramsey,ST. PAUL W-1 P-07,0.400768605173079,DFL,"79.05",79.05,4740.89031794157,"1900","[ { ""name"": ""Erin Murphy"", ""votes"": 1698, ""votes_pct"": 89.370000, ""party"": ""DFL"" }, { ""name"": ""Robert Bushard"", ""votes"": 196, ""votes_pct"": 10.320000, ""party"": ""R"" }, { ""name"": ""WRITE-IN"", ""votes"": 6, ""votes_pct"": 0.320000, ""party"": ""WI"" } ]"
"620610","4","65",65A,Ramsey,ST. PAUL W-1 P-08,0.286589711499577,DFL,"72.42",72.42,3580.03082047666,"1026","[ { ""name"": ""Sandy Pappas"", ""votes"": 884, ""votes_pct"": 86.160000, ""party"": ""DFL"" }, { ""name"": ""Paul Holmgren"", ""votes"": 141, ""votes_pct"": 13.740000, ""party"": ""R"" }, { ""name"": ""WRITE-IN"", ""votes"": 1, ""votes_pct"": 0.100000, ""party"": ""WI"" } ]"
"620620","4","65",65A,Ramsey,ST. PAUL W-1 P-09,0.409563952358418,DFL,"58.37",58.37,1560.19590181315,"639","[ { ""name"": ""Sandy Pappas"", ""votes"": 504, ""votes_pct"": 78.870000, ""party"": ""DFL"" }, { ""name"": ""Paul Holmgren"", ""votes"": 131, ""votes_pct"": 20.500000, ""party"": ""R"" }, { ""name"": ""WRITE-IN"", ""votes"": 4, ""votes_pct"": 0.630000, ""party"": ""WI"" } ]"
"620630","4","64",64A,Ramsey,ST. PAUL W-1 P-10,0.55601723475441,DFL,"74.81",74.81,3690.53308375658,"2052","[ { ""name"": ""Erin Murphy"", ""votes"": 1793, ""votes_pct"": 87.380000, ""party"": ""DFL"" }, { ""name"": ""Robert Bushard"", ""votes"": 258, ""votes_pct"": 12.570000, ""party"": ""R"" }, { ""name"": ""WRITE-IN"", ""votes"": 1, ""votes_pct"": 0.050000, ""party"": ""WI"" } ]"
"620640","4","65",65A,Ramsey,ST. PAUL W-1 P-11,0.337473477836223,DFL,"66.31",66.31,1380.84925365943,"466","[ { ""name"": ""Sandy Pappas"", ""votes"": 387, ""votes_pct"": 83.050000, ""party"": ""DFL"" }, { ""name"": ""Paul Holmgren"", ""votes"": 78, ""votes_pct"": 16.740000, ""party"": ""R"" }, { ""name"": ""WRITE-IN"", ""votes"": 1, ""votes_pct"": 0.210000, ""party"": ""WI"" } ]"
"620650","4","65",65A,Ramsey,ST. PAUL W-1 P-12,0.774110135622681,DFL,"45.72",45.72,844.841024428563,"654","[ { ""name"": ""Sandy Pappas"", ""votes"": 475, ""votes_pct"": 72.630000, ""party"": ""DFL"" }, { ""name"": ""Paul Holmgren"", ""votes"": 176, ""votes_pct"": 26.910000, ""party"": ""R"" }, { ""name"": ""WRITE-IN"", ""votes"": 3, ""votes_pct"": 0.460000, ""party"": ""WI"" } ]"
"620660","4","65",65A,Ramsey,ST. PAUL W-1 P-13,0.570933210023748,DFL,"44.36",44.36,1026.38975927784,"586","[ { ""name"": ""Sandy Pappas"", ""votes"": 422, ""votes_pct"": 72.010000, ""party"": ""DFL"" }, { ""name"": ""Paul Holmgren"", ""votes"": 162, ""votes_pct"": 27.650000, ""party"": ""R"" }, { ""name"": ""WRITE-IN"", ""votes"": 2, ""votes_pct"": 0.340000, ""party"": ""WI"" } ]"
"620680","4","65",65B,Ramsey,ST. PAUL W-2 P-01,0.387542820495402,DFL,"67.13",67.13,3563.47718746188,"1381","[ { ""name"": ""Sandy Pappas"", ""votes"": 1153, ""votes_pct"": 83.490000, ""party"": ""DFL"" }, { ""name"": ""Paul Holmgren"", ""votes"": 226, ""votes_pct"": 16.360000, ""party"": ""R"" }, { ""name"": ""WRITE-IN"", ""votes"": 2, ""votes_pct"": 0.140000, ""party"": ""WI"" } ]"
"620690","4","64",64B,Ramsey,ST. PAUL W-2 P-02,0.567154938724803,DFL,"58.32",58.32,2449.06621658456,"1389","[ { ""name"": ""Erin Murphy"", ""votes"": 1098, ""votes_pct"": 79.050000, ""party"": ""DFL"" }, { ""name"": ""Robert Bushard"", ""votes"": 288, ""votes_pct"": 20.730000, ""party"": ""R"" }, { ""name"": ""WRITE-IN"", ""votes"": 3, ""votes_pct"": 0.220000, ""party"": ""WI"" } ]"
"620700","4","65",65B,Ramsey,ST. PAUL W-2 P-03,0.389922564887856,DFL,"63.59",63.59,2444.07501852089,"953","[ { ""name"": ""Sandy Pappas"", ""votes"": 778, ""votes_pct"": 81.640000, ""party"": ""DFL"" }, { ""name"": ""Paul Holmgren"", ""votes"": 172, ""votes_pct"": 18.050000, ""party"": ""R"" }, { ""name"": ""WRITE-IN"", ""votes"": 3, ""votes_pct"": 0.310000, ""party"": ""WI"" } ]"
"620710","4","64",64B,Ramsey,ST. PAUL W-2 P-04,0.5073412111911,DFL,"64.25",64.25,2828.47119127383,"1435","[ { ""name"": ""Erin Murphy"", ""votes"": 1178, ""votes_pct"": 82.090000, ""party"": ""DFL"" }, { ""name"": ""Robert Bushard"", ""votes"": 256, ""votes_pct"": 17.840000, ""party"": ""R"" }, { ""name"": ""WRITE-IN"", ""votes"": 1, ""votes_pct"": 0.070000, ""party"": ""WI"" } ]"
"620720","4","64",64A,Ramsey,ST. PAUL W-2 P-05,0.476663299583328,DFL,"75.51",75.51,4292.33801257302,"2046","[ { ""name"": ""Erin Murphy"", ""votes"": 1794, ""votes_pct"": 87.680000, ""party"": ""DFL"" }, { ""name"": ""Robert Bushard"", ""votes"": 249, ""votes_pct"": 12.170000, ""party"": ""R"" }, { ""name"": ""WRITE-IN"", ""votes"": 3, ""votes_pct"": 0.150000, ""party"": ""WI"" } ]"
"620730","4","64",64A,Ramsey,ST. PAUL W-2 P-06,0.473812903518669,DFL,"71.78",71.78,3769.42034870021,"1786","[ { ""name"": ""Erin Murphy"", ""votes"": 1532, ""votes_pct"": 85.780000, ""party"": ""DFL"" }, { ""name"": ""Robert Bushard"", ""votes"": 250, ""votes_pct"": 14, ""party"": ""R"" }, { ""name"": ""WRITE-IN"", ""votes"": 4, ""votes_pct"": 0.220000, ""party"": ""WI"" } ]"
"620740","4","65",65B,Ramsey,ST. PAUL W-2 P-07,0.545580312816825,DFL,"75.33",75.33,3455.03669343889,"1885","[ { ""name"": ""Sandy Pappas"", ""votes"": 1649, ""votes_pct"": 87.480000, ""party"": ""DFL"" }, { ""name"": ""Paul Holmgren"", ""votes"": 229, ""votes_pct"": 12.150000, ""party"": ""R"" }, { ""name"": ""WRITE-IN"", ""votes"": 7, ""votes_pct"": 0.370000, ""party"": ""WI"" } ]"
"620750","4","65",65B,Ramsey,ST. PAUL W-2 P-08,0.757281937972131,DFL,"61.31",61.31,1986.05027346545,"1504","[ { ""name"": ""Sandy Pappas"", ""votes"": 1212, ""votes_pct"": 80.590000, ""party"": ""DFL"" }, { ""name"": ""Paul Holmgren"", ""votes"": 290, ""votes_pct"": 19.280000, ""party"": ""R"" }, { ""name"": ""WRITE-IN"", ""votes"": 2, ""votes_pct"": 0.130000, ""party"": ""WI"" } ]"
"620760","4","65",65B,Ramsey,ST. PAUL W-2 P-09,1.12489705103233,DFL,"66.52",66.52,1043.65106026601,"1174","[ { ""name"": ""Sandy Pappas"", ""votes"": 976, ""votes_pct"": 83.130000, ""party"": ""DFL"" }, { ""name"": ""Paul Holmgren"", ""votes"": 195, ""votes_pct"": 16.610000, ""party"": ""R"" }, { ""name"": ""WRITE-IN"", ""votes"": 3, ""votes_pct"": 0.260000, ""party"": ""WI"" } ]"
"620770","4","65",65B,Ramsey,ST. PAUL W-2 P-10,2.17573229039295,DFL,"59.78",59.78,369.071141493687,"803","[ { ""name"": ""Sandy Pappas"", ""votes"": 641, ""votes_pct"": 79.830000, ""party"": ""DFL"" }, { ""name"": ""Paul Holmgren"", ""votes"": 161, ""votes_pct"": 20.050000, ""party"": ""R"" }, { ""name"": ""WRITE-IN"", ""votes"": 1, ""votes_pct"": 0.120000, ""party"": ""WI"" } ]"
"620780","4","65",65B,Ramsey,ST. PAUL W-2 P-11,0.90387272844297,DFL,"63.08",63.08,1857.56240581822,"1679","[ { ""name"": ""Sandy Pappas"", ""votes"": 1367, ""votes_pct"": 81.420000, ""party"": ""DFL"" }, { ""name"": ""Paul Holmgren"", ""votes"": 308, ""votes_pct"": 18.340000, ""party"": ""R"" }, { ""name"": ""WRITE-IN"", ""votes"": 4, ""votes_pct"": 0.240000, ""party"": ""WI"" } ]"
"620790","4","65",65B,Ramsey,ST. PAUL W-2 P-12,0.459494498933613,DFL,"64.99",64.99,2293.82506742976,"1054","[ { ""name"": ""Sandy Pappas"", ""votes"": 868, ""votes_pct"": 82.350000, ""party"": ""DFL"" }, { ""name"": ""Paul Holmgren"", ""votes"": 183, ""votes_pct"": 17.360000, ""party"": ""R"" }, { ""name"": ""WRITE-IN"", ""votes"": 3, ""votes_pct"": 0.280000, ""party"": ""WI"" } ]"
"620800","4","65",65B,Ramsey,ST. PAUL W-2 P-13,0.580076772544269,DFL,"65.61",65.61,436.14916503262,"253","[ { ""name"": ""Sandy Pappas"", ""votes"": 209, ""votes_pct"": 82.610000, ""party"": ""DFL"" }, { ""name"": ""Paul Holmgren"", ""votes"": 43, ""votes_pct"": 17, ""party"": ""R"" }, { ""name"": ""WRITE-IN"", ""votes"": 1, ""votes_pct"": 0.400000, ""party"": ""WI"" } ]"
"620840","4","64",64B,Ramsey,ST. PAUL W-3 P-01,0.65149779216951,DFL,"65.95",65.95,3674.60953632383,"2394","[ { ""name"": ""Erin Murphy"", ""votes"": 1984, ""votes_pct"": 82.870000, ""party"": ""DFL"" }, { ""name"": ""Robert Bushard"", ""votes"": 405, ""votes_pct"": 16.920000, ""party"": ""R"" }, { ""name"": ""WRITE-IN"", ""votes"": 5, ""votes_pct"": 0.210000, ""party"": ""WI"" } ]"
"620850","4","64",64B,Ramsey,ST. PAUL W-3 P-02,0.500203344641715,DFL,"63.54",63.54,5681.68931784265,"2842","[ { ""name"": ""Erin Murphy"", ""votes"": 2322, ""votes_pct"": 81.700000, ""party"": ""DFL"" }, { ""name"": ""Robert Bushard"", ""votes"": 516, ""votes_pct"": 18.160000, ""party"": ""R"" }, { ""name"": ""WRITE-IN"", ""votes"": 4, ""votes_pct"": 0.140000, ""party"": ""WI"" } ]"
"620860","4","64",64B,Ramsey,ST. PAUL W-3 P-03,0.751433066303634,DFL,"66.02",66.02,2251.69755747255,"1692","[ { ""name"": ""Erin Murphy"", ""votes"": 1404, ""votes_pct"": 82.980000, ""party"": ""DFL"" }, { ""name"": ""Robert Bushard"", ""votes"": 287, ""votes_pct"": 16.960000, ""party"": ""R"" }, { ""name"": ""WRITE-IN"", ""votes"": 1, ""votes_pct"": 0.060000, ""party"": ""WI"" } ]"
"620870","4","64",64B,Ramsey,ST. PAUL W-3 P-04,0.687118521946428,DFL,"66.46",66.46,3536.50778197107,"2430","[ { ""name"": ""Erin Murphy"", ""votes"": 2022, ""votes_pct"": 83.210000, ""party"": ""DFL"" }, { ""name"": ""Robert Bushard"", ""votes"": 407, ""votes_pct"": 16.750000, ""party"": ""R"" }, { ""name"": ""WRITE-IN"", ""votes"": 1, ""votes_pct"": 0.040000, ""party"": ""WI"" } ]"
"620880","4","64",64B,Ramsey,ST. PAUL W-3 P-05,0.446512219529805,DFL,"61.52",61.52,3079.42300313288,"1375","[ { ""name"": ""Erin Murphy"", ""votes"": 1109, ""votes_pct"": 80.650000, ""party"": ""DFL"" }, { ""name"": ""Robert Bushard"", ""votes"": 263, ""votes_pct"": 19.130000, ""party"": ""R"" }, { ""name"": ""WRITE-IN"", ""votes"": 3, ""votes_pct"": 0.220000, ""party"": ""WI"" } ]"
"620890","4","64",64B,Ramsey,ST. PAUL W-3 P-06,0.709983868166001,DFL,"61.05",61.05,2574.70638695216,"1828","[ { ""name"": ""Erin Murphy"", ""votes"": 1470, ""votes_pct"": 80.420000, ""party"": ""DFL"" }, { ""name"": ""Robert Bushard"", ""votes"": 354, ""votes_pct"": 19.370000, ""party"": ""R"" }, { ""name"": ""WRITE-IN"", ""votes"": 4, ""votes_pct"": 0.220000, ""party"": ""WI"" } ]"
"620900","4","64",64A,Ramsey,ST. PAUL W-3 P-07,0.283382950878156,DFL,"86.74",86.74,4336.88757983336,"1229","[ { ""name"": ""Erin Murphy"", ""votes"": 1146, ""votes_pct"": 93.250000, ""party"": ""DFL"" }, { ""name"": ""Robert Bushard"", ""votes"": 80, ""votes_pct"": 6.510000, ""party"": ""R"" }, { ""name"": ""WRITE-IN"", ""votes"": 3, ""votes_pct"": 0.240000, ""party"": ""WI"" } ]"
"620910","4","64",64A,Ramsey,ST. PAUL W-3 P-08,0.243703960691548,DFL,"80.10",80.1,4948.62700047133,"1206","[ { ""name"": ""Erin Murphy"", ""votes"": 1085, ""votes_pct"": 89.970000, ""party"": ""DFL"" }, { ""name"": ""Robert Bushard"", ""votes"": 119, ""votes_pct"": 9.870000, ""party"": ""R"" }, { ""name"": ""WRITE-IN"", ""votes"": 2, ""votes_pct"": 0.170000, ""party"": ""WI"" } ]"
"620920","4","64",64B,Ramsey,ST. PAUL W-3 P-09,0.500195715301854,DFL,"74.25",74.25,4876.09134861967,"2439","[ { ""name"": ""Erin Murphy"", ""votes"": 2124, ""votes_pct"": 87.080000, ""party"": ""DFL"" }, { ""name"": ""Robert Bushard"", ""votes"": 313, ""votes_pct"": 12.830000, ""party"": ""R"" }, { ""name"": ""WRITE-IN"", ""votes"": 2, ""votes_pct"": 0.080000, ""party"": ""WI"" } ]"
"620930","4","64",64B,Ramsey,ST. PAUL W-3 P-10,1.19475688747358,DFL,"60.63",60.63,1940.98064996615,"2319","[ { ""name"": ""Erin Murphy"", ""votes"": 1860, ""votes_pct"": 80.210000, ""party"": ""DFL"" }, { ""name"": ""Robert Bushard"", ""votes"": 454, ""votes_pct"": 19.580000, ""party"": ""R"" }, { ""name"": ""WRITE-IN"", ""votes"": 5, ""votes_pct"": 0.220000, ""party"": ""WI"" } ]"
"620940","4","64",64B,Ramsey,ST. PAUL W-3 P-11,1.81828222640321,DFL,"64.01",64.01,800.755778645072,"1456","[ { ""name"": ""Erin Murphy"", ""votes"": 1193, ""votes_pct"": 81.940000, ""party"": ""DFL"" }, { ""name"": ""Robert Bushard"", ""votes"": 261, ""votes_pct"": 17.930000, ""party"": ""R"" }, { ""name"": ""WRITE-IN"", ""votes"": 2, ""votes_pct"": 0.140000, ""party"": ""WI"" } ]"
"620950","4","64",64B,Ramsey,ST. PAUL W-3 P-12,0.512807560334784,DFL,"59.92",59.92,973.074577282422,"499","[ { ""name"": ""Erin Murphy"", ""votes"": 399, ""votes_pct"": 79.960000, ""party"": ""DFL"" }, { ""name"": ""Robert Bushard"", ""votes"": 100, ""votes_pct"": 20.040000, ""party"": ""R"" }, { ""name"": ""WRITE-IN"", ""votes"": 0, ""votes_pct"": 0, ""party"": ""WI"" } ]"
"620960","4","64",64A,Ramsey,ST. PAUL W-3 P-13,0.41090163539139,DFL,"73.28",73.28,4599.64097782124,"1890","[ { ""name"": ""Erin Murphy"", ""votes"": 1636, ""votes_pct"": 86.560000, ""party"": ""DFL"" }, { ""name"": ""Robert Bushard"", ""votes"": 251, ""votes_pct"": 13.280000, ""party"": ""R"" }, { ""name"": ""WRITE-IN"", ""votes"": 3, ""votes_pct"": 0.160000, ""party"": ""WI"" } ]"
"621000","4","66",66A,Ramsey,ST. PAUL W-4 P-01,0.349983609449631,DFL,"86.09",86.09,3325.87003668673,"1164","[ { ""name"": ""Clare Oumou Verbeten"", ""votes"": 1072, ""votes_pct"": 92.100000, ""party"": ""DFL"" }, { ""name"": ""Mikki M Murray"", ""votes"": 70, ""votes_pct"": 6.010000, ""party"": ""R"" }, { ""name"": ""Jeremy J. Peichel"", ""votes"": 21, ""votes_pct"": 1.800000, ""party"": ""LIB"" }, { ""name"": ""WRITE-IN"", ""votes"": 1, ""votes_pct"": 0.090000, ""party"": ""WI"" } ]"
"621010","4","66",66A,Ramsey,ST. PAUL W-4 P-02,1.05756827802526,DFL,"77.74",77.74,1244.36410144345,"1316","[ { ""name"": ""Clare Oumou Verbeten"", ""votes"": 1149, ""votes_pct"": 87.310000, ""party"": ""DFL"" }, { ""name"": ""Mikki M Murray"", ""votes"": 126, ""votes_pct"": 9.570000, ""party"": ""R"" }, { ""name"": ""Jeremy J. Peichel"", ""votes"": 39, ""votes_pct"": 2.960000, ""party"": ""LIB"" }, { ""name"": ""WRITE-IN"", ""votes"": 2, ""votes_pct"": 0.150000, ""party"": ""WI"" } ]"
"621020","4","66",66A,Ramsey,ST. PAUL W-4 P-03,0.971643066668703,DFL,"83.17",83.17,1822.68577912248,"1771","[ { ""name"": ""Clare Oumou Verbeten"", ""votes"": 1595, ""votes_pct"": 90.060000, ""party"": ""DFL"" }, { ""name"": ""Mikki M Murray"", ""votes"": 122, ""votes_pct"": 6.890000, ""party"": ""R"" }, { ""name"": ""Jeremy J. Peichel"", ""votes"": 53, ""votes_pct"": 2.990000, ""party"": ""LIB"" }, { ""name"": ""WRITE-IN"", ""votes"": 1, ""votes_pct"": 0.060000, ""party"": ""WI"" } ]"
"621030","4","64",64A,Ramsey,ST. PAUL W-4 P-04,0.843332992056126,DFL,"71.65",71.65,2045.45537320233,"1725","[ { ""name"": ""Erin Murphy"", ""votes"": 1478, ""votes_pct"": 85.680000, ""party"": ""DFL"" }, { ""name"": ""Robert Bushard"", ""votes"": 242, ""votes_pct"": 14.030000, ""party"": ""R"" }, { ""name"": ""WRITE-IN"", ""votes"": 5, ""votes_pct"": 0.290000, ""party"": ""WI"" } ]"
"621040","4","64",64A,Ramsey,ST. PAUL W-4 P-05,0.492724817062335,DFL,"49.38",49.38,2946.87815535037,"1452","[ { ""name"": ""Erin Murphy"", ""votes"": 1084, ""votes_pct"": 74.660000, ""party"": ""DFL"" }, { ""name"": ""Robert Bushard"", ""votes"": 367, ""votes_pct"": 25.280000, ""party"": ""R"" }, { ""name"": ""WRITE-IN"", ""votes"": 1, ""votes_pct"": 0.070000, ""party"": ""WI"" } ]"
"621050","4","64",64A,Ramsey,ST. PAUL W-4 P-06,0.376245842775403,DFL,"73.67",73.67,5118.99343735663,"1926","[ { ""name"": ""Erin Murphy"", ""votes"": 1672, ""votes_pct"": 86.810000, ""party"": ""DFL"" }, { ""name"": ""Robert Bushard"", ""votes"": 253, ""votes_pct"": 13.140000, ""party"": ""R"" }, { ""name"": ""WRITE-IN"", ""votes"": 1, ""votes_pct"": 0.050000, ""party"": ""WI"" } ]"
"621060","4","65",65A,Ramsey,ST. PAUL W-4 P-07,0.498139736234283,DFL,"77.39",77.39,4358.21485836846,"2171","[ { ""name"": ""Sandy Pappas"", ""votes"": 1923, ""votes_pct"": 88.580000, ""party"": ""DFL"" }, { ""name"": ""Paul Holmgren"", ""votes"": 243, ""votes_pct"": 11.190000, ""party"": ""R"" }, { ""name"": ""WRITE-IN"", ""votes"": 5, ""votes_pct"": 0.230000, ""party"": ""WI"" } ]"
"621070","4","66",66A,Ramsey,ST. PAUL W-4 P-08,1.0474812035525,DFL,"74.95",74.95,1867.33661030507,"1956","[ { ""name"": ""Clare Oumou Verbeten"", ""votes"": 1680, ""votes_pct"": 85.890000, ""party"": ""DFL"" }, { ""name"": ""Mikki M Murray"", ""votes"": 214, ""votes_pct"": 10.940000, ""party"": ""R"" }, { ""name"": ""Jeremy J. Peichel"", ""votes"": 59, ""votes_pct"": 3.020000, ""party"": ""LIB"" }, { ""name"": ""WRITE-IN"", ""votes"": 3, ""votes_pct"": 0.150000, ""party"": ""WI"" } ]"
"621080","4","66",66A,Ramsey,ST. PAUL W-4 P-09,0.386863391074446,DFL,"69.12",69.12,2000.70623857778,"774","[ { ""name"": ""Clare Oumou Verbeten"", ""votes"": 647, ""votes_pct"": 83.590000, ""party"": ""DFL"" }, { ""name"": ""Mikki M Murray"", ""votes"": 112, ""votes_pct"": 14.470000, ""party"": ""R"" }, { ""name"": ""Jeremy J. Peichel"", ""votes"": 14, ""votes_pct"": 1.810000, ""party"": ""LIB"" }, { ""name"": ""WRITE-IN"", ""votes"": 1, ""votes_pct"": 0.130000, ""party"": ""WI"" } ]"
"621090","4","66",66A,Ramsey,ST. PAUL W-4 P-10,0.601013712599586,DFL,"77.72",77.72,1605.62060360662,"965","[ { ""name"": ""Clare Oumou Verbeten"", ""votes"": 843, ""votes_pct"": 87.360000, ""party"": ""DFL"" }, { ""name"": ""Mikki M Murray"", ""votes"": 93, ""votes_pct"": 9.640000, ""party"": ""R"" }, { ""name"": ""Jeremy J. Peichel"", ""votes"": 28, ""votes_pct"": 2.900000, ""party"": ""LIB"" }, { ""name"": ""WRITE-IN"", ""votes"": 1, ""votes_pct"": 0.100000, ""party"": ""WI"" } ]"
"621100","4","66",66A,Ramsey,ST. PAUL W-4 P-11,0.408112167219471,DFL,"67.29",67.29,2599.77546670258,"1061","[ { ""name"": ""Clare Oumou Verbeten"", ""votes"": 866, ""votes_pct"": 81.620000, ""party"": ""DFL"" }, { ""name"": ""Mikki M Murray"", ""votes"": 152, ""votes_pct"": 14.330000, ""party"": ""R"" }, { ""name"": ""Jeremy J. Peichel"", ""votes"": 40, ""votes_pct"": 3.770000, ""party"": ""LIB"" }, { ""name"": ""WRITE-IN"", ""votes"": 3, ""votes_pct"": 0.280000, ""party"": ""WI"" } ]"
"621110","4","64",64A,Ramsey,ST. PAUL W-4 P-12,0.454874225133042,DFL,"61.24",61.24,4157.1931217842,"1891","[ { ""name"": ""Erin Murphy"", ""votes"": 1523, ""votes_pct"": 80.540000, ""party"": ""DFL"" }, { ""name"": ""Robert Bushard"", ""votes"": 365, ""votes_pct"": 19.300000, ""party"": ""R"" }, { ""name"": ""WRITE-IN"", ""votes"": 3, ""votes_pct"": 0.160000, ""party"": ""WI"" } ]"
"621120","4","66",66A,Ramsey,ST. PAUL W-4 P-13,0.374916764608343,DFL,"60.55",60.55,4841.07452995878,"1815","[ { ""name"": ""Clare Oumou Verbeten"", ""votes"": 1430, ""votes_pct"": 78.790000, ""party"": ""DFL"" }, { ""name"": ""Mikki M Murray"", ""votes"": 331, ""votes_pct"": 18.240000, ""party"": ""R"" }, { ""name"": ""Jeremy J. Peichel"", ""votes"": 52, ""votes_pct"": 2.870000, ""party"": ""LIB"" }, { ""name"": ""WRITE-IN"", ""votes"": 2, ""votes_pct"": 0.110000, ""party"": ""WI"" } ]"
"621160","4","66",66B,Ramsey,ST. PAUL W-5 P-01,0.569163289419153,DFL,"57.35",57.35,3942.62954360613,"2244","[ { ""name"": ""Clare Oumou Verbeten"", ""votes"": 1723, ""votes_pct"": 76.780000, ""party"": ""DFL"" }, { ""name"": ""Mikki M Murray"", ""votes"": 436, ""votes_pct"": 19.430000, ""party"": ""R"" }, { ""name"": ""Jeremy J. Peichel"", ""votes"": 84, ""votes_pct"": 3.740000, ""party"": ""LIB"" }, { ""name"": ""WRITE-IN"", ""votes"": 1, ""votes_pct"": 0.040000, ""party"": ""WI"" } ]"
"621170","4","66",66B,Ramsey,ST. PAUL W-5 P-02,0.304083519241659,DFL,"62.66",62.66,3452.99871107303,"1050","[ { ""name"": ""Clare Oumou Verbeten"", ""votes"": 833, ""votes_pct"": 79.330000, ""party"": ""DFL"" }, { ""name"": ""Mikki M Murray"", ""votes"": 175, ""votes_pct"": 16.670000, ""party"": ""R"" }, { ""name"": ""Jeremy J. Peichel"", ""votes"": 42, ""votes_pct"": 4, ""party"": ""LIB"" }, { ""name"": ""WRITE-IN"", ""votes"": 0, ""votes_pct"": 0, ""party"": ""WI"" } ]"
"621180","4","66",66B,Ramsey,ST. PAUL W-5 P-03,0.898476190623297,DFL,"67.37",67.37,2165.88933608804,"1946","[ { ""name"": ""Clare Oumou Verbeten"", ""votes"": 1591, ""votes_pct"": 81.760000, ""party"": ""DFL"" }, { ""name"": ""Mikki M Murray"", ""votes"": 280, ""votes_pct"": 14.390000, ""party"": ""R"" }, { ""name"": ""Jeremy J. Peichel"", ""votes"": 73, ""votes_pct"": 3.750000, ""party"": ""LIB"" }, { ""name"": ""WRITE-IN"", ""votes"": 2, ""votes_pct"": 0.100000, ""party"": ""WI"" } ]"
"621190","4","66",66B,Ramsey,ST. PAUL W-5 P-04,0.993153959748522,DFL,"54.37",54.37,1875.84209045668,"1863","[ { ""name"": ""Clare Oumou Verbeten"", ""votes"": 1401, ""votes_pct"": 75.200000, ""party"": ""DFL"" }, { ""name"": ""Mikki M Murray"", ""votes"": 388, ""votes_pct"": 20.830000, ""party"": ""R"" }, { ""name"": ""Jeremy J. Peichel"", ""votes"": 72, ""votes_pct"": 3.860000, ""party"": ""LIB"" }, { ""name"": ""WRITE-IN"", ""votes"": 2, ""votes_pct"": 0.110000, ""party"": ""WI"" } ]"
"621200","4","66",66B,Ramsey,ST. PAUL W-5 P-05,0.836960193641286,DFL,"45.91",45.91,788.567968959908,"660","[ { ""name"": ""Clare Oumou Verbeten"", ""votes"": 467, ""votes_pct"": 70.760000, ""party"": ""DFL"" }, { ""name"": ""Mikki M Murray"", ""votes"": 164, ""votes_pct"": 24.850000, ""party"": ""R"" }, { ""name"": ""Jeremy J. Peichel"", ""votes"": 28, ""votes_pct"": 4.240000, ""party"": ""LIB"" }, { ""name"": ""WRITE-IN"", ""votes"": 1, ""votes_pct"": 0.150000, ""party"": ""WI"" } ]"
"621210","4","65",65A,Ramsey,ST. PAUL W-5 P-06,0.69993515477457,DFL,"44.58",44.58,1663.01119762286,"1164","[ { ""name"": ""Sandy Pappas"", ""votes"": 840, ""votes_pct"": 72.160000, ""party"": ""DFL"" }, { ""name"": ""Paul Holmgren"", ""votes"": 321, ""votes_pct"": 27.580000, ""party"": ""R"" }, { ""name"": ""WRITE-IN"", ""votes"": 3, ""votes_pct"": 0.260000, ""party"": ""WI"" } ]"
"621220","4","66",66B,Ramsey,ST. PAUL W-5 P-07,0.568293401119158,DFL,"42.10",42.1,2048.2377548423,"1164","[ { ""name"": ""Clare Oumou Verbeten"", ""votes"": 797, ""votes_pct"": 68.470000, ""party"": ""DFL"" }, { ""name"": ""Mikki M Murray"", ""votes"": 307, ""votes_pct"": 26.370000, ""party"": ""R"" }, { ""name"": ""Jeremy J. Peichel"", ""votes"": 59, ""votes_pct"": 5.070000, ""party"": ""LIB"" }, { ""name"": ""WRITE-IN"", ""votes"": 1, ""votes_pct"": 0.090000, ""party"": ""WI"" } ]"
"621230","4","66",66B,Ramsey,ST. PAUL W-5 P-08,0.496607892368445,DFL,"45.40",45.4,1818.33598272748,"903","[ { ""name"": ""Clare Oumou Verbeten"", ""votes"": 637, ""votes_pct"": 70.540000, ""party"": ""DFL"" }, { ""name"": ""Mikki M Murray"", ""votes"": 227, ""votes_pct"": 25.140000, ""party"": ""R"" }, { ""name"": ""Jeremy J. Peichel"", ""votes"": 39, ""votes_pct"": 4.320000, ""party"": ""LIB"" }, { ""name"": ""WRITE-IN"", ""votes"": 0, ""votes_pct"": 0, ""party"": ""WI"" } ]"
"621240","4","66",66B,Ramsey,ST. PAUL W-5 P-09,0.504323309788155,DFL,"47.62",47.62,1415.75847505427,"714","[ { ""name"": ""Clare Oumou Verbeten"", ""votes"": 514, ""votes_pct"": 71.990000, ""party"": ""DFL"" }, { ""name"": ""Mikki M Murray"", ""votes"": 174, ""votes_pct"": 24.370000, ""party"": ""R"" }, { ""name"": ""Jeremy J. Peichel"", ""votes"": 26, ""votes_pct"": 3.640000, ""party"": ""LIB"" }, { ""name"": ""WRITE-IN"", ""votes"": 0, ""votes_pct"": 0, ""party"": ""WI"" } ]"
"621250","4","66",66A,Ramsey,ST. PAUL W-5 P-10,0.440639254503162,DFL,"63.43",63.43,887.347180270781,"391","[ { ""name"": ""Clare Oumou Verbeten"", ""votes"": 311, ""votes_pct"": 79.540000, ""party"": ""DFL"" }, { ""name"": ""Mikki M Murray"", ""votes"": 63, ""votes_pct"": 16.110000, ""party"": ""R"" }, { ""name"": ""Jeremy J. Peichel"", ""votes"": 17, ""votes_pct"": 4.350000, ""party"": ""LIB"" }, { ""name"": ""WRITE-IN"", ""votes"": 0, ""votes_pct"": 0, ""party"": ""WI"" } ]"
"621290","4","67",67A,Ramsey,ST. PAUL W-6 P-01,0.536220929075832,DFL,"95.60",95.6,1186.07828511307,"636","[ { ""name"": ""Foung Hawj"", ""votes"": 622, ""votes_pct"": 97.800000, ""party"": ""DFL"" }, { ""name"": ""WRITE-IN"", ""votes"": 14, ""votes_pct"": 2.200000, ""party"": ""WI"" } ]"
"621300","4","67",67A,Ramsey,ST. PAUL W-6 P-02,1.05918657285484,DFL,"96.32",96.32,977.164955188538,"1035","[ { ""name"": ""Foung Hawj"", ""votes"": 1016, ""votes_pct"": 98.160000, ""party"": ""DFL"" }, { ""name"": ""WRITE-IN"", ""votes"": 19, ""votes_pct"": 1.840000, ""party"": ""WI"" } ]"
"621310","4","67",67A,Ramsey,ST. PAUL W-6 P-03,0.374182789443477,DFL,"93.75",93.75,1710.39400543214,"640","[ { ""name"": ""Foung Hawj"", ""votes"": 620, ""votes_pct"": 96.880000, ""party"": ""DFL"" }, { ""name"": ""WRITE-IN"", ""votes"": 20, ""votes_pct"": 3.130000, ""party"": ""WI"" } ]"
"621320","4","67",67A,Ramsey,ST. PAUL W-6 P-04,0.373128232932012,DFL,"99.64",99.64,1484.74425439939,"554","[ { ""name"": ""Foung Hawj"", ""votes"": 553, ""votes_pct"": 99.820000, ""party"": ""DFL"" }, { ""name"": ""WRITE-IN"", ""votes"": 1, ""votes_pct"": 0.180000, ""party"": ""WI"" } ]"
"621330","4","67",67A,Ramsey,ST. PAUL W-6 P-05,0.52795426899501,DFL,"94.10",94.1,1348.60165323662,"712","[ { ""name"": ""Foung Hawj"", ""votes"": 691, ""votes_pct"": 97.050000, ""party"": ""DFL"" }, { ""name"": ""WRITE-IN"", ""votes"": 21, ""votes_pct"": 2.950000, ""party"": ""WI"" } ]"
"621340","4","66",66B,Ramsey,ST. PAUL W-6 P-06,0.309986437944912,DFL,"46.65",46.65,1922.66475898509,"596","[ { ""name"": ""Clare Oumou Verbeten"", ""votes"": 421, ""votes_pct"": 70.640000, ""party"": ""DFL"" }, { ""name"": ""Mikki M Murray"", ""votes"": 143, ""votes_pct"": 23.990000, ""party"": ""R"" }, { ""name"": ""Jeremy J. Peichel"", ""votes"": 32, ""votes_pct"": 5.370000, ""party"": ""LIB"" }, { ""name"": ""WRITE-IN"", ""votes"": 0, ""votes_pct"": 0, ""party"": ""WI"" } ]"
"621350","4","67",67A,Ramsey,ST. PAUL W-6 P-07,0.496287714688623,DFL,"95.84",95.84,872.477772841243,"433","[ { ""name"": ""Foung Hawj"", ""votes"": 424, ""votes_pct"": 97.920000, ""party"": ""DFL"" }, { ""name"": ""WRITE-IN"", ""votes"": 9, ""votes_pct"": 2.080000, ""party"": ""WI"" } ]"
"621360","4","67",67A,Ramsey,ST. PAUL W-6 P-08,0.46374351316722,DFL,"97.64",97.64,1276.56772157702,"592","[ { ""name"": ""Foung Hawj"", ""votes"": 585, ""votes_pct"": 98.820000, ""party"": ""DFL"" }, { ""name"": ""WRITE-IN"", ""votes"": 7, ""votes_pct"": 1.180000, ""party"": ""WI"" } ]"
"621370","4","67",67A,Ramsey,ST. PAUL W-6 P-09,0.661856822212014,DFL,"87.50",87.5,797.755620672389,"528","[ { ""name"": ""Foung Hawj"", ""votes"": 495, ""votes_pct"": 93.750000, ""party"": ""DFL"" }, { ""name"": ""WRITE-IN"", ""votes"": 33, ""votes_pct"": 6.250000, ""party"": ""WI"" } ]"
"621380","4","67",67A,Ramsey,ST. PAUL W-6 P-10,0.435827019624282,DFL,"92.12",92.12,1629.08669731417,"710","[ { ""name"": ""Foung Hawj"", ""votes"": 682, ""votes_pct"": 96.060000, ""party"": ""DFL"" }, { ""name"": ""WRITE-IN"", ""votes"": 28, ""votes_pct"": 3.940000, ""party"": ""WI"" } ]"
"621390","4","67",67A,Ramsey,ST. PAUL W-6 P-11,0.683295656506749,DFL,"91.78",91.78,1103.47547627438,"754","[ { ""name"": ""Foung Hawj"", ""votes"": 723, ""votes_pct"": 95.890000, ""party"": ""DFL"" }, { ""name"": ""WRITE-IN"", ""votes"": 31, ""votes_pct"": 4.110000, ""party"": ""WI"" } ]"
"621430","4","67",67B,Ramsey,ST. PAUL W-7 P-01,0.467198204087043,DFL,"95.12",95.12,1318.49821898124,"616","[ { ""name"": ""Foung Hawj"", ""votes"": 601, ""votes_pct"": 97.560000, ""party"": ""DFL"" }, { ""name"": ""WRITE-IN"", ""votes"": 15, ""votes_pct"": 2.440000, ""party"": ""WI"" } ]"
"621440","4","67",67A,Ramsey,ST. PAUL W-7 P-02,0.211299380810446,DFL,"91.90",91.9,1400.85597442208,"296","[ { ""name"": ""Foung Hawj"", ""votes"": 284, ""votes_pct"": 95.950000, ""party"": ""DFL"" }, { ""name"": ""WRITE-IN"", ""votes"": 12, ""votes_pct"": 4.050000, ""party"": ""WI"" } ]"
"621450","4","67",67B,Ramsey,ST. PAUL W-7 P-03,0.320599103126445,DFL,"90.20",90.2,1846.54290740955,"592","[ { ""name"": ""Foung Hawj"", ""votes"": 563, ""votes_pct"": 95.100000, ""party"": ""DFL"" }, { ""name"": ""WRITE-IN"", ""votes"": 29, ""votes_pct"": 4.900000, ""party"": ""WI"" } ]"
"621460","4","67",67B,Ramsey,ST. PAUL W-7 P-04,0.336628478939524,DFL,"92.94",92.94,1767.52722132845,"595","[ { ""name"": ""Foung Hawj"", ""votes"": 574, ""votes_pct"": 96.470000, ""party"": ""DFL"" }, { ""name"": ""WRITE-IN"", ""votes"": 21, ""votes_pct"": 3.530000, ""party"": ""WI"" } ]"
"621470","4","67",67B,Ramsey,ST. PAUL W-7 P-05,5.48306037739746,DFL,"92.76",92.76,130.948767764764,"718","[ { ""name"": ""Foung Hawj"", ""votes"": 692, ""votes_pct"": 96.380000, ""party"": ""DFL"" }, { ""name"": ""WRITE-IN"", ""votes"": 26, ""votes_pct"": 3.620000, ""party"": ""WI"" } ]"
"621480","4","67",67B,Ramsey,ST. PAUL W-7 P-06,0.440537690523645,DFL,"93.48",93.48,1393.75134797245,"614","[ { ""name"": ""Foung Hawj"", ""votes"": 594, ""votes_pct"": 96.740000, ""party"": ""DFL"" }, { ""name"": ""WRITE-IN"", ""votes"": 20, ""votes_pct"": 3.260000, ""party"": ""WI"" } ]"
"621490","4","67",67B,Ramsey,ST. PAUL W-7 P-07,0.348636995644123,DFL,"94.88",94.88,1454.23465190002,"507","[ { ""name"": ""Foung Hawj"", ""votes"": 494, ""votes_pct"": 97.440000, ""party"": ""DFL"" }, { ""name"": ""WRITE-IN"", ""votes"": 13, ""votes_pct"": 2.560000, ""party"": ""WI"" } ]"
"621500","4","67",67B,Ramsey,ST. PAUL W-7 P-08,0.715883951960892,DFL,"94.62",94.62,1195.72452721606,"856","[ { ""name"": ""Foung Hawj"", ""votes"": 833, ""votes_pct"": 97.310000, ""party"": ""DFL"" }, { ""name"": ""WRITE-IN"", ""votes"": 23, ""votes_pct"": 2.690000, ""party"": ""WI"" } ]"
"621510","4","67",67B,Ramsey,ST. PAUL W-7 P-09,0.379287331692598,DFL,"91.02",91.02,1703.19424357565,"646","[ { ""name"": ""Foung Hawj"", ""votes"": 617, ""votes_pct"": 95.510000, ""party"": ""DFL"" }, { ""name"": ""WRITE-IN"", ""votes"": 29, ""votes_pct"": 4.490000, ""party"": ""WI"" } ]"
"621520","4","67",67B,Ramsey,ST. PAUL W-7 P-10,0.4784668365906,DFL,"89.98",89.98,1417.02610954441,"678","[ { ""name"": ""Foung Hawj"", ""votes"": 644, ""votes_pct"": 94.990000, ""party"": ""DFL"" }, { ""name"": ""WRITE-IN"", ""votes"": 34, ""votes_pct"": 5.010000, ""party"": ""WI"" } ]"
"621530","4","67",67B,Ramsey,ST. PAUL W-7 P-11,0.329843456093666,DFL,"95.02",95.02,1218.75996801902,"402","[ { ""name"": ""Foung Hawj"", ""votes"": 392, ""votes_pct"": 97.510000, ""party"": ""DFL"" }, { ""name"": ""WRITE-IN"", ""votes"": 10, ""votes_pct"": 2.490000, ""party"": ""WI"" } ]"
"621540","4","67",67B,Ramsey,ST. PAUL W-7 P-12,1.31829352843488,DFL,"95.34",95.34,814.689579243467,"1074","[ { ""name"": ""Foung Hawj"", ""votes"": 1049, ""votes_pct"": 97.670000, ""party"": ""DFL"" }, { ""name"": ""WRITE-IN"", ""votes"": 25, ""votes_pct"": 2.330000, ""party"": ""WI"" } ]"
"621550","4","67",67B,Ramsey,ST. PAUL W-7 P-13,1.33218223559636,DFL,"89.74",89.74,746.894811695628,"995","[ { ""name"": ""Foung Hawj"", ""votes"": 944, ""votes_pct"": 94.870000, ""party"": ""DFL"" }, { ""name"": ""WRITE-IN"", ""votes"": 51, ""votes_pct"": 5.130000, ""party"": ""WI"" } ]"
"621580","4","40",40B,Ramsey,SHOREVIEW P-1,0.966928438429668,DFL,"39.24",39.24,1130.38354914359,"1093","[ { ""name"": ""John Marty"", ""votes"": 761, ""votes_pct"": 69.620000, ""party"": ""DFL"" }, { ""name"": ""Rachel Japuntich"", ""votes"": 332, ""votes_pct"": 30.380000, ""party"": ""R"" }, { ""name"": ""WRITE-IN"", ""votes"": 0, ""votes_pct"": 0, ""party"": ""WI"" } ]"
"621600","4","40",40B,Ramsey,SHOREVIEW P-2,2.35774101045354,DFL,"26.12",26.12,706.608568376864,"1666","[ { ""name"": ""John Marty"", ""votes"": 1048, ""votes_pct"": 62.910000, ""party"": ""DFL"" }, { ""name"": ""Rachel Japuntich"", ""votes"": 613, ""votes_pct"": 36.790000, ""party"": ""R"" }, { ""name"": ""WRITE-IN"", ""votes"": 5, ""votes_pct"": 0.300000, ""party"": ""WI"" } ]"
"621610","4","40",40B,Ramsey,SHOREVIEW P-3,1.42234451491275,DFL,"25.42",25.42,1614.93926114019,"2297","[ { ""name"": ""John Marty"", ""votes"": 1440, ""votes_pct"": 62.690000, ""party"": ""DFL"" }, { ""name"": ""Rachel Japuntich"", ""votes"": 856, ""votes_pct"": 37.270000, ""party"": ""R"" }, { ""name"": ""WRITE-IN"", ""votes"": 1, ""votes_pct"": 0.040000, ""party"": ""WI"" } ]"
"621620","4","40",40B,Ramsey,SHOREVIEW P-4,1.94114113169477,DFL,"27.43",27.43,1423.389549006,"2763","[ { ""name"": ""John Marty"", ""votes"": 1759, ""votes_pct"": 63.660000, ""party"": ""DFL"" }, { ""name"": ""Rachel Japuntich"", ""votes"": 1001, ""votes_pct"": 36.230000, ""party"": ""R"" }, { ""name"": ""WRITE-IN"", ""votes"": 3, ""votes_pct"": 0.110000, ""party"": ""WI"" } ]"
"621630","4","40",40A,Ramsey,SHOREVIEW P-5,0.544516972494066,DFL,"14.26",14.26,1919.13209833214,"1045","[ { ""name"": ""John Marty"", ""votes"": 597, ""votes_pct"": 57.130000, ""party"": ""DFL"" }, { ""name"": ""Rachel Japuntich"", ""votes"": 448, ""votes_pct"": 42.870000, ""party"": ""R"" }, { ""name"": ""WRITE-IN"", ""votes"": 0, ""votes_pct"": 0, ""party"": ""WI"" } ]"
"621640","4","40",40A,Ramsey,SHOREVIEW P-6,3.25189628696146,DFL,"20.81",20.81,989.883967980971,"3219","[ { ""name"": ""John Marty"", ""votes"": 1944, ""votes_pct"": 60.390000, ""party"": ""DFL"" }, { ""name"": ""Rachel Japuntich"", ""votes"": 1274, ""votes_pct"": 39.580000, ""party"": ""R"" }, { ""name"": ""WRITE-IN"", ""votes"": 1, ""votes_pct"": 0.030000, ""party"": ""WI"" } ]"
"621645","4","40",40A,Ramsey,SHOREVIEW P-7,2.15323407559775,DFL,"17.70",17.7,1015.68149268345,"2187","[ { ""name"": ""John Marty"", ""votes"": 1285, ""votes_pct"": 58.760000, ""party"": ""DFL"" }, { ""name"": ""Rachel Japuntich"", ""votes"": 898, ""votes_pct"": 41.060000, ""party"": ""R"" }, { ""name"": ""WRITE-IN"", ""votes"": 4, ""votes_pct"": 0.180000, ""party"": ""WI"" } ]"
"621650","4","39",39A,Ramsey,SPRING LAKE PARK P-1R,0.0457503000496542,even,"0.00",0,1049.17344690426,"48","[ { ""name"": ""Pam Wolf"", ""votes"": 24, ""votes_pct"": 50, ""party"": ""R"" }, { ""name"": ""Mary K Kunesh"", ""votes"": 24, ""votes_pct"": 50, ""party"": ""DFL"" }, { ""name"": ""WRITE-IN"", ""votes"": 0, ""votes_pct"": 0, ""party"": ""WI"" } ]"
"621660","4","36",36B,Ramsey,VADNAIS HEIGHTS P-1,1.62108080422259,DFL,"10.57",10.57,869.790078524914,"1410","[ { ""name"": ""Heather Gustafson"", ""votes"": 778, ""votes_pct"": 55.180000, ""party"": ""DFL"" }, { ""name"": ""Roger Chamberlain"", ""votes"": 629, ""votes_pct"": 44.610000, ""party"": ""R"" }, { ""name"": ""WRITE-IN"", ""votes"": 3, ""votes_pct"": 0.210000, ""party"": ""WI"" } ]"
"621670","4","36",36B,Ramsey,VADNAIS HEIGHTS P-2,1.36692585537394,DFL,"18.72",18.72,1472.64754125916,"2013","[ { ""name"": ""Heather Gustafson"", ""votes"": 1195, ""votes_pct"": 59.360000, ""party"": ""DFL"" }, { ""name"": ""Roger Chamberlain"", ""votes"": 818, ""votes_pct"": 40.640000, ""party"": ""R"" }, { ""name"": ""WRITE-IN"", ""votes"": 0, ""votes_pct"": 0, ""party"": ""WI"" } ]"
"621680","4","36",36B,Ramsey,VADNAIS HEIGHTS P-3,2.9264001338286,DFL,"10.34",10.34,555.631467209069,"1626","[ { ""name"": ""Heather Gustafson"", ""votes"": 897, ""votes_pct"": 55.170000, ""party"": ""DFL"" }, { ""name"": ""Roger Chamberlain"", ""votes"": 729, ""votes_pct"": 44.830000, ""party"": ""R"" }, { ""name"": ""WRITE-IN"", ""votes"": 0, ""votes_pct"": 0, ""party"": ""WI"" } ]"
"621690","4","36",36B,Ramsey,VADNAIS HEIGHTS P-4,2.29569515814038,DFL,"19.04",19.04,668.20718533144,"1534","[ { ""name"": ""Heather Gustafson"", ""votes"": 913, ""votes_pct"": 59.520000, ""party"": ""DFL"" }, { ""name"": ""Roger Chamberlain"", ""votes"": 621, ""votes_pct"": 40.480000, ""party"": ""R"" }, { ""name"": ""WRITE-IN"", ""votes"": 0, ""votes_pct"": 0, ""party"": ""WI"" } ]"
"621700","4","36",36A,Ramsey,WHITE BEAR TWP P-1,4.90086384040539,DFL,"7.77",7.77,462.163421339338,"2265","[ { ""name"": ""Heather Gustafson"", ""votes"": 1220, ""votes_pct"": 53.860000, ""party"": ""DFL"" }, { ""name"": ""Roger Chamberlain"", ""votes"": 1044, ""votes_pct"": 46.090000, ""party"": ""R"" }, { ""name"": ""WRITE-IN"", ""votes"": 1, ""votes_pct"": 0.040000, ""party"": ""WI"" } ]"
"621710","4","36",36A,Ramsey,WHITE BEAR TWP P-2,2.53060396331629,DFL,"4.25",4.25,799.413906452954,"2023","[ { ""name"": ""Heather Gustafson"", ""votes"": 1054, ""votes_pct"": 52.100000, ""party"": ""DFL"" }, { ""name"": ""Roger Chamberlain"", ""votes"": 968, ""votes_pct"": 47.850000, ""party"": ""R"" }, { ""name"": ""WRITE-IN"", ""votes"": 1, ""votes_pct"": 0.050000, ""party"": ""WI"" } ]"
"621720","4","36",36B,Ramsey,WHITE BEAR TWP P-3,2.14498236953286,DFL,"10.34",10.34,310.958266824944,"667","[ { ""name"": ""Heather Gustafson"", ""votes"": 368, ""votes_pct"": 55.170000, ""party"": ""DFL"" }, { ""name"": ""Roger Chamberlain"", ""votes"": 299, ""votes_pct"": 44.830000, ""party"": ""R"" }, { ""name"": ""WRITE-IN"", ""votes"": 0, ""votes_pct"": 0, ""party"": ""WI"" } ]"
"621730","4","36",36B,Ramsey,WHITE BEAR TWP P-4,0.990383074233696,DFL,"10.25",10.25,1074.3317688696,"1064","[ { ""name"": ""Heather Gustafson"", ""votes"": 586, ""votes_pct"": 55.080000, ""party"": ""DFL"" }, { ""name"": ""Roger Chamberlain"", ""votes"": 477, ""votes_pct"": 44.830000, ""party"": ""R"" }, { ""name"": ""WRITE-IN"", ""votes"": 1, ""votes_pct"": 0.090000, ""party"": ""WI"" } ]"
"621735","4","36",36B,Ramsey,WHITE BEAR TWP P-5,0.401532998937642,DFL,"10.70",10.7,1210.36129355704,"486","[ { ""name"": ""Heather Gustafson"", ""votes"": 269, ""votes_pct"": 55.350000, ""party"": ""DFL"" }, { ""name"": ""Roger Chamberlain"", ""votes"": 217, ""votes_pct"": 44.650000, ""party"": ""R"" }, { ""name"": ""WRITE-IN"", ""votes"": 0, ""votes_pct"": 0, ""party"": ""WI"" } ]"
"621740","4","36",36B,Ramsey,WHITE BEAR LAKE W-1 P-1,2.05330739491063,DFL,"10.29",10.29,1021.76615405961,"2098","[ { ""name"": ""Heather Gustafson"", ""votes"": 1155, ""votes_pct"": 55.050000, ""party"": ""DFL"" }, { ""name"": ""Roger Chamberlain"", ""votes"": 939, ""votes_pct"": 44.760000, ""party"": ""R"" }, { ""name"": ""WRITE-IN"", ""votes"": 4, ""votes_pct"": 0.190000, ""party"": ""WI"" } ]"
"621750","4","36",36B,Ramsey,WHITE BEAR LAKE W-2 P-1,1.93548130887969,DFL,"15.79",15.79,1370.71848114908,"2653","[ { ""name"": ""Heather Gustafson"", ""votes"": 1535, ""votes_pct"": 57.860000, ""party"": ""DFL"" }, { ""name"": ""Roger Chamberlain"", ""votes"": 1116, ""votes_pct"": 42.070000, ""party"": ""R"" }, { ""name"": ""WRITE-IN"", ""votes"": 2, ""votes_pct"": 0.080000, ""party"": ""WI"" } ]"
"621760","4","36",36B,Ramsey,WHITE BEAR LAKE W-3 P-1,1.23074901925361,DFL,"13.44",13.44,1747.71620074455,"2151","[ { ""name"": ""Heather Gustafson"", ""votes"": 1220, ""votes_pct"": 56.720000, ""party"": ""DFL"" }, { ""name"": ""Roger Chamberlain"", ""votes"": 931, ""votes_pct"": 43.280000, ""party"": ""R"" }, { ""name"": ""WRITE-IN"", ""votes"": 0, ""votes_pct"": 0, ""party"": ""WI"" } ]"
"621770","4","36",36B,Ramsey,WHITE BEAR LAKE W-4 P-1,1.41998949658051,DFL,"19.37",19.37,1509.16609253841,"2143","[ { ""name"": ""Heather Gustafson"", ""votes"": 1278, ""votes_pct"": 59.640000, ""party"": ""DFL"" }, { ""name"": ""Roger Chamberlain"", ""votes"": 863, ""votes_pct"": 40.270000, ""party"": ""R"" }, { ""name"": ""WRITE-IN"", ""votes"": 2, ""votes_pct"": 0.090000, ""party"": ""WI"" } ]"
"621780","4","36",36B,Ramsey,WHITE BEAR LAKE W-5 P-1,1.88516700154926,DFL,"15.02",15.02,1278.93178589409,"2411","[ { ""name"": ""Heather Gustafson"", ""votes"": 1386, ""votes_pct"": 57.490000, ""party"": ""DFL"" }, { ""name"": ""Roger Chamberlain"", ""votes"": 1024, ""votes_pct"": 42.470000, ""party"": ""R"" }, { ""name"": ""WRITE-IN"", ""votes"": 1, ""votes_pct"": 0.040000, ""party"": ""WI"" } ]"
"630005","7","1",1B,Red Lake,Brooks,1.15106219931503,R,"95.56",-95.56,39.0943252473919,"45","[ { ""name"": ""Mark Johnson"", ""votes"": 44, ""votes_pct"": 97.780000, ""party"": ""R"" }, { ""name"": ""WRITE-IN"", ""votes"": 1, ""votes_pct"": 2.220000, ""party"": ""WI"" } ]"
"630010","7","1",1B,Red Lake,Browns Creek Twp,12.0288998953738,R,"100.00",-100,2.49399365369544,"30","[ { ""name"": ""Mark Johnson"", ""votes"": 30, ""votes_pct"": 100, ""party"": ""R"" }, { ""name"": ""WRITE-IN"", ""votes"": 0, ""votes_pct"": 0, ""party"": ""WI"" } ]"
"630015","7","1",1B,Red Lake,Emardville Twp,45.8302849827966,R,"94.80",-94.8,1.6801117433353,"77","[ { ""name"": ""Mark Johnson"", ""votes"": 75, ""votes_pct"": 97.400000, ""party"": ""R"" }, { ""name"": ""WRITE-IN"", ""votes"": 2, ""votes_pct"": 2.600000, ""party"": ""WI"" } ]"
"630020","7","1",1B,Red Lake,Equality Twp,47.7647416514268,R,"96.62",-96.62,1.23522074986953,"59","[ { ""name"": ""Mark Johnson"", ""votes"": 58, ""votes_pct"": 98.310000, ""party"": ""R"" }, { ""name"": ""WRITE-IN"", ""votes"": 1, ""votes_pct"": 1.690000, ""party"": ""WI"" } ]"
"630025","7","1",1B,Red Lake,Garnes Twp,48.4248472117839,R,"91.78",-91.78,1.50749055914906,"73","[ { ""name"": ""Mark Johnson"", ""votes"": 70, ""votes_pct"": 95.890000, ""party"": ""R"" }, { ""name"": ""WRITE-IN"", ""votes"": 3, ""votes_pct"": 4.110000, ""party"": ""WI"" } ]"
"630030","7","1",1B,Red Lake,Gervais Twp,35.591687569049,R,"100.00",-100,2.27581229023933,"81","[ { ""name"": ""Mark Johnson"", ""votes"": 81, ""votes_pct"": 100, ""party"": ""R"" }, { ""name"": ""WRITE-IN"", ""votes"": 0, ""votes_pct"": 0, ""party"": ""WI"" } ]"
"630035","7","1",1B,Red Lake,Lake Pleasant Twp,35.9731816404889,R,"100.00",-100,1.58451372385268,"57","[ { ""name"": ""Mark Johnson"", ""votes"": 57, ""votes_pct"": 100, ""party"": ""R"" }, { ""name"": ""WRITE-IN"", ""votes"": 0, ""votes_pct"": 0, ""party"": ""WI"" } ]"
"630040","7","1",1B,Red Lake,Lambert Twp,35.651022264193,R,"92.60",-92.6,1.51468307415791,"54","[ { ""name"": ""Mark Johnson"", ""votes"": 52, ""votes_pct"": 96.300000, ""party"": ""R"" }, { ""name"": ""WRITE-IN"", ""votes"": 2, ""votes_pct"": 3.700000, ""party"": ""WI"" } ]"
"630045","7","1",1B,Red Lake,Louisville Twp,36.1767153940978,R,"91.04",-91.04,1.85201998772202,"67","[ { ""name"": ""Mark Johnson"", ""votes"": 64, ""votes_pct"": 95.520000, ""party"": ""R"" }, { ""name"": ""WRITE-IN"", ""votes"": 3, ""votes_pct"": 4.480000, ""party"": ""WI"" } ]"
"630050","7","1",1B,Red Lake,Oklee,0.743389443629118,R,"96.12",-96.12,138.554563671458,"103","[ { ""name"": ""Mark Johnson"", ""votes"": 101, ""votes_pct"": 98.060000, ""party"": ""R"" }, { ""name"": ""WRITE-IN"", ""votes"": 2, ""votes_pct"": 1.940000, ""party"": ""WI"" } ]"
"630055","7","1",1B,Red Lake,Plummer,2.67887710440979,R,"94.80",-94.8,28.7433865007274,"77","[ { ""name"": ""Mark Johnson"", ""votes"": 75, ""votes_pct"": 97.400000, ""party"": ""R"" }, { ""name"": ""WRITE-IN"", ""votes"": 2, ""votes_pct"": 2.600000, ""party"": ""WI"" } ]"
"630060","7","1",1B,Red Lake,Poplar River Twp,34.9838075420648,R,"100.00",-100,1.22914007997261,"43","[ { ""name"": ""Mark Johnson"", ""votes"": 43, ""votes_pct"": 100, ""party"": ""R"" }, { ""name"": ""WRITE-IN"", ""votes"": 0, ""votes_pct"": 0, ""party"": ""WI"" } ]"
"630065","7","1",1B,Red Lake,Red Lake Falls W-1,0.71035023161817,R,"100.00",-100,199.90139184797,"142","[ { ""name"": ""Mark Johnson"", ""votes"": 142, ""votes_pct"": 100, ""party"": ""R"" }, { ""name"": ""WRITE-IN"", ""votes"": 0, ""votes_pct"": 0, ""party"": ""WI"" } ]"
"630070","7","1",1B,Red Lake,Red Lake Falls W-2,0.951920464935726,R,"97.98",-97.98,104.000285366997,"99","[ { ""name"": ""Mark Johnson"", ""votes"": 98, ""votes_pct"": 98.990000, ""party"": ""R"" }, { ""name"": ""WRITE-IN"", ""votes"": 1, ""votes_pct"": 1.010000, ""party"": ""WI"" } ]"
"630075","7","1",1B,Red Lake,Red Lake Falls W-3,0.501855845610834,R,"91.52",-91.52,235.127280138336,"118","[ { ""name"": ""Mark Johnson"", ""votes"": 113, ""votes_pct"": 95.760000, ""party"": ""R"" }, { ""name"": ""WRITE-IN"", ""votes"": 5, ""votes_pct"": 4.240000, ""party"": ""WI"" } ]"
"630080","7","1",1B,Red Lake,Red Lake Falls Twp P-N,16.8386696699235,R,"82.76",-82.76,3.44445262820239,"58","[ { ""name"": ""Mark Johnson"", ""votes"": 53, ""votes_pct"": 91.380000, ""party"": ""R"" }, { ""name"": ""WRITE-IN"", ""votes"": 5, ""votes_pct"": 8.620000, ""party"": ""WI"" } ]"
"630085","7","1",1B,Red Lake,Red Lake Falls Twp P-SE,5.49689636078154,R,"89.48",-89.48,3.45649594843346,"19","[ { ""name"": ""Mark Johnson"", ""votes"": 18, ""votes_pct"": 94.740000, ""party"": ""R"" }, { ""name"": ""WRITE-IN"", ""votes"": 1, ""votes_pct"": 5.260000, ""party"": ""WI"" } ]"
"630087","7","1",1B,Red Lake,Red Lake Falls Twp P-SW,11.5516143247448,R,"71.42",-71.42,1.21195181958339,"14","[ { ""name"": ""Mark Johnson"", ""votes"": 12, ""votes_pct"": 85.710000, ""party"": ""R"" }, { ""name"": ""WRITE-IN"", ""votes"": 2, ""votes_pct"": 14.290000, ""party"": ""WI"" } ]"
"630090","7","1",1B,Red Lake,River Twp,11.8065815469974,R,"93.54",-93.54,2.62565416387471,"31","[ { ""name"": ""Mark Johnson"", ""votes"": 30, ""votes_pct"": 96.770000, ""party"": ""R"" }, { ""name"": ""WRITE-IN"", ""votes"": 1, ""votes_pct"": 3.230000, ""party"": ""WI"" } ]"
"630095","7","1",1B,Red Lake,Terrebonne Twp,35.9280365792634,R,"93.54",-93.54,1.72567181240804,"62","[ { ""name"": ""Mark Johnson"", ""votes"": 60, ""votes_pct"": 96.770000, ""party"": ""R"" }, { ""name"": ""WRITE-IN"", ""votes"": 2, ""votes_pct"": 3.230000, ""party"": ""WI"" } ]"
"630100","7","1",1B,Red Lake,Wylie Twp,12.1116417637129,R,"100.00",-100,2.88978164007969,"35","[ { ""name"": ""Mark Johnson"", ""votes"": 35, ""votes_pct"": 100, ""party"": ""R"" }, { ""name"": ""WRITE-IN"", ""votes"": 0, ""votes_pct"": 0, ""party"": ""WI"" } ]"
"640005","7","15",15B,Redwood,Belview,0.914952625112097,R,"59.18",-59.18,160.664056220386,"147","[ { ""name"": ""Gary Dahms"", ""votes"": 117, ""votes_pct"": 79.590000, ""party"": ""R"" }, { ""name"": ""Anita Gaul"", ""votes"": 30, ""votes_pct"": 20.410000, ""party"": ""DFL"" }, { ""name"": ""WRITE-IN"", ""votes"": 0, ""votes_pct"": 0, ""party"": ""WI"" } ]"
"640010","7","15",15B,Redwood,Brookville Twp,35.8544684494339,R,"95.78",-95.78,2.64960001105524,"95","[ { ""name"": ""Gary Dahms"", ""votes"": 93, ""votes_pct"": 97.890000, ""party"": ""R"" }, { ""name"": ""Anita Gaul"", ""votes"": 2, ""votes_pct"": 2.110000, ""party"": ""DFL"" }, { ""name"": ""WRITE-IN"", ""votes"": 0, ""votes_pct"": 0, ""party"": ""WI"" } ]"
"640015","7","15",15B,Redwood,Charlestown Twp,33.8783006693488,R,"72.04",-72.04,2.74511997835066,"93","[ { ""name"": ""Gary Dahms"", ""votes"": 80, ""votes_pct"": 86.020000, ""party"": ""R"" }, { ""name"": ""Anita Gaul"", ""votes"": 13, ""votes_pct"": 13.980000, ""party"": ""DFL"" }, { ""name"": ""WRITE-IN"", ""votes"": 0, ""votes_pct"": 0, ""party"": ""WI"" } ]"
"640020","7","15",15B,Redwood,Clements,0.379614130430278,R,"72.30",-72.3,171.226502886826,"65","[ { ""name"": ""Gary Dahms"", ""votes"": 56, ""votes_pct"": 86.150000, ""party"": ""R"" }, { ""name"": ""Anita Gaul"", ""votes"": 9, ""votes_pct"": 13.850000, ""party"": ""DFL"" }, { ""name"": ""WRITE-IN"", ""votes"": 0, ""votes_pct"": 0, ""party"": ""WI"" } ]"
"640025","7","15",15B,Redwood,Delhi,0.760651265355696,R,"30.76",-30.76,34.1812354546493,"26","[ { ""name"": ""Gary Dahms"", ""votes"": 17, ""votes_pct"": 65.380000, ""party"": ""R"" }, { ""name"": ""Anita Gaul"", ""votes"": 9, ""votes_pct"": 34.620000, ""party"": ""DFL"" }, { ""name"": ""WRITE-IN"", ""votes"": 0, ""votes_pct"": 0, ""party"": ""WI"" } ]"
"640030","7","15",15B,Redwood,Delhi Twp,33.22487646621,R,"71.80",-71.8,4.6952770511774,"156","[ { ""name"": ""Gary Dahms"", ""votes"": 134, ""votes_pct"": 85.900000, ""party"": ""R"" }, { ""name"": ""Anita Gaul"", ""votes"": 22, ""votes_pct"": 14.100000, ""party"": ""DFL"" }, { ""name"": ""WRITE-IN"", ""votes"": 0, ""votes_pct"": 0, ""party"": ""WI"" } ]"
"640035","7","15",15B,Redwood,Gales Twp,36.1416728884068,R,"84.00",-84,2.07516680900673,"75","[ { ""name"": ""Gary Dahms"", ""votes"": 69, ""votes_pct"": 92, ""party"": ""R"" }, { ""name"": ""Anita Gaul"", ""votes"": 6, ""votes_pct"": 8, ""party"": ""DFL"" }, { ""name"": ""WRITE-IN"", ""votes"": 0, ""votes_pct"": 0, ""party"": ""WI"" } ]"
"640040","7","15",15B,Redwood,Granite Rock Twp,36.2592985776536,R,"77.32",-77.32,2.67517585295433,"97","[ { ""name"": ""Gary Dahms"", ""votes"": 86, ""votes_pct"": 88.660000, ""party"": ""R"" }, { ""name"": ""Anita Gaul"", ""votes"": 11, ""votes_pct"": 11.340000, ""party"": ""DFL"" }, { ""name"": ""WRITE-IN"", ""votes"": 0, ""votes_pct"": 0, ""party"": ""WI"" } ]"
"640045","7","15",15B,Redwood,Honner Twp,3.71893208512983,R,"85.72",-85.72,7.529043112123,"28","[ { ""name"": ""Gary Dahms"", ""votes"": 26, ""votes_pct"": 92.860000, ""party"": ""R"" }, { ""name"": ""Anita Gaul"", ""votes"": 2, ""votes_pct"": 7.140000, ""party"": ""DFL"" }, { ""name"": ""WRITE-IN"", ""votes"": 0, ""votes_pct"": 0, ""party"": ""WI"" } ]"
"640050","7","15",15B,Redwood,Johnsonville Twp,36.5826196295059,R,"75.52",-75.52,1.33943387587473,"49","[ { ""name"": ""Gary Dahms"", ""votes"": 43, ""votes_pct"": 87.760000, ""party"": ""R"" }, { ""name"": ""Anita Gaul"", ""votes"": 6, ""votes_pct"": 12.240000, ""party"": ""DFL"" }, { ""name"": ""WRITE-IN"", ""votes"": 0, ""votes_pct"": 0, ""party"": ""WI"" } ]"
"640055","7","15",15B,Redwood,Kintire Twp,35.2357451608991,R,"74.12",-74.12,2.41232304331466,"85","[ { ""name"": ""Gary Dahms"", ""votes"": 74, ""votes_pct"": 87.060000, ""party"": ""R"" }, { ""name"": ""Anita Gaul"", ""votes"": 11, ""votes_pct"": 12.940000, ""party"": ""DFL"" }, { ""name"": ""WRITE-IN"", ""votes"": 0, ""votes_pct"": 0, ""party"": ""WI"" } ]"
"640060","7","15",15B,Redwood,Lamberton,0.75413784667221,R,"44.68",-44.68,436.259765309195,"329","[ { ""name"": ""Gary Dahms"", ""votes"": 238, ""votes_pct"": 72.340000, ""party"": ""R"" }, { ""name"": ""Anita Gaul"", ""votes"": 91, ""votes_pct"": 27.660000, ""party"": ""DFL"" }, { ""name"": ""WRITE-IN"", ""votes"": 0, ""votes_pct"": 0, ""party"": ""WI"" } ]"
"640065","7","15",15B,Redwood,Lamberton Twp,35.2921702669064,R,"76.78",-76.78,3.17350843410791,"112","[ { ""name"": ""Gary Dahms"", ""votes"": 99, ""votes_pct"": 88.390000, ""party"": ""R"" }, { ""name"": ""Anita Gaul"", ""votes"": 13, ""votes_pct"": 11.610000, ""party"": ""DFL"" }, { ""name"": ""WRITE-IN"", ""votes"": 0, ""votes_pct"": 0, ""party"": ""WI"" } ]"
"640070","7","15",15B,Redwood,Lucan,0.396369778498551,R,"79.16",-79.16,242.19808170958,"96","[ { ""name"": ""Gary Dahms"", ""votes"": 86, ""votes_pct"": 89.580000, ""party"": ""R"" }, { ""name"": ""Anita Gaul"", ""votes"": 10, ""votes_pct"": 10.420000, ""party"": ""DFL"" }, { ""name"": ""WRITE-IN"", ""votes"": 0, ""votes_pct"": 0, ""party"": ""WI"" } ]"
"640075","7","15",15B,Redwood,Milroy,0.260665926627249,R,"40.60",-40.6,387.469130725434,"101","[ { ""name"": ""Gary Dahms"", ""votes"": 71, ""votes_pct"": 70.300000, ""party"": ""R"" }, { ""name"": ""Anita Gaul"", ""votes"": 30, ""votes_pct"": 29.700000, ""party"": ""DFL"" }, { ""name"": ""WRITE-IN"", ""votes"": 0, ""votes_pct"": 0, ""party"": ""WI"" } ]"
"640080","7","15",15B,Redwood,Morgan,0.549607397430663,R,"62.14",-62.14,576.775351790988,"317","[ { ""name"": ""Gary Dahms"", ""votes"": 257, ""votes_pct"": 81.070000, ""party"": ""R"" }, { ""name"": ""Anita Gaul"", ""votes"": 60, ""votes_pct"": 18.930000, ""party"": ""DFL"" }, { ""name"": ""WRITE-IN"", ""votes"": 0, ""votes_pct"": 0, ""party"": ""WI"" } ]"
"640085","7","15",15B,Redwood,Morgan Twp,35.4828862410551,R,"87.50",-87.5,3.1564512322679,"112","[ { ""name"": ""Gary Dahms"", ""votes"": 105, ""votes_pct"": 93.750000, ""party"": ""R"" }, { ""name"": ""Anita Gaul"", ""votes"": 7, ""votes_pct"": 6.250000, ""party"": ""DFL"" }, { ""name"": ""WRITE-IN"", ""votes"": 0, ""votes_pct"": 0, ""party"": ""WI"" } ]"
"640090","7","15",15B,Redwood,New Avon Twp,35.9828661446654,R,"87.85",-87.85,2.97363749651897,"107","[ { ""name"": ""Gary Dahms"", ""votes"": 100, ""votes_pct"": 93.460000, ""party"": ""R"" }, { ""name"": ""Anita Gaul"", ""votes"": 6, ""votes_pct"": 5.610000, ""party"": ""DFL"" }, { ""name"": ""WRITE-IN"", ""votes"": 1, ""votes_pct"": 0.930000, ""party"": ""WI"" } ]"
"640095","7","15",15B,Redwood,North Hero Twp,35.190750965932,R,"41.66",-41.66,2.0459921434954,"72","[ { ""name"": ""Gary Dahms"", ""votes"": 51, ""votes_pct"": 70.830000, ""party"": ""R"" }, { ""name"": ""Anita Gaul"", ""votes"": 21, ""votes_pct"": 29.170000, ""party"": ""DFL"" }, { ""name"": ""WRITE-IN"", ""votes"": 0, ""votes_pct"": 0, ""party"": ""WI"" } ]"
"640105","7","15",15B,Redwood,Paxton Twp,36.5942981989084,R,"29.44",-29.44,6.77701205395428,"248","[ { ""name"": ""Gary Dahms"", ""votes"": 160, ""votes_pct"": 64.520000, ""party"": ""R"" }, { ""name"": ""Anita Gaul"", ""votes"": 87, ""votes_pct"": 35.080000, ""party"": ""DFL"" }, { ""name"": ""WRITE-IN"", ""votes"": 1, ""votes_pct"": 0.400000, ""party"": ""WI"" } ]"
"640110","7","15",15B,Redwood,Redwood Falls W-1,0.752231248212015,R,"43.04",-43.04,716.534976818836,"539","[ { ""name"": ""Gary Dahms"", ""votes"": 385, ""votes_pct"": 71.430000, ""party"": ""R"" }, { ""name"": ""Anita Gaul"", ""votes"": 153, ""votes_pct"": 28.390000, ""party"": ""DFL"" }, { ""name"": ""WRITE-IN"", ""votes"": 1, ""votes_pct"": 0.190000, ""party"": ""WI"" } ]"
"640115","7","15",15B,Redwood,Redwood Falls W-2,3.3691666499072,R,"44.22",-44.22,187.28666924724,"631","[ { ""name"": ""Gary Dahms"", ""votes"": 455, ""votes_pct"": 72.110000, ""party"": ""R"" }, { ""name"": ""Anita Gaul"", ""votes"": 176, ""votes_pct"": 27.890000, ""party"": ""DFL"" }, { ""name"": ""WRITE-IN"", ""votes"": 0, ""votes_pct"": 0, ""party"": ""WI"" } ]"
"640120","7","15",15B,Redwood,Redwood Falls W-3,1.49182651929168,R,"44.54",-44.54,454.476436256083,"678","[ { ""name"": ""Gary Dahms"", ""votes"": 490, ""votes_pct"": 72.270000, ""party"": ""R"" }, { ""name"": ""Anita Gaul"", ""votes"": 188, ""votes_pct"": 27.730000, ""party"": ""DFL"" }, { ""name"": ""WRITE-IN"", ""votes"": 0, ""votes_pct"": 0, ""party"": ""WI"" } ]"
"640125","7","15",15B,Redwood,Redwood Falls Twp,34.4561470256332,R,"80.44",-80.44,2.67006058255898,"92","[ { ""name"": ""Gary Dahms"", ""votes"": 83, ""votes_pct"": 90.220000, ""party"": ""R"" }, { ""name"": ""Anita Gaul"", ""votes"": 9, ""votes_pct"": 9.780000, ""party"": ""DFL"" }, { ""name"": ""WRITE-IN"", ""votes"": 0, ""votes_pct"": 0, ""party"": ""WI"" } ]"
"640130","7","15",15B,Redwood,Revere,0.574320556779255,R,"39.14",-39.14,40.0473215323899,"23","[ { ""name"": ""Gary Dahms"", ""votes"": 16, ""votes_pct"": 69.570000, ""party"": ""R"" }, { ""name"": ""Anita Gaul"", ""votes"": 7, ""votes_pct"": 30.430000, ""party"": ""DFL"" }, { ""name"": ""WRITE-IN"", ""votes"": 0, ""votes_pct"": 0, ""party"": ""WI"" } ]"
"640135","7","15",15B,Redwood,Sanborn,2.1194312629643,R,"59.12",-59.12,64.6399826189162,"137","[ { ""name"": ""Gary Dahms"", ""votes"": 109, ""votes_pct"": 79.560000, ""party"": ""R"" }, { ""name"": ""Anita Gaul"", ""votes"": 28, ""votes_pct"": 20.440000, ""party"": ""DFL"" }, { ""name"": ""WRITE-IN"", ""votes"": 0, ""votes_pct"": 0, ""party"": ""WI"" } ]"
"640140","7","15",15B,Redwood,Seaforth,1.00638636871687,R,"31.04",-31.04,28.8159705868975,"29","[ { ""name"": ""Gary Dahms"", ""votes"": 19, ""votes_pct"": 65.520000, ""party"": ""R"" }, { ""name"": ""Anita Gaul"", ""votes"": 10, ""votes_pct"": 34.480000, ""party"": ""DFL"" }, { ""name"": ""WRITE-IN"", ""votes"": 0, ""votes_pct"": 0, ""party"": ""WI"" } ]"
"640145","7","15",15B,Redwood,Sheridan Twp,34.0730936903857,R,"82.11",-82.11,2.78812369851833,"95","[ { ""name"": ""Gary Dahms"", ""votes"": 86, ""votes_pct"": 90.530000, ""party"": ""R"" }, { ""name"": ""Anita Gaul"", ""votes"": 8, ""votes_pct"": 8.420000, ""party"": ""DFL"" }, { ""name"": ""WRITE-IN"", ""votes"": 1, ""votes_pct"": 1.050000, ""party"": ""WI"" } ]"
"640150","7","15",15B,Redwood,Sherman Twp,27.5917494921225,R,"4.84",-4.84,4.49409705011283,"124","[ { ""name"": ""Gary Dahms"", ""votes"": 65, ""votes_pct"": 52.420000, ""party"": ""R"" }, { ""name"": ""Anita Gaul"", ""votes"": 59, ""votes_pct"": 47.580000, ""party"": ""DFL"" }, { ""name"": ""WRITE-IN"", ""votes"": 0, ""votes_pct"": 0, ""party"": ""WI"" } ]"
"640155","7","15",15B,Redwood,Springdale Twp,35.8724433560536,R,"53.54",-53.54,2.75977855808067,"99","[ { ""name"": ""Gary Dahms"", ""votes"": 76, ""votes_pct"": 76.770000, ""party"": ""R"" }, { ""name"": ""Anita Gaul"", ""votes"": 23, ""votes_pct"": 23.230000, ""party"": ""DFL"" }, { ""name"": ""WRITE-IN"", ""votes"": 0, ""votes_pct"": 0, ""party"": ""WI"" } ]"
"640160","7","15",15B,Redwood,Sundown Twp,35.8717621646884,R,"65.96",-65.96,2.6204455629596,"94","[ { ""name"": ""Gary Dahms"", ""votes"": 78, ""votes_pct"": 82.980000, ""party"": ""R"" }, { ""name"": ""Anita Gaul"", ""votes"": 16, ""votes_pct"": 17.020000, ""party"": ""DFL"" }, { ""name"": ""WRITE-IN"", ""votes"": 0, ""votes_pct"": 0, ""party"": ""WI"" } ]"
"640165","7","15",15B,Redwood,Swedes Forest Twp,19.5540778994547,R,"51.62",-51.62,3.17069412931658,"62","[ { ""name"": ""Gary Dahms"", ""votes"": 47, ""votes_pct"": 75.810000, ""party"": ""R"" }, { ""name"": ""Anita Gaul"", ""votes"": 15, ""votes_pct"": 24.190000, ""party"": ""DFL"" }, { ""name"": ""WRITE-IN"", ""votes"": 0, ""votes_pct"": 0, ""party"": ""WI"" } ]"
"640170","7","15",15B,Redwood,Three Lakes Twp,35.4879406854987,R,"80.64",-80.64,2.62060852795559,"93","[ { ""name"": ""Gary Dahms"", ""votes"": 84, ""votes_pct"": 90.320000, ""party"": ""R"" }, { ""name"": ""Anita Gaul"", ""votes"": 9, ""votes_pct"": 9.680000, ""party"": ""DFL"" }, { ""name"": ""WRITE-IN"", ""votes"": 0, ""votes_pct"": 0, ""party"": ""WI"" } ]"
"640175","7","15",15B,Redwood,Underwood Twp,35.1395288777719,R,"92.16",-92.16,2.90271393093497,"102","[ { ""name"": ""Gary Dahms"", ""votes"": 98, ""votes_pct"": 96.080000, ""party"": ""R"" }, { ""name"": ""Anita Gaul"", ""votes"": 4, ""votes_pct"": 3.920000, ""party"": ""DFL"" }, { ""name"": ""WRITE-IN"", ""votes"": 0, ""votes_pct"": 0, ""party"": ""WI"" } ]"
"640180","7","15",15B,Redwood,Vail Twp,35.1902819572118,R,"74.40",-74.4,3.5521170348106,"125","[ { ""name"": ""Gary Dahms"", ""votes"": 109, ""votes_pct"": 87.200000, ""party"": ""R"" }, { ""name"": ""Anita Gaul"", ""votes"": 16, ""votes_pct"": 12.800000, ""party"": ""DFL"" }, { ""name"": ""WRITE-IN"", ""votes"": 0, ""votes_pct"": 0, ""party"": ""WI"" } ]"
"640185","7","15",15B,Redwood,Vesta,0.33592966491054,R,"69.64",-69.64,333.403124817293,"112","[ { ""name"": ""Gary Dahms"", ""votes"": 95, ""votes_pct"": 84.820000, ""party"": ""R"" }, { ""name"": ""Anita Gaul"", ""votes"": 17, ""votes_pct"": 15.180000, ""party"": ""DFL"" }, { ""name"": ""WRITE-IN"", ""votes"": 0, ""votes_pct"": 0, ""party"": ""WI"" } ]"
"640190","7","15",15B,Redwood,Vesta Twp,35.0824918434962,R,"74.76",-74.76,2.93593740317778,"103","[ { ""name"": ""Gary Dahms"", ""votes"": 90, ""votes_pct"": 87.380000, ""party"": ""R"" }, { ""name"": ""Anita Gaul"", ""votes"": 13, ""votes_pct"": 12.620000, ""party"": ""DFL"" }, { ""name"": ""WRITE-IN"", ""votes"": 0, ""votes_pct"": 0, ""party"": ""WI"" } ]"
"640195","7","15",15B,Redwood,Wabasso,0.849813754644855,R,"78.04",-78.04,396.557478809972,"337","[ { ""name"": ""Gary Dahms"", ""votes"": 300, ""votes_pct"": 89.020000, ""party"": ""R"" }, { ""name"": ""Anita Gaul"", ""votes"": 37, ""votes_pct"": 10.980000, ""party"": ""DFL"" }, { ""name"": ""WRITE-IN"", ""votes"": 0, ""votes_pct"": 0, ""party"": ""WI"" } ]"
"640200","7","15",15B,Redwood,Walnut Grove,1.07005044468208,R,"32.18",-32.18,214.943137627811,"230","[ { ""name"": ""Gary Dahms"", ""votes"": 152, ""votes_pct"": 66.090000, ""party"": ""R"" }, { ""name"": ""Anita Gaul"", ""votes"": 78, ""votes_pct"": 33.910000, ""party"": ""DFL"" }, { ""name"": ""WRITE-IN"", ""votes"": 0, ""votes_pct"": 0, ""party"": ""WI"" } ]"
"640205","7","15",15B,Redwood,Wanda,0.261799648693526,R,"84.22",-84.22,145.14916345241,"38","[ { ""name"": ""Gary Dahms"", ""votes"": 35, ""votes_pct"": 92.110000, ""party"": ""R"" }, { ""name"": ""Anita Gaul"", ""votes"": 3, ""votes_pct"": 7.890000, ""party"": ""DFL"" }, { ""name"": ""WRITE-IN"", ""votes"": 0, ""votes_pct"": 0, ""party"": ""WI"" } ]"
"640210","7","15",15B,Redwood,Waterbury Twp,36.1854383397378,R,"74.72",-74.72,2.40428205354802,"87","[ { ""name"": ""Gary Dahms"", ""votes"": 76, ""votes_pct"": 87.360000, ""party"": ""R"" }, { ""name"": ""Anita Gaul"", ""votes"": 11, ""votes_pct"": 12.640000, ""party"": ""DFL"" }, { ""name"": ""WRITE-IN"", ""votes"": 0, ""votes_pct"": 0, ""party"": ""WI"" } ]"
"640215","7","15",15B,Redwood,Westline Twp,35.9572494033324,R,"48.72",-48.72,2.16924267830039,"78","[ { ""name"": ""Gary Dahms"", ""votes"": 58, ""votes_pct"": 74.360000, ""party"": ""R"" }, { ""name"": ""Anita Gaul"", ""votes"": 20, ""votes_pct"": 25.640000, ""party"": ""DFL"" }, { ""name"": ""WRITE-IN"", ""votes"": 0, ""votes_pct"": 0, ""party"": ""WI"" } ]"
"640220","7","15",15B,Redwood,Willow Lake Twp,36.0043983110869,R,"89.00",-89,3.02740790328484,"109","[ { ""name"": ""Gary Dahms"", ""votes"": 103, ""votes_pct"": 94.500000, ""party"": ""R"" }, { ""name"": ""Anita Gaul"", ""votes"": 6, ""votes_pct"": 5.500000, ""party"": ""DFL"" }, { ""name"": ""WRITE-IN"", ""votes"": 0, ""votes_pct"": 0, ""party"": ""WI"" } ]"
"650005","7","16",16A,Renville,Bandon Twp,36.5389305063997,R,"39.72",-39.72,1.99786909436811,"73","[ { ""name"": ""Andrew Robert Lang"", ""votes"": 51, ""votes_pct"": 69.860000, ""party"": ""R"" }, { ""name"": ""Fernando Alvarado"", ""votes"": 22, ""votes_pct"": 30.140000, ""party"": ""DFL"" }, { ""name"": ""WRITE-IN"", ""votes"": 0, ""votes_pct"": 0, ""party"": ""WI"" } ]"
"650010","7","16",16A,Renville,Beaver Falls Twp,27.1590170677511,R,"56.32",-56.32,3.20335598976093,"87","[ { ""name"": ""Andrew Robert Lang"", ""votes"": 68, ""votes_pct"": 78.160000, ""party"": ""R"" }, { ""name"": ""Fernando Alvarado"", ""votes"": 19, ""votes_pct"": 21.840000, ""party"": ""DFL"" }, { ""name"": ""WRITE-IN"", ""votes"": 0, ""votes_pct"": 0, ""party"": ""WI"" } ]"
"650015","7","16",16A,Renville,Birch Cooley Twp,41.5309800747699,R,"35.08",-35.08,2.74493883348674,"114","[ { ""name"": ""Andrew Robert Lang"", ""votes"": 77, ""votes_pct"": 67.540000, ""party"": ""R"" }, { ""name"": ""Fernando Alvarado"", ""votes"": 37, ""votes_pct"": 32.460000, ""party"": ""DFL"" }, { ""name"": ""WRITE-IN"", ""votes"": 0, ""votes_pct"": 0, ""party"": ""WI"" } ]"
"650020","7","16",16A,Renville,Bird Island,1.58689576014512,R,"40.04",-40.04,300.586851373513,"477","[ { ""name"": ""Andrew Robert Lang"", ""votes"": 334, ""votes_pct"": 70.020000, ""party"": ""R"" }, { ""name"": ""Fernando Alvarado"", ""votes"": 143, ""votes_pct"": 29.980000, ""party"": ""DFL"" }, { ""name"": ""WRITE-IN"", ""votes"": 0, ""votes_pct"": 0, ""party"": ""WI"" } ]"
"650025","7","16",16A,Renville,Bird Island Twp,32.7627329658829,R,"74.76",-74.76,3.14381587480073,"103","[ { ""name"": ""Andrew Robert Lang"", ""votes"": 90, ""votes_pct"": 87.380000, ""party"": ""R"" }, { ""name"": ""Fernando Alvarado"", ""votes"": 13, ""votes_pct"": 12.620000, ""party"": ""DFL"" }, { ""name"": ""WRITE-IN"", ""votes"": 0, ""votes_pct"": 0, ""party"": ""WI"" } ]"
"650030","7","16",16A,Renville,Boon Lake Twp,39.1961548485936,R,"63.90",-63.9,5.2301048608434,"205","[ { ""name"": ""Andrew Robert Lang"", ""votes"": 168, ""votes_pct"": 81.950000, ""party"": ""R"" }, { ""name"": ""Fernando Alvarado"", ""votes"": 37, ""votes_pct"": 18.050000, ""party"": ""DFL"" }, { ""name"": ""WRITE-IN"", ""votes"": 0, ""votes_pct"": 0, ""party"": ""WI"" } ]"
"650035","7","16",16A,Renville,Brookfield Twp,36.1228336219565,R,"91.54",-91.54,1.96551579377882,"71","[ { ""name"": ""Andrew Robert Lang"", ""votes"": 68, ""votes_pct"": 95.770000, ""party"": ""R"" }, { ""name"": ""Fernando Alvarado"", ""votes"": 3, ""votes_pct"": 4.230000, ""party"": ""DFL"" }, { ""name"": ""WRITE-IN"", ""votes"": 0, ""votes_pct"": 0, ""party"": ""WI"" } ]"
"650040","7","16",16A,Renville,Buffalo Lake,0.663782918027229,R,"47.14",-47.14,341.97927339656,"227","[ { ""name"": ""Andrew Robert Lang"", ""votes"": 167, ""votes_pct"": 73.570000, ""party"": ""R"" }, { ""name"": ""Fernando Alvarado"", ""votes"": 60, ""votes_pct"": 26.430000, ""party"": ""DFL"" }, { ""name"": ""WRITE-IN"", ""votes"": 0, ""votes_pct"": 0, ""party"": ""WI"" } ]"
"650045","7","16",16A,Renville,Cairo Twp,34.2065270962186,R,"67.02",-67.02,2.83571611134774,"97","[ { ""name"": ""Andrew Robert Lang"", ""votes"": 81, ""votes_pct"": 83.510000, ""party"": ""R"" }, { ""name"": ""Fernando Alvarado"", ""votes"": 16, ""votes_pct"": 16.490000, ""party"": ""DFL"" }, { ""name"": ""WRITE-IN"", ""votes"": 0, ""votes_pct"": 0, ""party"": ""WI"" } ]"
"650050","7","16",16A,Renville,Camp Twp,28.6649436579234,R,"73.68",-73.68,2.65132214829916,"76","[ { ""name"": ""Andrew Robert Lang"", ""votes"": 66, ""votes_pct"": 86.840000, ""party"": ""R"" }, { ""name"": ""Fernando Alvarado"", ""votes"": 10, ""votes_pct"": 13.160000, ""party"": ""DFL"" }, { ""name"": ""WRITE-IN"", ""votes"": 0, ""votes_pct"": 0, ""party"": ""WI"" } ]"
"650055","7","16",16A,Renville,Crooks Twp,36.072372346858,R,"76.24",-76.24,2.79992674251704,"101","[ { ""name"": ""Andrew Robert Lang"", ""votes"": 89, ""votes_pct"": 88.120000, ""party"": ""R"" }, { ""name"": ""Fernando Alvarado"", ""votes"": 12, ""votes_pct"": 11.880000, ""party"": ""DFL"" }, { ""name"": ""WRITE-IN"", ""votes"": 0, ""votes_pct"": 0, ""party"": ""WI"" } ]"
"650060","7","16",16A,Renville,Danube,0.626996088624906,R,"50.00",-50,325.360881353186,"204","[ { ""name"": ""Andrew Robert Lang"", ""votes"": 153, ""votes_pct"": 75, ""party"": ""R"" }, { ""name"": ""Fernando Alvarado"", ""votes"": 51, ""votes_pct"": 25, ""party"": ""DFL"" }, { ""name"": ""WRITE-IN"", ""votes"": 0, ""votes_pct"": 0, ""party"": ""WI"" } ]"
"650065","7","16",16A,Renville,Emmet Twp,34.6602854757802,R,"38.10",-38.1,2.42352302778052,"84","[ { ""name"": ""Andrew Robert Lang"", ""votes"": 58, ""votes_pct"": 69.050000, ""party"": ""R"" }, { ""name"": ""Fernando Alvarado"", ""votes"": 26, ""votes_pct"": 30.950000, ""party"": ""DFL"" }, { ""name"": ""WRITE-IN"", ""votes"": 0, ""votes_pct"": 0, ""party"": ""WI"" } ]"
"650070","7","16",16A,Renville,Ericson Twp,36.3078509466301,R,"70.64",-70.64,3.0021055269898,"109","[ { ""name"": ""Andrew Robert Lang"", ""votes"": 93, ""votes_pct"": 85.320000, ""party"": ""R"" }, { ""name"": ""Fernando Alvarado"", ""votes"": 16, ""votes_pct"": 14.680000, ""party"": ""DFL"" }, { ""name"": ""WRITE-IN"", ""votes"": 0, ""votes_pct"": 0, ""party"": ""WI"" } ]"
"650075","7","16",16A,Renville,Fairfax,1.29406360889263,R,"46.12",-46.12,318.376930754248,"412","[ { ""name"": ""Andrew Robert Lang"", ""votes"": 301, ""votes_pct"": 73.060000, ""party"": ""R"" }, { ""name"": ""Fernando Alvarado"", ""votes"": 111, ""votes_pct"": 26.940000, ""party"": ""DFL"" }, { ""name"": ""WRITE-IN"", ""votes"": 0, ""votes_pct"": 0, ""party"": ""WI"" } ]"
"650080","7","16",16A,Renville,Flora Twp,37.8504956250264,R,"49.04",-49.04,2.74765226406273,"104","[ { ""name"": ""Andrew Robert Lang"", ""votes"": 77, ""votes_pct"": 74.040000, ""party"": ""R"" }, { ""name"": ""Fernando Alvarado"", ""votes"": 26, ""votes_pct"": 25, ""party"": ""DFL"" }, { ""name"": ""WRITE-IN"", ""votes"": 1, ""votes_pct"": 0.960000, ""party"": ""WI"" } ]"
"650085","7","16",16A,Renville,Franklin,1.00116659981309,R,"24.16",-24.16,148.826379173872,"149","[ { ""name"": ""Andrew Robert Lang"", ""votes"": 92, ""votes_pct"": 61.740000, ""party"": ""R"" }, { ""name"": ""Fernando Alvarado"", ""votes"": 56, ""votes_pct"": 37.580000, ""party"": ""DFL"" }, { ""name"": ""WRITE-IN"", ""votes"": 1, ""votes_pct"": 0.670000, ""party"": ""WI"" } ]"
"650090","7","16",16A,Renville,Hawk Creek Twp,30.4856985680933,R,"36.66",-36.66,3.93627194508816,"120","[ { ""name"": ""Andrew Robert Lang"", ""votes"": 82, ""votes_pct"": 68.330000, ""party"": ""R"" }, { ""name"": ""Fernando Alvarado"", ""votes"": 38, ""votes_pct"": 31.670000, ""party"": ""DFL"" }, { ""name"": ""WRITE-IN"", ""votes"": 0, ""votes_pct"": 0, ""party"": ""WI"" } ]"
"650095","7","16",16A,Renville,Hector,1.79783934787314,R,"49.74",-49.74,221.376843526557,"398","[ { ""name"": ""Andrew Robert Lang"", ""votes"": 298, ""votes_pct"": 74.870000, ""party"": ""R"" }, { ""name"": ""Fernando Alvarado"", ""votes"": 100, ""votes_pct"": 25.130000, ""party"": ""DFL"" }, { ""name"": ""WRITE-IN"", ""votes"": 0, ""votes_pct"": 0, ""party"": ""WI"" } ]"
"650100","7","16",16A,Renville,Hector Twp,34.5000798479938,R,"64.36",-64.36,2.92752945630859,"101","[ { ""name"": ""Andrew Robert Lang"", ""votes"": 83, ""votes_pct"": 82.180000, ""party"": ""R"" }, { ""name"": ""Fernando Alvarado"", ""votes"": 18, ""votes_pct"": 17.820000, ""party"": ""DFL"" }, { ""name"": ""WRITE-IN"", ""votes"": 0, ""votes_pct"": 0, ""party"": ""WI"" } ]"
"650105","7","16",16A,Renville,Henryville Twp,36.2307160214099,R,"75.00",-75,2.64968542005271,"96","[ { ""name"": ""Andrew Robert Lang"", ""votes"": 84, ""votes_pct"": 87.500000, ""party"": ""R"" }, { ""name"": ""Fernando Alvarado"", ""votes"": 12, ""votes_pct"": 12.500000, ""party"": ""DFL"" }, { ""name"": ""WRITE-IN"", ""votes"": 0, ""votes_pct"": 0, ""party"": ""WI"" } ]"
"650110","7","16",16A,Renville,Kingman Twp,36.3233345704515,R,"68.32",-68.32,2.78058171680532,"101","[ { ""name"": ""Andrew Robert Lang"", ""votes"": 85, ""votes_pct"": 84.160000, ""party"": ""R"" }, { ""name"": ""Fernando Alvarado"", ""votes"": 16, ""votes_pct"": 15.840000, ""party"": ""DFL"" }, { ""name"": ""WRITE-IN"", ""votes"": 0, ""votes_pct"": 0, ""party"": ""WI"" } ]"
"650115","7","16",16A,Renville,Martinsburg Twp,36.4962256467494,R,"58.44",-58.44,2.10980720980001,"77","[ { ""name"": ""Andrew Robert Lang"", ""votes"": 61, ""votes_pct"": 79.220000, ""party"": ""R"" }, { ""name"": ""Fernando Alvarado"", ""votes"": 16, ""votes_pct"": 20.780000, ""party"": ""DFL"" }, { ""name"": ""WRITE-IN"", ""votes"": 0, ""votes_pct"": 0, ""party"": ""WI"" } ]"
"650120","7","16",16A,Renville,Melville Twp,36.3557114735186,R,"52.00",-52,2.75059945045608,"100","[ { ""name"": ""Andrew Robert Lang"", ""votes"": 76, ""votes_pct"": 76, ""party"": ""R"" }, { ""name"": ""Fernando Alvarado"", ""votes"": 24, ""votes_pct"": 24, ""party"": ""DFL"" }, { ""name"": ""WRITE-IN"", ""votes"": 0, ""votes_pct"": 0, ""party"": ""WI"" } ]"
"650125","7","16",16A,Renville,Morton,1.21629570900423,R,"30.88",-30.88,111.814913917062,"136","[ { ""name"": ""Andrew Robert Lang"", ""votes"": 89, ""votes_pct"": 65.440000, ""party"": ""R"" }, { ""name"": ""Fernando Alvarado"", ""votes"": 47, ""votes_pct"": 34.560000, ""party"": ""DFL"" }, { ""name"": ""WRITE-IN"", ""votes"": 0, ""votes_pct"": 0, ""party"": ""WI"" } ]"
"650130","7","16",16A,Renville,Norfolk Twp,35.6540271085627,R,"73.34",-73.34,2.10354919436262,"75","[ { ""name"": ""Andrew Robert Lang"", ""votes"": 65, ""votes_pct"": 86.670000, ""party"": ""R"" }, { ""name"": ""Fernando Alvarado"", ""votes"": 10, ""votes_pct"": 13.330000, ""party"": ""DFL"" }, { ""name"": ""WRITE-IN"", ""votes"": 0, ""votes_pct"": 0, ""party"": ""WI"" } ]"
"650135","7","16",16A,Renville,Olivia,2.39931158661652,R,"41.66",-41.66,405.116203090031,"972","[ { ""name"": ""Andrew Robert Lang"", ""votes"": 688, ""votes_pct"": 70.780000, ""party"": ""R"" }, { ""name"": ""Fernando Alvarado"", ""votes"": 283, ""votes_pct"": 29.120000, ""party"": ""DFL"" }, { ""name"": ""WRITE-IN"", ""votes"": 1, ""votes_pct"": 0.100000, ""party"": ""WI"" } ]"
"650140","7","16",16A,Renville,Osceola Twp,36.3457763845734,R,"56.96",-56.96,2.17356754644897,"79","[ { ""name"": ""Andrew Robert Lang"", ""votes"": 62, ""votes_pct"": 78.480000, ""party"": ""R"" }, { ""name"": ""Fernando Alvarado"", ""votes"": 17, ""votes_pct"": 21.520000, ""party"": ""DFL"" }, { ""name"": ""WRITE-IN"", ""votes"": 0, ""votes_pct"": 0, ""party"": ""WI"" } ]"
"650145","7","16",16A,Renville,Palmyra Twp,36.2839966305617,R,"35.30",-35.3,2.8111566936396,"102","[ { ""name"": ""Andrew Robert Lang"", ""votes"": 69, ""votes_pct"": 67.650000, ""party"": ""R"" }, { ""name"": ""Fernando Alvarado"", ""votes"": 33, ""votes_pct"": 32.350000, ""party"": ""DFL"" }, { ""name"": ""WRITE-IN"", ""votes"": 0, ""votes_pct"": 0, ""party"": ""WI"" } ]"
"650150","7","16",16A,Renville,Preston Lake Twp,38.7750355152732,R,"66.92",-66.92,3.4300419904867,"133","[ { ""name"": ""Andrew Robert Lang"", ""votes"": 111, ""votes_pct"": 83.460000, ""party"": ""R"" }, { ""name"": ""Fernando Alvarado"", ""votes"": 22, ""votes_pct"": 16.540000, ""party"": ""DFL"" }, { ""name"": ""WRITE-IN"", ""votes"": 0, ""votes_pct"": 0, ""party"": ""WI"" } ]"
"650155","7","16",16A,Renville,Renville,1.55640001036677,R,"35.96",-35.96,228.732972005125,"356","[ { ""name"": ""Andrew Robert Lang"", ""votes"": 242, ""votes_pct"": 67.980000, ""party"": ""R"" }, { ""name"": ""Fernando Alvarado"", ""votes"": 114, ""votes_pct"": 32.020000, ""party"": ""DFL"" }, { ""name"": ""WRITE-IN"", ""votes"": 0, ""votes_pct"": 0, ""party"": ""WI"" } ]"
"650160","7","16",16A,Renville,Sacred Heart,0.991679527292454,R,"52.26",-52.26,156.300493994457,"155","[ { ""name"": ""Andrew Robert Lang"", ""votes"": 118, ""votes_pct"": 76.130000, ""party"": ""R"" }, { ""name"": ""Fernando Alvarado"", ""votes"": 37, ""votes_pct"": 23.870000, ""party"": ""DFL"" }, { ""name"": ""WRITE-IN"", ""votes"": 0, ""votes_pct"": 0, ""party"": ""WI"" } ]"
"650165","7","16",16A,Renville,Sacred Heart Twp,51.5151893639097,R,"20.64",-20.64,2.44588055592537,"126","[ { ""name"": ""Andrew Robert Lang"", ""votes"": 76, ""votes_pct"": 60.320000, ""party"": ""R"" }, { ""name"": ""Fernando Alvarado"", ""votes"": 50, ""votes_pct"": 39.680000, ""party"": ""DFL"" }, { ""name"": ""WRITE-IN"", ""votes"": 0, ""votes_pct"": 0, ""party"": ""WI"" } ]"
"650170","7","16",16A,Renville,Troy Twp,34.7599293956343,R,"64.74",-64.74,3.99885737447608,"139","[ { ""name"": ""Andrew Robert Lang"", ""votes"": 114, ""votes_pct"": 82.010000, ""party"": ""R"" }, { ""name"": ""Fernando Alvarado"", ""votes"": 24, ""votes_pct"": 17.270000, ""party"": ""DFL"" }, { ""name"": ""WRITE-IN"", ""votes"": 1, ""votes_pct"": 0.720000, ""party"": ""WI"" } ]"
"650175","7","16",16A,Renville,Wang Twp,36.1917887569009,R,"42.46",-42.46,4.03406421773395,"146","[ { ""name"": ""Andrew Robert Lang"", ""votes"": 104, ""votes_pct"": 71.230000, ""party"": ""R"" }, { ""name"": ""Fernando Alvarado"", ""votes"": 42, ""votes_pct"": 28.770000, ""party"": ""DFL"" }, { ""name"": ""WRITE-IN"", ""votes"": 0, ""votes_pct"": 0, ""party"": ""WI"" } ]"
"650180","7","16",16A,Renville,Wellington Twp,36.3444522040829,R,"87.66",-87.66,2.22867576996801,"81","[ { ""name"": ""Andrew Robert Lang"", ""votes"": 76, ""votes_pct"": 93.830000, ""party"": ""R"" }, { ""name"": ""Fernando Alvarado"", ""votes"": 5, ""votes_pct"": 6.170000, ""party"": ""DFL"" }, { ""name"": ""WRITE-IN"", ""votes"": 0, ""votes_pct"": 0, ""party"": ""WI"" } ]"
"650185","7","16",16A,Renville,Winfield Twp,36.4834330451791,R,"71.76",-71.76,2.32982460545148,"85","[ { ""name"": ""Andrew Robert Lang"", ""votes"": 73, ""votes_pct"": 85.880000, ""party"": ""R"" }, { ""name"": ""Fernando Alvarado"", ""votes"": 12, ""votes_pct"": 14.120000, ""party"": ""DFL"" }, { ""name"": ""WRITE-IN"", ""votes"": 0, ""votes_pct"": 0, ""party"": ""WI"" } ]"
"660005","2","58",58A,Rice,Bridgewater Twp,35.9168719016636,DFL,"3.86",3.86,29.5404344483256,"1061","[ { ""name"": ""Clarice Grabau"", ""votes"": 551, ""votes_pct"": 51.930000, ""party"": ""DFL"" }, { ""name"": ""Bill Lieske"", ""votes"": 510, ""votes_pct"": 48.070000, ""party"": ""R"" }, { ""name"": ""WRITE-IN"", ""votes"": 0, ""votes_pct"": 0, ""party"": ""WI"" } ]"
"660010","1","19",19A,Rice,Cannon City Twp,30.5297082691801,R,"47.26",-47.26,20.930432559851,"639","[ { ""name"": ""John R. Jasinski"", ""votes"": 470, ""votes_pct"": 73.550000, ""party"": ""R"" }, { ""name"": ""Kate E. Falvey"", ""votes"": 168, ""votes_pct"": 26.290000, ""party"": ""DFL"" }, { ""name"": ""WRITE-IN"", ""votes"": 1, ""votes_pct"": 0.160000, ""party"": ""WI"" } ]"
"660012","1","58",58B,Rice,Dennison,0.0318033185653369,R,"25.00",-25,251.546076349384,"8","[ { ""name"": ""Bill Lieske"", ""votes"": 5, ""votes_pct"": 62.500000, ""party"": ""R"" }, { ""name"": ""Clarice Grabau"", ""votes"": 3, ""votes_pct"": 37.500000, ""party"": ""DFL"" }, { ""name"": ""WRITE-IN"", ""votes"": 0, ""votes_pct"": 0, ""party"": ""WI"" } ]"
"660015","2","58",58A,Rice,Dundas,1.85980766329472,DFL,"9.73",9.73,441.981187744863,"822","[ { ""name"": ""Clarice Grabau"", ""votes"": 450, ""votes_pct"": 54.740000, ""party"": ""DFL"" }, { ""name"": ""Bill Lieske"", ""votes"": 370, ""votes_pct"": 45.010000, ""party"": ""R"" }, { ""name"": ""WRITE-IN"", ""votes"": 2, ""votes_pct"": 0.240000, ""party"": ""WI"" } ]"
"660020","2","22",22B,Rice,Erin Twp,36.1357547289196,R,"92.06",-92.06,11.1523891786181,"403","[ { ""name"": ""Rich Draheim"", ""votes"": 387, ""votes_pct"": 96.030000, ""party"": ""R"" }, { ""name"": ""WRITE-IN"", ""votes"": 16, ""votes_pct"": 3.970000, ""party"": ""WI"" } ]"
"660025","1","19",19A,Rice,Faribault P-1,6.13737184551777,R,"24.37",-24.37,288.071188205942,"1768","[ { ""name"": ""John R. Jasinski"", ""votes"": 1098, ""votes_pct"": 62.100000, ""party"": ""R"" }, { ""name"": ""Kate E. Falvey"", ""votes"": 667, ""votes_pct"": 37.730000, ""party"": ""DFL"" }, { ""name"": ""WRITE-IN"", ""votes"": 3, ""votes_pct"": 0.170000, ""party"": ""WI"" } ]"
"660030","1","19",19A,Rice,Faribault P-2,4.32660789412137,R,"15.83",-15.83,356.399294258937,"1542","[ { ""name"": ""John R. Jasinski"", ""votes"": 890, ""votes_pct"": 57.720000, ""party"": ""R"" }, { ""name"": ""Kate E. Falvey"", ""votes"": 646, ""votes_pct"": 41.890000, ""party"": ""DFL"" }, { ""name"": ""WRITE-IN"", ""votes"": 6, ""votes_pct"": 0.390000, ""party"": ""WI"" } ]"
"660035","1","19",19A,Rice,Faribault P-3,2.71014094340847,R,"11.44",-11.44,829.108170726357,"2247","[ { ""name"": ""John R. Jasinski"", ""votes"": 1252, ""votes_pct"": 55.720000, ""party"": ""R"" }, { ""name"": ""Kate E. Falvey"", ""votes"": 995, ""votes_pct"": 44.280000, ""party"": ""DFL"" }, { ""name"": ""WRITE-IN"", ""votes"": 0, ""votes_pct"": 0, ""party"": ""WI"" } ]"
"660040","1","19",19A,Rice,Faribault P-4,2.55503222357912,R,"12.88",-12.88,668.09333528045,"1707","[ { ""name"": ""John R. Jasinski"", ""votes"": 963, ""votes_pct"": 56.410000, ""party"": ""R"" }, { ""name"": ""Kate E. Falvey"", ""votes"": 743, ""votes_pct"": 43.530000, ""party"": ""DFL"" }, { ""name"": ""WRITE-IN"", ""votes"": 1, ""votes_pct"": 0.060000, ""party"": ""WI"" } ]"
"660055","2","58",58A,Rice,Forest Twp,35.6991863676505,R,"27.66",-27.66,20.7567755849884,"741","[ { ""name"": ""Bill Lieske"", ""votes"": 473, ""votes_pct"": 63.830000, ""party"": ""R"" }, { ""name"": ""Clarice Grabau"", ""votes"": 268, ""votes_pct"": 36.170000, ""party"": ""DFL"" }, { ""name"": ""WRITE-IN"", ""votes"": 0, ""votes_pct"": 0, ""party"": ""WI"" } ]"
"660060","2","58",58A,Rice,Lonsdale,2.63940800294457,R,"47.31",-47.31,698.262639934378,"1843","[ { ""name"": ""Bill Lieske"", ""votes"": 1357, ""votes_pct"": 73.630000, ""party"": ""R"" }, { ""name"": ""Clarice Grabau"", ""votes"": 485, ""votes_pct"": 26.320000, ""party"": ""DFL"" }, { ""name"": ""WRITE-IN"", ""votes"": 1, ""votes_pct"": 0.050000, ""party"": ""WI"" } ]"
"660065","2","19",19A,Rice,Morristown,1.13501038467574,R,"61.10",-61.1,353.300732234764,"401","[ { ""name"": ""John R. Jasinski"", ""votes"": 323, ""votes_pct"": 80.550000, ""party"": ""R"" }, { ""name"": ""Kate E. Falvey"", ""votes"": 78, ""votes_pct"": 19.450000, ""party"": ""DFL"" }, { ""name"": ""WRITE-IN"", ""votes"": 0, ""votes_pct"": 0, ""party"": ""WI"" } ]"
"660070","2","19",19A,Rice,Morristown Twp,34.8267092511324,R,"66.56",-66.56,9.44677252242265,"329","[ { ""name"": ""John R. Jasinski"", ""votes"": 274, ""votes_pct"": 83.280000, ""party"": ""R"" }, { ""name"": ""Kate E. Falvey"", ""votes"": 55, ""votes_pct"": 16.720000, ""party"": ""DFL"" }, { ""name"": ""WRITE-IN"", ""votes"": 0, ""votes_pct"": 0, ""party"": ""WI"" } ]"
"660075","1","19",19A,Rice,Nerstrand,1.41261440396333,R,"23.48",-23.48,81.4093355393713,"115","[ { ""name"": ""John R. Jasinski"", ""votes"": 71, ""votes_pct"": 61.740000, ""party"": ""R"" }, { ""name"": ""Kate E. Falvey"", ""votes"": 44, ""votes_pct"": 38.260000, ""party"": ""DFL"" }, { ""name"": ""WRITE-IN"", ""votes"": 0, ""votes_pct"": 0, ""party"": ""WI"" } ]"
"660080","2","58",58A,Rice,Northfield W-1 P-1,1.00409171432427,DFL,"84.06",84.06,1293.70652249052,"1299","[ { ""name"": ""Clarice Grabau"", ""votes"": 1195, ""votes_pct"": 91.990000, ""party"": ""DFL"" }, { ""name"": ""Bill Lieske"", ""votes"": 103, ""votes_pct"": 7.930000, ""party"": ""R"" }, { ""name"": ""WRITE-IN"", ""votes"": 1, ""votes_pct"": 0.080000, ""party"": ""WI"" } ]"
"660085","2","58",58A,Rice,Northfield W-1 P-2,1.00454424659374,DFL,"42.60",42.6,1668.41829584218,"1676","[ { ""name"": ""Clarice Grabau"", ""votes"": 1195, ""votes_pct"": 71.300000, ""party"": ""DFL"" }, { ""name"": ""Bill Lieske"", ""votes"": 481, ""votes_pct"": 28.700000, ""party"": ""R"" }, { ""name"": ""WRITE-IN"", ""votes"": 0, ""votes_pct"": 0, ""party"": ""WI"" } ]"
"660090","2","58",58A,Rice,Northfield W-2 P-1,1.03867216441946,DFL,"31.95",31.95,1259.30013800945,"1308","[ { ""name"": ""Clarice Grabau"", ""votes"": 862, ""votes_pct"": 65.900000, ""party"": ""DFL"" }, { ""name"": ""Bill Lieske"", ""votes"": 444, ""votes_pct"": 33.950000, ""party"": ""R"" }, { ""name"": ""WRITE-IN"", ""votes"": 2, ""votes_pct"": 0.150000, ""party"": ""WI"" } ]"
"660095","2","58",58A,Rice,Northfield W-2 P-2,1.4058689394424,DFL,"24.05",24.05,949.590649985834,"1335","[ { ""name"": ""Clarice Grabau"", ""votes"": 827, ""votes_pct"": 61.950000, ""party"": ""DFL"" }, { ""name"": ""Bill Lieske"", ""votes"": 506, ""votes_pct"": 37.900000, ""party"": ""R"" }, { ""name"": ""WRITE-IN"", ""votes"": 2, ""votes_pct"": 0.150000, ""party"": ""WI"" } ]"
"660105","2","58",58A,Rice,Northfield W-3 P-1,0.8307553491666,DFL,"47.84",47.84,1537.15531447503,"1277","[ { ""name"": ""Clarice Grabau"", ""votes"": 943, ""votes_pct"": 73.840000, ""party"": ""DFL"" }, { ""name"": ""Bill Lieske"", ""votes"": 332, ""votes_pct"": 26, ""party"": ""R"" }, { ""name"": ""WRITE-IN"", ""votes"": 2, ""votes_pct"": 0.160000, ""party"": ""WI"" } ]"
"660113","2","58",58A,Rice,Northfield W-4 P-1,1.34103487215684,DFL,"60.93",60.93,866.494991387593,"1162","[ { ""name"": ""Clarice Grabau"", ""votes"": 934, ""votes_pct"": 80.380000, ""party"": ""DFL"" }, { ""name"": ""Bill Lieske"", ""votes"": 226, ""votes_pct"": 19.450000, ""party"": ""R"" }, { ""name"": ""WRITE-IN"", ""votes"": 2, ""votes_pct"": 0.170000, ""party"": ""WI"" } ]"
"660114","2","58",58A,Rice,Northfield W-4 P-2,0.456401479366404,DFL,"85.88",85.88,2171.33389088867,"991","[ { ""name"": ""Clarice Grabau"", ""votes"": 921, ""votes_pct"": 92.940000, ""party"": ""DFL"" }, { ""name"": ""Bill Lieske"", ""votes"": 70, ""votes_pct"": 7.060000, ""party"": ""R"" }, { ""name"": ""WRITE-IN"", ""votes"": 0, ""votes_pct"": 0, ""party"": ""WI"" } ]"
"660115","1","58",58B,Rice,Northfield Twp P-1,8.93176201216728,R,"12.88",-12.88,11.3079591532346,"101","[ { ""name"": ""Bill Lieske"", ""votes"": 57, ""votes_pct"": 56.440000, ""party"": ""R"" }, { ""name"": ""Clarice Grabau"", ""votes"": 44, ""votes_pct"": 43.560000, ""party"": ""DFL"" }, { ""name"": ""WRITE-IN"", ""votes"": 0, ""votes_pct"": 0, ""party"": ""WI"" } ]"
"660116","2","58",58B,Rice,Northfield Twp P-2,29.6949056814739,R,"12.24",-12.24,12.6621045385094,"376","[ { ""name"": ""Bill Lieske"", ""votes"": 211, ""votes_pct"": 56.120000, ""party"": ""R"" }, { ""name"": ""Clarice Grabau"", ""votes"": 165, ""votes_pct"": 43.880000, ""party"": ""DFL"" }, { ""name"": ""WRITE-IN"", ""votes"": 0, ""votes_pct"": 0, ""party"": ""WI"" } ]"
"660120","1","19",19A,Rice,Richland Twp,36.0545717471683,R,"33.34",-33.34,5.15884646486221,"186","[ { ""name"": ""John R. Jasinski"", ""votes"": 124, ""votes_pct"": 66.670000, ""party"": ""R"" }, { ""name"": ""Kate E. Falvey"", ""votes"": 62, ""votes_pct"": 33.330000, ""party"": ""DFL"" }, { ""name"": ""WRITE-IN"", ""votes"": 0, ""votes_pct"": 0, ""party"": ""WI"" } ]"
"660125","2","19",19A,Rice,Shieldsville Twp,36.4873940433031,R,"51.90",-51.9,18.0062187839525,"657","[ { ""name"": ""John R. Jasinski"", ""votes"": 499, ""votes_pct"": 75.950000, ""party"": ""R"" }, { ""name"": ""Kate E. Falvey"", ""votes"": 158, ""votes_pct"": 24.050000, ""party"": ""DFL"" }, { ""name"": ""WRITE-IN"", ""votes"": 0, ""votes_pct"": 0, ""party"": ""WI"" } ]"
"660130","1","19",19A,Rice,Walcott Twp,33.0153769919645,R,"45.20",-45.2,16.6891930428087,"551","[ { ""name"": ""John R. Jasinski"", ""votes"": 400, ""votes_pct"": 72.600000, ""party"": ""R"" }, { ""name"": ""Kate E. Falvey"", ""votes"": 151, ""votes_pct"": 27.400000, ""party"": ""DFL"" }, { ""name"": ""WRITE-IN"", ""votes"": 0, ""votes_pct"": 0, ""party"": ""WI"" } ]"
"660135","1","19",19A,Rice,Warsaw Twp,34.9210147834291,R,"49.92",-49.92,20.2456888605508,"707","[ { ""name"": ""John R. Jasinski"", ""votes"": 530, ""votes_pct"": 74.960000, ""party"": ""R"" }, { ""name"": ""Kate E. Falvey"", ""votes"": 177, ""votes_pct"": 25.040000, ""party"": ""DFL"" }, { ""name"": ""WRITE-IN"", ""votes"": 0, ""votes_pct"": 0, ""party"": ""WI"" } ]"
"660140","2","58",58A,Rice,Webster Twp P-1,18.2912674232703,R,"34.02",-34.02,26.3513724252261,"482","[ { ""name"": ""Bill Lieske"", ""votes"": 323, ""votes_pct"": 67.010000, ""party"": ""R"" }, { ""name"": ""Clarice Grabau"", ""votes"": 159, ""votes_pct"": 32.990000, ""party"": ""DFL"" }, { ""name"": ""WRITE-IN"", ""votes"": 0, ""votes_pct"": 0, ""party"": ""WI"" } ]"
"660142","2","58",58A,Rice,Webster Twp P-2,17.3635384469847,R,"37.11",-37.11,33.0577780417607,"574","[ { ""name"": ""Bill Lieske"", ""votes"": 393, ""votes_pct"": 68.470000, ""party"": ""R"" }, { ""name"": ""Clarice Grabau"", ""votes"": 180, ""votes_pct"": 31.360000, ""party"": ""DFL"" }, { ""name"": ""WRITE-IN"", ""votes"": 1, ""votes_pct"": 0.170000, ""party"": ""WI"" } ]"
"660145","1","19",19A,Rice,Wells Twp,29.8763206443058,R,"50.70",-50.7,29.0531089933737,"868","[ { ""name"": ""John R. Jasinski"", ""votes"": 654, ""votes_pct"": 75.350000, ""party"": ""R"" }, { ""name"": ""Kate E. Falvey"", ""votes"": 214, ""votes_pct"": 24.650000, ""party"": ""DFL"" }, { ""name"": ""WRITE-IN"", ""votes"": 0, ""votes_pct"": 0, ""party"": ""WI"" } ]"
"660150","2","58",58A,Rice,Wheatland Twp,33.3625604979467,R,"54.67",-54.67,20.5619709567022,"686","[ { ""name"": ""Bill Lieske"", ""votes"": 530, ""votes_pct"": 77.260000, ""party"": ""R"" }, { ""name"": ""Clarice Grabau"", ""votes"": 155, ""votes_pct"": 22.590000, ""party"": ""DFL"" }, { ""name"": ""WRITE-IN"", ""votes"": 1, ""votes_pct"": 0.150000, ""party"": ""WI"" } ]"
"660155","1","19",19A,Rice,Wheeling Twp,34.5742246629222,R,"37.58",-37.58,8.61913760627519,"298","[ { ""name"": ""John R. Jasinski"", ""votes"": 205, ""votes_pct"": 68.790000, ""party"": ""R"" }, { ""name"": ""Kate E. Falvey"", ""votes"": 93, ""votes_pct"": 31.210000, ""party"": ""DFL"" }, { ""name"": ""WRITE-IN"", ""votes"": 0, ""votes_pct"": 0, ""party"": ""WI"" } ]"
"670005","1","21",21A,Rock,Battle Plain Twp,36.3147691115266,R,"90.70",-90.7,2.36818248068395,"86","[ { ""name"": ""Bill Weber"", ""votes"": 82, ""votes_pct"": 95.350000, ""party"": ""R"" }, { ""name"": ""WRITE-IN"", ""votes"": 4, ""votes_pct"": 4.650000, ""party"": ""WI"" } ]"
"670010","1","21",21A,Rock,Beaver Creek,0.510981149002896,R,"93.34",-93.34,234.842322919666,"120","[ { ""name"": ""Bill Weber"", ""votes"": 116, ""votes_pct"": 96.670000, ""party"": ""R"" }, { ""name"": ""WRITE-IN"", ""votes"": 4, ""votes_pct"": 3.330000, ""party"": ""WI"" } ]"
"670015","1","21",21A,Rock,Beaver Creek Twp,48.2320412069067,R,"97.50",-97.5,3.31729688390398,"160","[ { ""name"": ""Bill Weber"", ""votes"": 158, ""votes_pct"": 98.750000, ""party"": ""R"" }, { ""name"": ""WRITE-IN"", ""votes"": 2, ""votes_pct"": 1.250000, ""party"": ""WI"" } ]"
"670020","1","21",21A,Rock,Clinton Twp,35.6207876843118,R,"100.00",-100,3.39689287817998,"121","[ { ""name"": ""Bill Weber"", ""votes"": 121, ""votes_pct"": 100, ""party"": ""R"" }, { ""name"": ""WRITE-IN"", ""votes"": 0, ""votes_pct"": 0, ""party"": ""WI"" } ]"
"670025","1","21",21A,Rock,Denver Twp,34.2358498771275,R,"97.14",-97.14,2.04464034780004,"70","[ { ""name"": ""Bill Weber"", ""votes"": 69, ""votes_pct"": 98.570000, ""party"": ""R"" }, { ""name"": ""WRITE-IN"", ""votes"": 1, ""votes_pct"": 1.430000, ""party"": ""WI"" } ]"
"670030","1","21",21A,Rock,Hardwick,1.75532215022822,R,"87.76",-87.76,27.9151037851538,"49","[ { ""name"": ""Bill Weber"", ""votes"": 46, ""votes_pct"": 93.880000, ""party"": ""R"" }, { ""name"": ""WRITE-IN"", ""votes"": 3, ""votes_pct"": 6.120000, ""party"": ""WI"" } ]"
"670035","1","21",21A,Rock,Hills,0.635021608603239,R,"98.58",-98.58,444.079376480232,"282","[ { ""name"": ""Bill Weber"", ""votes"": 280, ""votes_pct"": 99.290000, ""party"": ""R"" }, { ""name"": ""WRITE-IN"", ""votes"": 2, ""votes_pct"": 0.710000, ""party"": ""WI"" } ]"
"670040","1","21",21A,Rock,Jasper,0.52378227834075,R,"100.00",-100,28.6378532078583,"15","[ { ""name"": ""Bill Weber"", ""votes"": 15, ""votes_pct"": 100, ""party"": ""R"" }, { ""name"": ""WRITE-IN"", ""votes"": 0, ""votes_pct"": 0, ""party"": ""WI"" } ]"
"670045","1","21",21A,Rock,Kanaranzi Twp,36.156208741979,R,"95.60",-95.6,2.51685680457821,"91","[ { ""name"": ""Bill Weber"", ""votes"": 89, ""votes_pct"": 97.800000, ""party"": ""R"" }, { ""name"": ""WRITE-IN"", ""votes"": 2, ""votes_pct"": 2.200000, ""party"": ""WI"" } ]"
"670050","1","21",21A,Rock,Kenneth,1.0630751006999,R,"100.00",-100,18.8133462883597,"20","[ { ""name"": ""Bill Weber"", ""votes"": 20, ""votes_pct"": 100, ""party"": ""R"" }, { ""name"": ""WRITE-IN"", ""votes"": 0, ""votes_pct"": 0, ""party"": ""WI"" } ]"
"670055","1","21",21A,Rock,Luverne W-1 P-NE,0.768130626745053,R,"91.98",-91.98,942.548018255624,"724","[ { ""name"": ""Bill Weber"", ""votes"": 695, ""votes_pct"": 95.990000, ""party"": ""R"" }, { ""name"": ""WRITE-IN"", ""votes"": 29, ""votes_pct"": 4.010000, ""party"": ""WI"" } ]"
"670060","1","21",21A,Rock,Luverne W-1 P-NW,0.497606402176884,R,"91.74",-91.74,633.030440569024,"315","[ { ""name"": ""Bill Weber"", ""votes"": 302, ""votes_pct"": 95.870000, ""party"": ""R"" }, { ""name"": ""WRITE-IN"", ""votes"": 13, ""votes_pct"": 4.130000, ""party"": ""WI"" } ]"
"670065","1","21",21A,Rock,Luverne W-2 P-SE,1.98219464464121,R,"90.96",-90.96,211.88635593152,"420","[ { ""name"": ""Bill Weber"", ""votes"": 401, ""votes_pct"": 95.480000, ""party"": ""R"" }, { ""name"": ""WRITE-IN"", ""votes"": 19, ""votes_pct"": 4.520000, ""party"": ""WI"" } ]"
"670070","1","21",21A,Rock,Luverne W-2 P-SW,0.346590315803546,R,"90.04",-90.04,753.050469384551,"261","[ { ""name"": ""Bill Weber"", ""votes"": 248, ""votes_pct"": 95.020000, ""party"": ""R"" }, { ""name"": ""WRITE-IN"", ""votes"": 13, ""votes_pct"": 4.980000, ""party"": ""WI"" } ]"
"670075","1","21",21A,Rock,Luverne Twp P-1,22.1188595458288,R,"96.88",-96.88,5.78691680440363,"128","[ { ""name"": ""Bill Weber"", ""votes"": 126, ""votes_pct"": 98.440000, ""party"": ""R"" }, { ""name"": ""WRITE-IN"", ""votes"": 2, ""votes_pct"": 1.560000, ""party"": ""WI"" } ]"
"670077","1","21",21A,Rock,Luverne Twp P-2,10.3698915022989,R,"96.62",-96.62,11.379096876167,"118","[ { ""name"": ""Bill Weber"", ""votes"": 116, ""votes_pct"": 98.310000, ""party"": ""R"" }, { ""name"": ""WRITE-IN"", ""votes"": 2, ""votes_pct"": 1.690000, ""party"": ""WI"" } ]"
"670080","1","21",21A,Rock,Magnolia,0.78235911868257,R,"95.12",-95.12,52.4056012397998,"41","[ { ""name"": ""Bill Weber"", ""votes"": 40, ""votes_pct"": 97.560000, ""party"": ""R"" }, { ""name"": ""WRITE-IN"", ""votes"": 1, ""votes_pct"": 2.440000, ""party"": ""WI"" } ]"
"670085","1","21",21A,Rock,Magnolia Twp,35.2577757753164,R,"94.24",-94.24,2.94970393659402,"104","[ { ""name"": ""Bill Weber"", ""votes"": 101, ""votes_pct"": 97.120000, ""party"": ""R"" }, { ""name"": ""WRITE-IN"", ""votes"": 3, ""votes_pct"": 2.880000, ""party"": ""WI"" } ]"
"670090","1","21",21A,Rock,Martin Twp,47.9992202679132,R,"98.86",-98.86,3.64589255873777,"175","[ { ""name"": ""Bill Weber"", ""votes"": 174, ""votes_pct"": 99.430000, ""party"": ""R"" }, { ""name"": ""WRITE-IN"", ""votes"": 1, ""votes_pct"": 0.570000, ""party"": ""WI"" } ]"
"670095","1","21",21A,Rock,Mound Twp,35.8264468132857,R,"95.74",-95.74,2.6237600532895,"94","[ { ""name"": ""Bill Weber"", ""votes"": 92, ""votes_pct"": 97.870000, ""party"": ""R"" }, { ""name"": ""WRITE-IN"", ""votes"": 2, ""votes_pct"": 2.130000, ""party"": ""WI"" } ]"
"670100","1","21",21A,Rock,Rose Dell Twp,48.07904558886,R,"97.14",-97.14,1.45593572298821,"70","[ { ""name"": ""Bill Weber"", ""votes"": 69, ""votes_pct"": 98.570000, ""party"": ""R"" }, { ""name"": ""WRITE-IN"", ""votes"": 1, ""votes_pct"": 1.430000, ""party"": ""WI"" } ]"
"670105","1","21",21A,Rock,Springwater Twp,48.6753227304201,R,"91.30",-91.3,1.89007478203126,"92","[ { ""name"": ""Bill Weber"", ""votes"": 88, ""votes_pct"": 95.650000, ""party"": ""R"" }, { ""name"": ""WRITE-IN"", ""votes"": 4, ""votes_pct"": 4.350000, ""party"": ""WI"" } ]"
"670110","1","21",21A,Rock,Steen,0.438058838477403,R,"87.76",-87.76,111.857119857034,"49","[ { ""name"": ""Bill Weber"", ""votes"": 46, ""votes_pct"": 93.880000, ""party"": ""R"" }, { ""name"": ""WRITE-IN"", ""votes"": 3, ""votes_pct"": 6.120000, ""party"": ""WI"" } ]"
"670115","1","21",21A,Rock,Vienna Twp,34.9680891141925,R,"100.00",-100,2.31639766575419,"81","[ { ""name"": ""Bill Weber"", ""votes"": 81, ""votes_pct"": 100, ""party"": ""R"" }, { ""name"": ""WRITE-IN"", ""votes"": 0, ""votes_pct"": 0, ""party"": ""WI"" } ]"
"680005","7","1",1A,Roseau,Badger,1.33868436121005,R,"100.00",-100,122.508340839777,"164","[ { ""name"": ""Mark Johnson"", ""votes"": 164, ""votes_pct"": 100, ""party"": ""R"" }, { ""name"": ""WRITE-IN"", ""votes"": 0, ""votes_pct"": 0, ""party"": ""WI"" } ]"
"680010","7","1",1A,Roseau,Barnett Twp,37.0030757037985,R,"100.00",-100,1.21611512405658,"45","[ { ""name"": ""Mark Johnson"", ""votes"": 45, ""votes_pct"": 100, ""party"": ""R"" }, { ""name"": ""WRITE-IN"", ""votes"": 0, ""votes_pct"": 0, ""party"": ""WI"" } ]"
"680015","7","1",1A,Roseau,Barto Twp,36.8755611732437,R,"96.88",-96.88,1.73556680803647,"64","[ { ""name"": ""Mark Johnson"", ""votes"": 63, ""votes_pct"": 98.440000, ""party"": ""R"" }, { ""name"": ""WRITE-IN"", ""votes"": 1, ""votes_pct"": 1.560000, ""party"": ""WI"" } ]"
"680020","7","1",1A,Roseau,Beaver Twp,35.6237151411913,R,"100.00",-100,1.40355939300069,"50","[ { ""name"": ""Mark Johnson"", ""votes"": 50, ""votes_pct"": 100, ""party"": ""R"" }, { ""name"": ""WRITE-IN"", ""votes"": 0, ""votes_pct"": 0, ""party"": ""WI"" } ]"
"680025","7","1",1A,Roseau,Cedarbend Twp,35.9819272601603,R,"92.98",-92.98,1.58412859844534,"57","[ { ""name"": ""Mark Johnson"", ""votes"": 55, ""votes_pct"": 96.490000, ""party"": ""R"" }, { ""name"": ""WRITE-IN"", ""votes"": 2, ""votes_pct"": 3.510000, ""party"": ""WI"" } ]"
"680028","7","1",1A,Roseau,Clear River/Oaks Unorg,65.8963371904695,R,"100.00",-100,0.789118215322,"52","[ { ""name"": ""Mark Johnson"", ""votes"": 52, ""votes_pct"": 100, ""party"": ""R"" }, { ""name"": ""WRITE-IN"", ""votes"": 0, ""votes_pct"": 0, ""party"": ""WI"" } ]"
"680030","7","1",1A,Roseau,Deer Twp,36.1519830957028,R,"100.00",-100,1.35538899402242,"49","[ { ""name"": ""Mark Johnson"", ""votes"": 49, ""votes_pct"": 100, ""party"": ""R"" }, { ""name"": ""WRITE-IN"", ""votes"": 0, ""votes_pct"": 0, ""party"": ""WI"" } ]"
"680035","7","1",1A,Roseau,Dewey Twp,34.7222501556302,R,"92.98",-92.98,1.64159867936317,"57","[ { ""name"": ""Mark Johnson"", ""votes"": 55, ""votes_pct"": 96.490000, ""party"": ""R"" }, { ""name"": ""WRITE-IN"", ""votes"": 2, ""votes_pct"": 3.510000, ""party"": ""WI"" } ]"
"680040","7","1",1A,Roseau,Dieter Twp,44.4619616912757,R,"100.00",-100,1.57437947713709,"70","[ { ""name"": ""Mark Johnson"", ""votes"": 70, ""votes_pct"": 100, ""party"": ""R"" }, { ""name"": ""WRITE-IN"", ""votes"": 0, ""votes_pct"": 0, ""party"": ""WI"" } ]"
"680045","7","1",1A,Roseau,Enstrom Twp,35.9513389965015,R,"100.00",-100,3.75507571534782,"135","[ { ""name"": ""Mark Johnson"", ""votes"": 135, ""votes_pct"": 100, ""party"": ""R"" }, { ""name"": ""WRITE-IN"", ""votes"": 0, ""votes_pct"": 0, ""party"": ""WI"" } ]"
"680050","7","1",1A,Roseau,Falun Twp,35.613693197275,R,"95.40",-95.4,2.4428805942164,"87","[ { ""name"": ""Mark Johnson"", ""votes"": 85, ""votes_pct"": 97.700000, ""party"": ""R"" }, { ""name"": ""WRITE-IN"", ""votes"": 2, ""votes_pct"": 2.300000, ""party"": ""WI"" } ]"
"680055","7","1",1A,Roseau,Golden Valley Twp,36.2234675687742,R,"96.92",-96.92,1.79441683424124,"65","[ { ""name"": ""Mark Johnson"", ""votes"": 64, ""votes_pct"": 98.460000, ""party"": ""R"" }, { ""name"": ""WRITE-IN"", ""votes"": 1, ""votes_pct"": 1.540000, ""party"": ""WI"" } ]"
"680060","7","1",1A,Roseau,Greenbush,1.53206152219949,R,"98.62",-98.62,188.634722439278,"289","[ { ""name"": ""Mark Johnson"", ""votes"": 287, ""votes_pct"": 99.310000, ""party"": ""R"" }, { ""name"": ""WRITE-IN"", ""votes"": 2, ""votes_pct"": 0.690000, ""party"": ""WI"" } ]"
"680065","7","1",1A,Roseau,Grimstad Twp,37.2110879783343,R,"100.00",-100,1.80053859320131,"67","[ { ""name"": ""Mark Johnson"", ""votes"": 67, ""votes_pct"": 100, ""party"": ""R"" }, { ""name"": ""WRITE-IN"", ""votes"": 0, ""votes_pct"": 0, ""party"": ""WI"" } ]"
"680070","7","1",1A,Roseau,Hereim Twp,33.0794680329699,R,"100.00",-100,2.99279298873029,"99","[ { ""name"": ""Mark Johnson"", ""votes"": 99, ""votes_pct"": 100, ""party"": ""R"" }, { ""name"": ""WRITE-IN"", ""votes"": 0, ""votes_pct"": 0, ""party"": ""WI"" } ]"
"680075","7","1",1A,Roseau,Huss Twp,36.4526119714056,R,"100.00",-100,1.48137532757211,"54","[ { ""name"": ""Mark Johnson"", ""votes"": 54, ""votes_pct"": 100, ""party"": ""R"" }, { ""name"": ""WRITE-IN"", ""votes"": 0, ""votes_pct"": 0, ""party"": ""WI"" } ]"
"680080","7","1",1A,Roseau,Jadis Twp,49.261196136438,R,"99.26",-99.26,5.52158740211353,"272","[ { ""name"": ""Mark Johnson"", ""votes"": 271, ""votes_pct"": 99.630000, ""party"": ""R"" }, { ""name"": ""WRITE-IN"", ""votes"": 1, ""votes_pct"": 0.370000, ""party"": ""WI"" } ]"
"680083","7","1",1A,Roseau,Jadis Unorg,25.9796581996595,R,"66.66",-66.66,0.230949920660567,"6","[ { ""name"": ""Mark Johnson"", ""votes"": 5, ""votes_pct"": 83.330000, ""party"": ""R"" }, { ""name"": ""WRITE-IN"", ""votes"": 1, ""votes_pct"": 16.670000, ""party"": ""WI"" } ]"
"680085","7","1",1A,Roseau,Lake Twp,57.5635987012086,R,"99.40",-99.4,11.7087884567205,"674","[ { ""name"": ""Mark Johnson"", ""votes"": 672, ""votes_pct"": 99.700000, ""party"": ""R"" }, { ""name"": ""WRITE-IN"", ""votes"": 2, ""votes_pct"": 0.300000, ""party"": ""WI"" } ]"
"680090","7","1",1A,Roseau,Laona Twp,38.0408810530191,R,"99.04",-99.04,5.4415143464079,"207","[ { ""name"": ""Mark Johnson"", ""votes"": 206, ""votes_pct"": 99.520000, ""party"": ""R"" }, { ""name"": ""WRITE-IN"", ""votes"": 1, ""votes_pct"": 0.480000, ""party"": ""WI"" } ]"
"680095","7","1",1A,Roseau,Lind Twp,36.1746891541936,R,"100.00",-100,0.442298202806953,"16","[ { ""name"": ""Mark Johnson"", ""votes"": 16, ""votes_pct"": 100, ""party"": ""R"" }, { ""name"": ""WRITE-IN"", ""votes"": 0, ""votes_pct"": 0, ""party"": ""WI"" } ]"
"680100","7","1",1A,Roseau,Malung Twp,35.9631132084724,R,"98.88",-98.88,4.92170961323507,"177","[ { ""name"": ""Mark Johnson"", ""votes"": 176, ""votes_pct"": 99.440000, ""party"": ""R"" }, { ""name"": ""WRITE-IN"", ""votes"": 1, ""votes_pct"": 0.560000, ""party"": ""WI"" } ]"
"680105","7","1",1A,Roseau,Mickinock Twp,37.6299664112315,R,"92.08",-92.08,2.68403109628752,"101","[ { ""name"": ""Mark Johnson"", ""votes"": 97, ""votes_pct"": 96.040000, ""party"": ""R"" }, { ""name"": ""WRITE-IN"", ""votes"": 4, ""votes_pct"": 3.960000, ""party"": ""WI"" } ]"
"680110","7","1",1A,Roseau,Moose Twp,36.5263459333473,R,"100.00",-100,1.50576244610844,"55","[ { ""name"": ""Mark Johnson"", ""votes"": 55, ""votes_pct"": 100, ""party"": ""R"" }, { ""name"": ""WRITE-IN"", ""votes"": 0, ""votes_pct"": 0, ""party"": ""WI"" } ]"
"680115","7","1",1A,Roseau,Moranville Twp,35.435929716892,R,"100.00",-100,10.3002800523675,"365","[ { ""name"": ""Mark Johnson"", ""votes"": 365, ""votes_pct"": 100, ""party"": ""R"" }, { ""name"": ""WRITE-IN"", ""votes"": 0, ""votes_pct"": 0, ""party"": ""WI"" } ]"
"680120","7","1",1A,Roseau,Nereson Twp,36.3427075024299,R,"100.00",-100,0.467769221620689,"17","[ { ""name"": ""Mark Johnson"", ""votes"": 17, ""votes_pct"": 100, ""party"": ""R"" }, { ""name"": ""WRITE-IN"", ""votes"": 0, ""votes_pct"": 0, ""party"": ""WI"" } ]"
"680121","7","1",1A,Roseau,Norland/Spruce Valley Unorg,93.7775792485818,R,"96.00",-96,0.533176484194181,"50","[ { ""name"": ""Mark Johnson"", ""votes"": 49, ""votes_pct"": 98, ""party"": ""R"" }, { ""name"": ""WRITE-IN"", ""votes"": 1, ""votes_pct"": 2, ""party"": ""WI"" } ]"
"680122","7","1",1A,Roseau,Juneberry/Blooming Valley Unorg,126.139729332345,R,"100.00",-100,0.0951325967125166,"12","[ { ""name"": ""Mark Johnson"", ""votes"": 12, ""votes_pct"": 100, ""party"": ""R"" }, { ""name"": ""WRITE-IN"", ""votes"": 0, ""votes_pct"": 0, ""party"": ""WI"" } ]"
"680125","7","1",1A,Roseau,Palmville Twp,35.799501019884,R,"100.00",-100,0.670400405488047,"24","[ { ""name"": ""Mark Johnson"", ""votes"": 24, ""votes_pct"": 100, ""party"": ""R"" }, { ""name"": ""WRITE-IN"", ""votes"": 0, ""votes_pct"": 0, ""party"": ""WI"" } ]"
"680130","7","1",1A,Roseau,Pohlitz Twp,45.223874918937,R,"100.00",-100,0.243234353971598,"11","[ { ""name"": ""Mark Johnson"", ""votes"": 11, ""votes_pct"": 100, ""party"": ""R"" }, { ""name"": ""WRITE-IN"", ""votes"": 0, ""votes_pct"": 0, ""party"": ""WI"" } ]"
"680135","7","1",1A,Roseau,Polonia Twp,36.6695407718125,R,"100.00",-100,0.409058845141861,"15","[ { ""name"": ""Mark Johnson"", ""votes"": 15, ""votes_pct"": 100, ""party"": ""R"" }, { ""name"": ""WRITE-IN"", ""votes"": 0, ""votes_pct"": 0, ""party"": ""WI"" } ]"
"680140","7","1",1A,Roseau,Poplar Grove Twp,35.7965307345918,R,"84.62",-84.62,1.45265473868254,"52","[ { ""name"": ""Mark Johnson"", ""votes"": 48, ""votes_pct"": 92.310000, ""party"": ""R"" }, { ""name"": ""WRITE-IN"", ""votes"": 4, ""votes_pct"": 7.690000, ""party"": ""WI"" } ]"
"680145","7","1",1A,Roseau,Reine Twp,36.236243689473,R,"94.74",-94.74,1.04867381745309,"38","[ { ""name"": ""Mark Johnson"", ""votes"": 37, ""votes_pct"": 97.370000, ""party"": ""R"" }, { ""name"": ""WRITE-IN"", ""votes"": 1, ""votes_pct"": 2.630000, ""party"": ""WI"" } ]"
"680150","7","1",1A,Roseau,Roosevelt,1.00093312128982,R,"100.00",-100,61.9422004140556,"62","[ { ""name"": ""Mark Johnson"", ""votes"": 62, ""votes_pct"": 100, ""party"": ""R"" }, { ""name"": ""WRITE-IN"", ""votes"": 0, ""votes_pct"": 0, ""party"": ""WI"" } ]"
"680155","7","1",1A,Roseau,Roseau,2.68587143378611,R,"100.00",-100,312.747657774483,"840","[ { ""name"": ""Mark Johnson"", ""votes"": 840, ""votes_pct"": 100, ""party"": ""R"" }, { ""name"": ""WRITE-IN"", ""votes"": 0, ""votes_pct"": 0, ""party"": ""WI"" } ]"
"680160","7","1",1A,Roseau,Ross Twp,35.6929700959517,R,"100.00",-100,4.11845804943738,"147","[ { ""name"": ""Mark Johnson"", ""votes"": 147, ""votes_pct"": 100, ""party"": ""R"" }, { ""name"": ""WRITE-IN"", ""votes"": 0, ""votes_pct"": 0, ""party"": ""WI"" } ]"
"680165","7","1",1A,Roseau,Skagen Twp,35.1164671281696,R,"100.00",-100,2.47747017609897,"87","[ { ""name"": ""Mark Johnson"", ""votes"": 87, ""votes_pct"": 100, ""party"": ""R"" }, { ""name"": ""WRITE-IN"", ""votes"": 0, ""votes_pct"": 0, ""party"": ""WI"" } ]"
"680170","7","1",1A,Roseau,Soler Twp,36.5019674851389,R,"100.00",-100,1.47937231114967,"54","[ { ""name"": ""Mark Johnson"", ""votes"": 54, ""votes_pct"": 100, ""party"": ""R"" }, { ""name"": ""WRITE-IN"", ""votes"": 0, ""votes_pct"": 0, ""party"": ""WI"" } ]"
"680175","7","1",1A,Roseau,Spruce Twp,35.4660503900531,R,"99.10",-99.1,6.28770324147915,"223","[ { ""name"": ""Mark Johnson"", ""votes"": 222, ""votes_pct"": 99.550000, ""party"": ""R"" }, { ""name"": ""WRITE-IN"", ""votes"": 1, ""votes_pct"": 0.450000, ""party"": ""WI"" } ]"
"680176","7","1",1A,Roseau,America/Beltrami Island Forest Unorg,113.142087100657,R,"100.00",-100,0.185607323836243,"21","[ { ""name"": ""Mark Johnson"", ""votes"": 21, ""votes_pct"": 100, ""party"": ""R"" }, { ""name"": ""WRITE-IN"", ""votes"": 0, ""votes_pct"": 0, ""party"": ""WI"" } ]"
"680180","7","1",1A,Roseau,Stafford Twp,36.011878031445,R,"93.70",-93.7,3.52661418793837,"127","[ { ""name"": ""Mark Johnson"", ""votes"": 123, ""votes_pct"": 96.850000, ""party"": ""R"" }, { ""name"": ""WRITE-IN"", ""votes"": 4, ""votes_pct"": 3.150000, ""party"": ""WI"" } ]"
"680185","7","1",1A,Roseau,Stokes Twp,36.0780572798989,R,"89.14",-89.14,2.5500264408987,"92","[ { ""name"": ""Mark Johnson"", ""votes"": 87, ""votes_pct"": 94.570000, ""party"": ""R"" }, { ""name"": ""WRITE-IN"", ""votes"": 5, ""votes_pct"": 5.430000, ""party"": ""WI"" } ]"
"680190","7","1",1A,Roseau,Strathcona,0.497000078987841,R,"100.00",-100,30.1810817224578,"15","[ { ""name"": ""Mark Johnson"", ""votes"": 15, ""votes_pct"": 100, ""party"": ""R"" }, { ""name"": ""WRITE-IN"", ""votes"": 0, ""votes_pct"": 0, ""party"": ""WI"" } ]"
"680195","7","1",1A,Roseau,Warroad,3.34879913370331,R,"96.30",-96.3,161.550447906898,"541","[ { ""name"": ""Mark Johnson"", ""votes"": 531, ""votes_pct"": 98.150000, ""party"": ""R"" }, { ""name"": ""WRITE-IN"", ""votes"": 10, ""votes_pct"": 1.850000, ""party"": ""WI"" } ]"
"690005","8","7",7B,St. Louis,Alango Twp,36.1144082634707,R,"9.24",-9.24,3.29508375526582,"119","[ { ""name"": ""Robert Farnsworth"", ""votes"": 65, ""votes_pct"": 54.620000, ""party"": ""R"" }, { ""name"": ""Ben DeNucci"", ""votes"": 54, ""votes_pct"": 45.380000, ""party"": ""DFL"" }, { ""name"": ""WRITE-IN"", ""votes"": 0, ""votes_pct"": 0, ""party"": ""WI"" } ]"
"690010","8","7",7B,St. Louis,Alborn Twp,35.143978806488,DFL,"4.06",4.06,6.99977658632624,"246","[ { ""name"": ""Ben DeNucci"", ""votes"": 128, ""votes_pct"": 52.030000, ""party"": ""DFL"" }, { ""name"": ""Robert Farnsworth"", ""votes"": 118, ""votes_pct"": 47.970000, ""party"": ""R"" }, { ""name"": ""WRITE-IN"", ""votes"": 0, ""votes_pct"": 0, ""party"": ""WI"" } ]"
"690015","8","3",3B,St. Louis,Alden Twp,35.6458988333705,DFL,"33.98",33.98,2.88953297212342,"103","[ { ""name"": ""Grant Hauschild"", ""votes"": 69, ""votes_pct"": 66.990000, ""party"": ""DFL"" }, { ""name"": ""Andrea Zupancich"", ""votes"": 34, ""votes_pct"": 33.010000, ""party"": ""R"" }, { ""name"": ""WRITE-IN"", ""votes"": 0, ""votes_pct"": 0, ""party"": ""WI"" } ]"
"690020","8","7",7B,St. Louis,Angora Twp,36.434817011633,R,"23.22",-23.22,3.07398277763383,"112","[ { ""name"": ""Robert Farnsworth"", ""votes"": 69, ""votes_pct"": 61.610000, ""party"": ""R"" }, { ""name"": ""Ben DeNucci"", ""votes"": 43, ""votes_pct"": 38.390000, ""party"": ""DFL"" }, { ""name"": ""WRITE-IN"", ""votes"": 0, ""votes_pct"": 0, ""party"": ""WI"" } ]"
"690025","8","11",11A,St. Louis,Arrowhead Twp,71.5230559467567,DFL,"1.04",1.04,1.35620603336928,"97","[ { ""name"": ""Michelle Boyechko"", ""votes"": 49, ""votes_pct"": 50.520000, ""party"": ""DFL"" }, { ""name"": ""Jason Rarick"", ""votes"": 48, ""votes_pct"": 49.480000, ""party"": ""R"" }, { ""name"": ""WRITE-IN"", ""votes"": 0, ""votes_pct"": 0, ""party"": ""WI"" } ]"
"690030","8","3",3B,St. Louis,Ault Twp,71.8799552080038,DFL,"21.22",21.22,0.918197567166137,"66","[ { ""name"": ""Grant Hauschild"", ""votes"": 40, ""votes_pct"": 60.610000, ""party"": ""DFL"" }, { ""name"": ""Andrea Zupancich"", ""votes"": 26, ""votes_pct"": 39.390000, ""party"": ""R"" }, { ""name"": ""WRITE-IN"", ""votes"": 0, ""votes_pct"": 0, ""party"": ""WI"" } ]"
"690031","8","3",3B,St. Louis,Unorg Prct 3,107.881284656831,R,"1.88",-1.88,0.491280764486557,"53","[ { ""name"": ""Andrea Zupancich"", ""votes"": 27, ""votes_pct"": 50.940000, ""party"": ""R"" }, { ""name"": ""Grant Hauschild"", ""votes"": 26, ""votes_pct"": 49.060000, ""party"": ""DFL"" }, { ""name"": ""WRITE-IN"", ""votes"": 0, ""votes_pct"": 0, ""party"": ""WI"" } ]"
"690035","8","3",3A,St. Louis,Babbitt,106.75104600406,R,"26.58",-26.58,7.22241166583679,"771","[ { ""name"": ""Andrea Zupancich"", ""votes"": 487, ""votes_pct"": 63.160000, ""party"": ""R"" }, { ""name"": ""Grant Hauschild"", ""votes"": 282, ""votes_pct"": 36.580000, ""party"": ""DFL"" }, { ""name"": ""WRITE-IN"", ""votes"": 2, ""votes_pct"": 0.260000, ""party"": ""WI"" } ]"
"690040","8","7",7B,St. Louis,Balkan Twp,65.9178197805699,R,"19.66",-19.66,7.02389735493763,"463","[ { ""name"": ""Robert Farnsworth"", ""votes"": 274, ""votes_pct"": 59.180000, ""party"": ""R"" }, { ""name"": ""Ben DeNucci"", ""votes"": 183, ""votes_pct"": 39.520000, ""party"": ""DFL"" }, { ""name"": ""WRITE-IN"", ""votes"": 6, ""votes_pct"": 1.300000, ""party"": ""WI"" } ]"
"690045","8","3",3A,St. Louis,Bassett Twp,182.141498409671,DFL,"18.52",18.52,0.148236399918441,"27","[ { ""name"": ""Grant Hauschild"", ""votes"": 16, ""votes_pct"": 59.260000, ""party"": ""DFL"" }, { ""name"": ""Andrea Zupancich"", ""votes"": 11, ""votes_pct"": 40.740000, ""party"": ""R"" }, { ""name"": ""WRITE-IN"", ""votes"": 0, ""votes_pct"": 0, ""party"": ""WI"" } ]"
"690050","8","3",3A,St. Louis,Beatty Twp,79.5971757625902,R,"1.72",-1.72,3.6559086074605,"291","[ { ""name"": ""Andrea Zupancich"", ""votes"": 148, ""votes_pct"": 50.860000, ""party"": ""R"" }, { ""name"": ""Grant Hauschild"", ""votes"": 143, ""votes_pct"": 49.140000, ""party"": ""DFL"" }, { ""name"": ""WRITE-IN"", ""votes"": 0, ""votes_pct"": 0, ""party"": ""WI"" } ]"
"690055","8","7",7B,St. Louis,Biwabik,10.1074635506345,DFL,"13.23",13.23,44.1258083955202,"446","[ { ""name"": ""Ben DeNucci"", ""votes"": 252, ""votes_pct"": 56.500000, ""party"": ""DFL"" }, { ""name"": ""Robert Farnsworth"", ""votes"": 193, ""votes_pct"": 43.270000, ""party"": ""R"" }, { ""name"": ""WRITE-IN"", ""votes"": 1, ""votes_pct"": 0.220000, ""party"": ""WI"" } ]"
"690060","8","7",7B,St. Louis,Biwabik Twp,29.7680226924881,R,"8.44",-8.44,16.7293610712568,"498","[ { ""name"": ""Robert Farnsworth"", ""votes"": 269, ""votes_pct"": 54.020000, ""party"": ""R"" }, { ""name"": ""Ben DeNucci"", ""votes"": 227, ""votes_pct"": 45.580000, ""party"": ""DFL"" }, { ""name"": ""WRITE-IN"", ""votes"": 2, ""votes_pct"": 0.400000, ""party"": ""WI"" } ]"
"690065","8","3",3A,St. Louis,Breitung Twp,39.4096118868738,R,"14.59",-14.59,8.17059556243052,"322","[ { ""name"": ""Andrea Zupancich"", ""votes"": 184, ""votes_pct"": 57.140000, ""party"": ""R"" }, { ""name"": ""Grant Hauschild"", ""votes"": 137, ""votes_pct"": 42.550000, ""party"": ""DFL"" }, { ""name"": ""WRITE-IN"", ""votes"": 1, ""votes_pct"": 0.310000, ""party"": ""WI"" } ]"
"690066","8","3",3A,St. Louis,Unorg Prct 22,35.8594197302741,DFL,"60.00",60,0.139433377271824,"5","[ { ""name"": ""Grant Hauschild"", ""votes"": 4, ""votes_pct"": 80, ""party"": ""DFL"" }, { ""name"": ""Andrea Zupancich"", ""votes"": 1, ""votes_pct"": 20, ""party"": ""R"" }, { ""name"": ""WRITE-IN"", ""votes"": 0, ""votes_pct"": 0, ""party"": ""WI"" } ]"
"690070","8","11",11A,St. Louis,Brevator Twp,35.6491268285595,DFL,"8.60",8.6,12.3986206485681,"442","[ { ""name"": ""Michelle Boyechko"", ""votes"": 240, ""votes_pct"": 54.300000, ""party"": ""DFL"" }, { ""name"": ""Jason Rarick"", ""votes"": 202, ""votes_pct"": 45.700000, ""party"": ""R"" }, { ""name"": ""WRITE-IN"", ""votes"": 0, ""votes_pct"": 0, ""party"": ""WI"" } ]"
"690075","8","11",11A,St. Louis,Brookston,0.545189434358283,DFL,"16.12",16.12,56.8609698691037,"31","[ { ""name"": ""Michelle Boyechko"", ""votes"": 18, ""votes_pct"": 58.060000, ""party"": ""DFL"" }, { ""name"": ""Jason Rarick"", ""votes"": 13, ""votes_pct"": 41.940000, ""party"": ""R"" }, { ""name"": ""WRITE-IN"", ""votes"": 0, ""votes_pct"": 0, ""party"": ""WI"" } ]"
"690080","8","7",7B,St. Louis,Buhl,3.51854635776286,R,"12.80",-12.8,131.020015974185,"461","[ { ""name"": ""Robert Farnsworth"", ""votes"": 258, ""votes_pct"": 55.970000, ""party"": ""R"" }, { ""name"": ""Ben DeNucci"", ""votes"": 199, ""votes_pct"": 43.170000, ""party"": ""DFL"" }, { ""name"": ""WRITE-IN"", ""votes"": 4, ""votes_pct"": 0.870000, ""party"": ""WI"" } ]"
"690085","8","3",3B,St. Louis,Canosia Twp,35.6472071387804,DFL,"0.92",0.92,33.7473843411217,"1203","[ { ""name"": ""Grant Hauschild"", ""votes"": 607, ""votes_pct"": 50.460000, ""party"": ""DFL"" }, { ""name"": ""Andrea Zupancich"", ""votes"": 596, ""votes_pct"": 49.540000, ""party"": ""R"" }, { ""name"": ""WRITE-IN"", ""votes"": 0, ""votes_pct"": 0, ""party"": ""WI"" } ]"
"690090","8","7",7A,St. Louis,Cedar Valley Twp,69.3298894240953,R,"22.86",-22.86,1.51449830473129,"105","[ { ""name"": ""Robert Farnsworth"", ""votes"": 63, ""votes_pct"": 60, ""party"": ""R"" }, { ""name"": ""Ben DeNucci"", ""votes"": 39, ""votes_pct"": 37.140000, ""party"": ""DFL"" }, { ""name"": ""WRITE-IN"", ""votes"": 3, ""votes_pct"": 2.860000, ""party"": ""WI"" } ]"
"690095","8","7",7B,St. Louis,Cherry Twp,33.5284352280177,R,"10.23",-10.23,13.1231892275223,"440","[ { ""name"": ""Robert Farnsworth"", ""votes"": 238, ""votes_pct"": 54.090000, ""party"": ""R"" }, { ""name"": ""Ben DeNucci"", ""votes"": 193, ""votes_pct"": 43.860000, ""party"": ""DFL"" }, { ""name"": ""WRITE-IN"", ""votes"": 9, ""votes_pct"": 2.050000, ""party"": ""WI"" } ]"
"690100","8","7",7B,St. Louis,Chisholm,4.73490756578268,DFL,"11.79",11.79,408.455703333315,"1934","[ { ""name"": ""Ben DeNucci"", ""votes"": 1064, ""votes_pct"": 55.020000, ""party"": ""DFL"" }, { ""name"": ""Robert Farnsworth"", ""votes"": 836, ""votes_pct"": 43.230000, ""party"": ""R"" }, { ""name"": ""WRITE-IN"", ""votes"": 34, ""votes_pct"": 1.760000, ""party"": ""WI"" } ]"
"690115","8","7",7B,St. Louis,Clinton Twp,33.7450725895269,R,"18.36",-18.36,13.3945481610931,"452","[ { ""name"": ""Robert Farnsworth"", ""votes"": 266, ""votes_pct"": 58.850000, ""party"": ""R"" }, { ""name"": ""Ben DeNucci"", ""votes"": 183, ""votes_pct"": 40.490000, ""party"": ""DFL"" }, { ""name"": ""WRITE-IN"", ""votes"": 3, ""votes_pct"": 0.660000, ""party"": ""WI"" } ]"
"690120","8","7",7B,St. Louis,Colvin Twp,35.9123135677277,R,"9.42",-9.42,4.73375238494155,"170","[ { ""name"": ""Robert Farnsworth"", ""votes"": 93, ""votes_pct"": 54.710000, ""party"": ""R"" }, { ""name"": ""Ben DeNucci"", ""votes"": 77, ""votes_pct"": 45.290000, ""party"": ""DFL"" }, { ""name"": ""WRITE-IN"", ""votes"": 0, ""votes_pct"": 0, ""party"": ""WI"" } ]"
"690125","8","3",3A,St. Louis,Cook,2.49061613481767,R,"8.19",-8.19,93.1496414709383,"232","[ { ""name"": ""Andrea Zupancich"", ""votes"": 125, ""votes_pct"": 53.880000, ""party"": ""R"" }, { ""name"": ""Grant Hauschild"", ""votes"": 106, ""votes_pct"": 45.690000, ""party"": ""DFL"" }, { ""name"": ""WRITE-IN"", ""votes"": 1, ""votes_pct"": 0.430000, ""party"": ""WI"" } ]"
"690130","8","7",7B,St. Louis,Cotton Twp,72.0622992136905,R,"9.16",-9.16,3.9410343979983,"284","[ { ""name"": ""Robert Farnsworth"", ""votes"": 154, ""votes_pct"": 54.230000, ""party"": ""R"" }, { ""name"": ""Ben DeNucci"", ""votes"": 128, ""votes_pct"": 45.070000, ""party"": ""DFL"" }, { ""name"": ""WRITE-IN"", ""votes"": 2, ""votes_pct"": 0.700000, ""party"": ""WI"" } ]"
"690133","8","3",3A,St. Louis,Crane Lake Twp,83.298996264627,R,"49.30",-49.3,0.85235120690344,"71","[ { ""name"": ""Andrea Zupancich"", ""votes"": 53, ""votes_pct"": 74.650000, ""party"": ""R"" }, { ""name"": ""Grant Hauschild"", ""votes"": 18, ""votes_pct"": 25.350000, ""party"": ""DFL"" }, { ""name"": ""WRITE-IN"", ""votes"": 0, ""votes_pct"": 0, ""party"": ""WI"" } ]"
"690135","8","11",11A,St. Louis,Culver Twp,34.9634454778323,DFL,"2.70",2.7,3.17474432176248,"111","[ { ""name"": ""Michelle Boyechko"", ""votes"": 57, ""votes_pct"": 51.350000, ""party"": ""DFL"" }, { ""name"": ""Jason Rarick"", ""votes"": 54, ""votes_pct"": 48.650000, ""party"": ""R"" }, { ""name"": ""WRITE-IN"", ""votes"": 0, ""votes_pct"": 0, ""party"": ""WI"" } ]"
"690140","8","8",8B,St. Louis,Duluth P-1,4.96709088684237,DFL,"41.06",41.06,254.474908713325,"1264","[ { ""name"": ""Jen McEwen"", ""votes"": 890, ""votes_pct"": 70.410000, ""party"": ""DFL"" }, { ""name"": ""Alex Moe"", ""votes"": 371, ""votes_pct"": 29.350000, ""party"": ""R"" }, { ""name"": ""WRITE-IN"", ""votes"": 3, ""votes_pct"": 0.240000, ""party"": ""WI"" } ]"
"690145","8","8",8B,St. Louis,Duluth P-2,0.469741732694091,DFL,"50.65",50.65,2471.57090629645,"1161","[ { ""name"": ""Jen McEwen"", ""votes"": 874, ""votes_pct"": 75.280000, ""party"": ""DFL"" }, { ""name"": ""Alex Moe"", ""votes"": 286, ""votes_pct"": 24.630000, ""party"": ""R"" }, { ""name"": ""WRITE-IN"", ""votes"": 1, ""votes_pct"": 0.090000, ""party"": ""WI"" } ]"
"690150","8","8",8B,St. Louis,Duluth P-3,0.727968639544146,DFL,"45.35",45.35,2098.9915183116,"1528","[ { ""name"": ""Jen McEwen"", ""votes"": 1109, ""votes_pct"": 72.580000, ""party"": ""DFL"" }, { ""name"": ""Alex Moe"", ""votes"": 416, ""votes_pct"": 27.230000, ""party"": ""R"" }, { ""name"": ""WRITE-IN"", ""votes"": 3, ""votes_pct"": 0.200000, ""party"": ""WI"" } ]"
"690155","8","8",8B,St. Louis,Duluth P-4,1.10184488001502,DFL,"34.92",34.92,1234.29352413151,"1360","[ { ""name"": ""Jen McEwen"", ""votes"": 916, ""votes_pct"": 67.350000, ""party"": ""DFL"" }, { ""name"": ""Alex Moe"", ""votes"": 441, ""votes_pct"": 32.430000, ""party"": ""R"" }, { ""name"": ""WRITE-IN"", ""votes"": 3, ""votes_pct"": 0.220000, ""party"": ""WI"" } ]"
"690160","8","8",8B,St. Louis,Duluth P-5,4.38787949678793,DFL,"42.84",42.84,277.127027050344,"1216","[ { ""name"": ""Jen McEwen"", ""votes"": 868, ""votes_pct"": 71.380000, ""party"": ""DFL"" }, { ""name"": ""Alex Moe"", ""votes"": 347, ""votes_pct"": 28.540000, ""party"": ""R"" }, { ""name"": ""WRITE-IN"", ""votes"": 1, ""votes_pct"": 0.080000, ""party"": ""WI"" } ]"
"690165","8","8",8B,St. Louis,Duluth P-6,2.78319734296976,DFL,"35.09",35.09,743.389614547531,"2069","[ { ""name"": ""Jen McEwen"", ""votes"": 1397, ""votes_pct"": 67.520000, ""party"": ""DFL"" }, { ""name"": ""Alex Moe"", ""votes"": 671, ""votes_pct"": 32.430000, ""party"": ""R"" }, { ""name"": ""WRITE-IN"", ""votes"": 1, ""votes_pct"": 0.050000, ""party"": ""WI"" } ]"
"690170","8","8",8B,St. Louis,Duluth P-7,1.28103466350073,DFL,"48.43",48.43,996.06984600481,"1276","[ { ""name"": ""Jen McEwen"", ""votes"": 946, ""votes_pct"": 74.140000, ""party"": ""DFL"" }, { ""name"": ""Alex Moe"", ""votes"": 328, ""votes_pct"": 25.710000, ""party"": ""R"" }, { ""name"": ""WRITE-IN"", ""votes"": 2, ""votes_pct"": 0.160000, ""party"": ""WI"" } ]"
"690175","8","8",8B,St. Louis,Duluth P-8,1.39309667815289,DFL,"42.66",42.66,1134.16392758536,"1580","[ { ""name"": ""Jen McEwen"", ""votes"": 1125, ""votes_pct"": 71.200000, ""party"": ""DFL"" }, { ""name"": ""Alex Moe"", ""votes"": 451, ""votes_pct"": 28.540000, ""party"": ""R"" }, { ""name"": ""WRITE-IN"", ""votes"": 4, ""votes_pct"": 0.250000, ""party"": ""WI"" } ]"
"690180","8","8",8B,St. Louis,Duluth P-9,0.388855943811621,DFL,"50.06",50.06,2481.63880572567,"965","[ { ""name"": ""Jen McEwen"", ""votes"": 724, ""votes_pct"": 75.030000, ""party"": ""DFL"" }, { ""name"": ""Alex Moe"", ""votes"": 241, ""votes_pct"": 24.970000, ""party"": ""R"" }, { ""name"": ""WRITE-IN"", ""votes"": 0, ""votes_pct"": 0, ""party"": ""WI"" } ]"
"690190","8","8",8B,St. Louis,Duluth P-10,0.448002454722966,DFL,"54.06",54.06,1841.50776698347,"825","[ { ""name"": ""Jen McEwen"", ""votes"": 633, ""votes_pct"": 76.730000, ""party"": ""DFL"" }, { ""name"": ""Alex Moe"", ""votes"": 187, ""votes_pct"": 22.670000, ""party"": ""R"" }, { ""name"": ""WRITE-IN"", ""votes"": 5, ""votes_pct"": 0.610000, ""party"": ""WI"" } ]"
"690195","8","8",8B,St. Louis,Duluth P-11,5.82778153611225,DFL,"35.84",35.84,333.231434288719,"1942","[ { ""name"": ""Jen McEwen"", ""votes"": 1316, ""votes_pct"": 67.770000, ""party"": ""DFL"" }, { ""name"": ""Alex Moe"", ""votes"": 620, ""votes_pct"": 31.930000, ""party"": ""R"" }, { ""name"": ""WRITE-IN"", ""votes"": 6, ""votes_pct"": 0.310000, ""party"": ""WI"" } ]"
"690200","8","8",8B,St. Louis,Duluth P-12,0.263871989452843,DFL,"65.76",65.76,3751.81921375146,"990","[ { ""name"": ""Jen McEwen"", ""votes"": 820, ""votes_pct"": 82.830000, ""party"": ""DFL"" }, { ""name"": ""Alex Moe"", ""votes"": 169, ""votes_pct"": 17.070000, ""party"": ""R"" }, { ""name"": ""WRITE-IN"", ""votes"": 1, ""votes_pct"": 0.100000, ""party"": ""WI"" } ]"
"690205","8","8",8B,St. Louis,Duluth P-13,0.496039147929468,DFL,"60.26",60.26,2348.60495358655,"1165","[ { ""name"": ""Jen McEwen"", ""votes"": 932, ""votes_pct"": 80, ""party"": ""DFL"" }, { ""name"": ""Alex Moe"", ""votes"": 230, ""votes_pct"": 19.740000, ""party"": ""R"" }, { ""name"": ""WRITE-IN"", ""votes"": 3, ""votes_pct"": 0.260000, ""party"": ""WI"" } ]"
"690210","8","8",8B,St. Louis,Duluth P-14,0.384879449749895,DFL,"70.10",70.1,2294.22485553281,"883","[ { ""name"": ""Jen McEwen"", ""votes"": 750, ""votes_pct"": 84.940000, ""party"": ""DFL"" }, { ""name"": ""Alex Moe"", ""votes"": 131, ""votes_pct"": 14.840000, ""party"": ""R"" }, { ""name"": ""WRITE-IN"", ""votes"": 2, ""votes_pct"": 0.230000, ""party"": ""WI"" } ]"
"690215","8","8",8B,St. Louis,Duluth P-15,0.538147937770443,DFL,"62.50",62.5,2110.94370203567,"1136","[ { ""name"": ""Jen McEwen"", ""votes"": 923, ""votes_pct"": 81.250000, ""party"": ""DFL"" }, { ""name"": ""Alex Moe"", ""votes"": 213, ""votes_pct"": 18.750000, ""party"": ""R"" }, { ""name"": ""WRITE-IN"", ""votes"": 0, ""votes_pct"": 0, ""party"": ""WI"" } ]"
"690220","8","8",8A,St. Louis,Duluth P-16,1.18304448914738,DFL,"49.27",49.27,1269.60567736763,"1502","[ { ""name"": ""Jen McEwen"", ""votes"": 1116, ""votes_pct"": 74.300000, ""party"": ""DFL"" }, { ""name"": ""Alex Moe"", ""votes"": 376, ""votes_pct"": 25.030000, ""party"": ""R"" }, { ""name"": ""WRITE-IN"", ""votes"": 10, ""votes_pct"": 0.670000, ""party"": ""WI"" } ]"
"690230","8","8",8A,St. Louis,Duluth P-17,0.351149241366238,DFL,"56.45",56.45,2275.38580716075,"799","[ { ""name"": ""Jen McEwen"", ""votes"": 622, ""votes_pct"": 77.850000, ""party"": ""DFL"" }, { ""name"": ""Alex Moe"", ""votes"": 171, ""votes_pct"": 21.400000, ""party"": ""R"" }, { ""name"": ""WRITE-IN"", ""votes"": 6, ""votes_pct"": 0.750000, ""party"": ""WI"" } ]"
"690240","8","8",8A,St. Louis,Duluth P-18,3.42402208993202,DFL,"57.72",57.72,194.800145116249,"667","[ { ""name"": ""Jen McEwen"", ""votes"": 525, ""votes_pct"": 78.710000, ""party"": ""DFL"" }, { ""name"": ""Alex Moe"", ""votes"": 140, ""votes_pct"": 20.990000, ""party"": ""R"" }, { ""name"": ""WRITE-IN"", ""votes"": 2, ""votes_pct"": 0.300000, ""party"": ""WI"" } ]"
"690245","8","8",8A,St. Louis,Duluth P-19,2.1578192295068,DFL,"68.54",68.54,297.522605796195,"642","[ { ""name"": ""Jen McEwen"", ""votes"": 541, ""votes_pct"": 84.270000, ""party"": ""DFL"" }, { ""name"": ""Alex Moe"", ""votes"": 101, ""votes_pct"": 15.730000, ""party"": ""R"" }, { ""name"": ""WRITE-IN"", ""votes"": 0, ""votes_pct"": 0, ""party"": ""WI"" } ]"
"690255","8","8",8A,St. Louis,Duluth P-21,2.11755307754905,DFL,"57.06",57.06,552.05227788342,"1169","[ { ""name"": ""Jen McEwen"", ""votes"": 915, ""votes_pct"": 78.270000, ""party"": ""DFL"" }, { ""name"": ""Alex Moe"", ""votes"": 248, ""votes_pct"": 21.210000, ""party"": ""R"" }, { ""name"": ""WRITE-IN"", ""votes"": 6, ""votes_pct"": 0.510000, ""party"": ""WI"" } ]"
"690260","8","8",8A,St. Louis,Duluth P-22,2.78736429059431,DFL,"31.22",31.22,434.460613593423,"1211","[ { ""name"": ""Jen McEwen"", ""votes"": 794, ""votes_pct"": 65.570000, ""party"": ""DFL"" }, { ""name"": ""Alex Moe"", ""votes"": 416, ""votes_pct"": 34.350000, ""party"": ""R"" }, { ""name"": ""WRITE-IN"", ""votes"": 1, ""votes_pct"": 0.080000, ""party"": ""WI"" } ]"
"690265","8","8",8B,St. Louis,Duluth P-23,7.7375305423845,DFL,"16.74",16.74,159.094687026675,"1231","[ { ""name"": ""Jen McEwen"", ""votes"": 717, ""votes_pct"": 58.250000, ""party"": ""DFL"" }, { ""name"": ""Alex Moe"", ""votes"": 511, ""votes_pct"": 41.510000, ""party"": ""R"" }, { ""name"": ""WRITE-IN"", ""votes"": 3, ""votes_pct"": 0.240000, ""party"": ""WI"" } ]"
"690270","8","8",8A,St. Louis,Duluth P-24,1.71558906875671,DFL,"24.79",24.79,759.505888519265,"1303","[ { ""name"": ""Jen McEwen"", ""votes"": 812, ""votes_pct"": 62.320000, ""party"": ""DFL"" }, { ""name"": ""Alex Moe"", ""votes"": 489, ""votes_pct"": 37.530000, ""party"": ""R"" }, { ""name"": ""WRITE-IN"", ""votes"": 2, ""votes_pct"": 0.150000, ""party"": ""WI"" } ]"
"690275","8","8",8A,St. Louis,Duluth P-25,1.79501055466333,DFL,"25.14",25.14,691.36083728085,"1241","[ { ""name"": ""Jen McEwen"", ""votes"": 776, ""votes_pct"": 62.530000, ""party"": ""DFL"" }, { ""name"": ""Alex Moe"", ""votes"": 464, ""votes_pct"": 37.390000, ""party"": ""R"" }, { ""name"": ""WRITE-IN"", ""votes"": 1, ""votes_pct"": 0.080000, ""party"": ""WI"" } ]"
"690280","8","8",8A,St. Louis,Duluth P-26,1.15923177592537,DFL,"47.03",47.03,770.337751729723,"893","[ { ""name"": ""Jen McEwen"", ""votes"": 656, ""votes_pct"": 73.460000, ""party"": ""DFL"" }, { ""name"": ""Alex Moe"", ""votes"": 236, ""votes_pct"": 26.430000, ""party"": ""R"" }, { ""name"": ""WRITE-IN"", ""votes"": 1, ""votes_pct"": 0.110000, ""party"": ""WI"" } ]"
"690285","8","8",8A,St. Louis,Duluth P-27,2.1675798212906,DFL,"43.64",43.64,261.12071834245,"566","[ { ""name"": ""Jen McEwen"", ""votes"": 406, ""votes_pct"": 71.730000, ""party"": ""DFL"" }, { ""name"": ""Alex Moe"", ""votes"": 159, ""votes_pct"": 28.090000, ""party"": ""R"" }, { ""name"": ""WRITE-IN"", ""votes"": 1, ""votes_pct"": 0.180000, ""party"": ""WI"" } ]"
"690290","8","8",8A,St. Louis,Duluth P-28,2.03832719855493,DFL,"42.40",42.4,281.112865690173,"573","[ { ""name"": ""Jen McEwen"", ""votes"": 408, ""votes_pct"": 71.200000, ""party"": ""DFL"" }, { ""name"": ""Alex Moe"", ""votes"": 165, ""votes_pct"": 28.800000, ""party"": ""R"" }, { ""name"": ""WRITE-IN"", ""votes"": 0, ""votes_pct"": 0, ""party"": ""WI"" } ]"
"690295","8","8",8A,St. Louis,Duluth P-29,0.398992806697914,DFL,"44.89",44.89,3438.65848448433,"1372","[ { ""name"": ""Jen McEwen"", ""votes"": 992, ""votes_pct"": 72.300000, ""party"": ""DFL"" }, { ""name"": ""Alex Moe"", ""votes"": 376, ""votes_pct"": 27.410000, ""party"": ""R"" }, { ""name"": ""WRITE-IN"", ""votes"": 4, ""votes_pct"": 0.290000, ""party"": ""WI"" } ]"
"690300","8","8",8A,St. Louis,Duluth P-30,2.04734641569015,DFL,"40.92",40.92,502.601803053017,"1029","[ { ""name"": ""Jen McEwen"", ""votes"": 725, ""votes_pct"": 70.460000, ""party"": ""DFL"" }, { ""name"": ""Alex Moe"", ""votes"": 304, ""votes_pct"": 29.540000, ""party"": ""R"" }, { ""name"": ""WRITE-IN"", ""votes"": 0, ""votes_pct"": 0, ""party"": ""WI"" } ]"
"690305","8","8",8A,St. Louis,Duluth P-31,2.98110283777063,DFL,"27.65",27.65,275.401435199724,"821","[ { ""name"": ""Jen McEwen"", ""votes"": 523, ""votes_pct"": 63.700000, ""party"": ""DFL"" }, { ""name"": ""Alex Moe"", ""votes"": 296, ""votes_pct"": 36.050000, ""party"": ""R"" }, { ""name"": ""WRITE-IN"", ""votes"": 2, ""votes_pct"": 0.240000, ""party"": ""WI"" } ]"
"690315","8","8",8A,St. Louis,Duluth P-32,5.27125170102102,DFL,"32.89",32.89,271.093106732735,"1429","[ { ""name"": ""Jen McEwen"", ""votes"": 949, ""votes_pct"": 66.410000, ""party"": ""DFL"" }, { ""name"": ""Alex Moe"", ""votes"": 479, ""votes_pct"": 33.520000, ""party"": ""R"" }, { ""name"": ""WRITE-IN"", ""votes"": 1, ""votes_pct"": 0.070000, ""party"": ""WI"" } ]"
"690320","8","8",8A,St. Louis,Duluth P-33,7.62094766325321,DFL,"29.20",29.2,166.25228987062,"1267","[ { ""name"": ""Jen McEwen"", ""votes"": 818, ""votes_pct"": 64.560000, ""party"": ""DFL"" }, { ""name"": ""Alex Moe"", ""votes"": 448, ""votes_pct"": 35.360000, ""party"": ""R"" }, { ""name"": ""WRITE-IN"", ""votes"": 1, ""votes_pct"": 0.080000, ""party"": ""WI"" } ]"
"690325","8","3",3B,St. Louis,Duluth P-34,7.52696686889433,DFL,"24.12",24.12,74.930580913112,"564","[ { ""name"": ""Grant Hauschild"", ""votes"": 350, ""votes_pct"": 62.060000, ""party"": ""DFL"" }, { ""name"": ""Andrea Zupancich"", ""votes"": 214, ""votes_pct"": 37.940000, ""party"": ""R"" }, { ""name"": ""WRITE-IN"", ""votes"": 0, ""votes_pct"": 0, ""party"": ""WI"" } ]"
"690435","8","3",3B,St. Louis,Duluth Twp,46.4295537835272,DFL,"19.48",19.48,25.3071568483796,"1175","[ { ""name"": ""Grant Hauschild"", ""votes"": 702, ""votes_pct"": 59.740000, ""party"": ""DFL"" }, { ""name"": ""Andrea Zupancich"", ""votes"": 473, ""votes_pct"": 40.260000, ""party"": ""R"" }, { ""name"": ""WRITE-IN"", ""votes"": 0, ""votes_pct"": 0, ""party"": ""WI"" } ]"
"690437","8","3",3A,St. Louis,Eagles Nest Twp,29.8118072448039,DFL,"5.44",5.44,6.17205117720835,"184","[ { ""name"": ""Grant Hauschild"", ""votes"": 97, ""votes_pct"": 52.720000, ""party"": ""DFL"" }, { ""name"": ""Andrea Zupancich"", ""votes"": 87, ""votes_pct"": 47.280000, ""party"": ""R"" }, { ""name"": ""WRITE-IN"", ""votes"": 0, ""votes_pct"": 0, ""party"": ""WI"" } ]"
"690440","8","7",7B,St. Louis,Ellsburg Twp,71.8910596281735,R,"8.06",-8.06,1.72483199776632,"124","[ { ""name"": ""Robert Farnsworth"", ""votes"": 67, ""votes_pct"": 54.030000, ""party"": ""R"" }, { ""name"": ""Ben DeNucci"", ""votes"": 57, ""votes_pct"": 45.970000, ""party"": ""DFL"" }, { ""name"": ""WRITE-IN"", ""votes"": 0, ""votes_pct"": 0, ""party"": ""WI"" } ]"
"690445","8","7",7B,St. Louis,Elmer Twp,40.6670808521835,R,"33.34",-33.34,1.40162506886549,"57","[ { ""name"": ""Robert Farnsworth"", ""votes"": 38, ""votes_pct"": 66.670000, ""party"": ""R"" }, { ""name"": ""Ben DeNucci"", ""votes"": 19, ""votes_pct"": 33.330000, ""party"": ""DFL"" }, { ""name"": ""WRITE-IN"", ""votes"": 0, ""votes_pct"": 0, ""party"": ""WI"" } ]"
"690450","8","3",3A,St. Louis,Ely,2.91994059368969,R,"4.48",-4.48,581.861152816507,"1699","[ { ""name"": ""Andrea Zupancich"", ""votes"": 887, ""votes_pct"": 52.210000, ""party"": ""R"" }, { ""name"": ""Grant Hauschild"", ""votes"": 811, ""votes_pct"": 47.730000, ""party"": ""DFL"" }, { ""name"": ""WRITE-IN"", ""votes"": 1, ""votes_pct"": 0.060000, ""party"": ""WI"" } ]"
"690470","8","7",7B,St. Louis,Embarrass Twp,32.8941098318032,R,"34.16",-34.16,9.69778485057465,"319","[ { ""name"": ""Robert Farnsworth"", ""votes"": 214, ""votes_pct"": 67.080000, ""party"": ""R"" }, { ""name"": ""Ben DeNucci"", ""votes"": 105, ""votes_pct"": 32.920000, ""party"": ""DFL"" }, { ""name"": ""WRITE-IN"", ""votes"": 0, ""votes_pct"": 0, ""party"": ""WI"" } ]"
"690475","8","7",7B,St. Louis,Eveleth P-1,4.31845497644418,DFL,"12.04",12.04,257.731064945928,"1113","[ { ""name"": ""Ben DeNucci"", ""votes"": 617, ""votes_pct"": 55.440000, ""party"": ""DFL"" }, { ""name"": ""Robert Farnsworth"", ""votes"": 483, ""votes_pct"": 43.400000, ""party"": ""R"" }, { ""name"": ""WRITE-IN"", ""votes"": 13, ""votes_pct"": 1.170000, ""party"": ""WI"" } ]"
"690480","8","7",7B,St. Louis,Eveleth P-2,2.15721257025245,DFL,"6.44",6.44,108.009754445633,"233","[ { ""name"": ""Ben DeNucci"", ""votes"": 123, ""votes_pct"": 52.790000, ""party"": ""DFL"" }, { ""name"": ""Robert Farnsworth"", ""votes"": 108, ""votes_pct"": 46.350000, ""party"": ""R"" }, { ""name"": ""WRITE-IN"", ""votes"": 2, ""votes_pct"": 0.860000, ""party"": ""WI"" } ]"
"690505","8","3",3B,St. Louis,Fairbanks Twp,72.0492684830919,R,"1.70",-1.7,0.818884094761431,"59","[ { ""name"": ""Andrea Zupancich"", ""votes"": 30, ""votes_pct"": 50.850000, ""party"": ""R"" }, { ""name"": ""Grant Hauschild"", ""votes"": 29, ""votes_pct"": 49.150000, ""party"": ""DFL"" }, { ""name"": ""WRITE-IN"", ""votes"": 0, ""votes_pct"": 0, ""party"": ""WI"" } ]"
"690510","8","7",7B,St. Louis,Fayal Twp,34.500111510549,R,"3.28",-3.28,34.4056858957414,"1187","[ { ""name"": ""Robert Farnsworth"", ""votes"": 611, ""votes_pct"": 51.470000, ""party"": ""R"" }, { ""name"": ""Ben DeNucci"", ""votes"": 572, ""votes_pct"": 48.190000, ""party"": ""DFL"" }, { ""name"": ""WRITE-IN"", ""votes"": 4, ""votes_pct"": 0.340000, ""party"": ""WI"" } ]"
"690515","8","3",3A,St. Louis,Field Twp,54.2308764188763,R,"16.95",-16.95,3.26382333622754,"177","[ { ""name"": ""Andrea Zupancich"", ""votes"": 103, ""votes_pct"": 58.190000, ""party"": ""R"" }, { ""name"": ""Grant Hauschild"", ""votes"": 73, ""votes_pct"": 41.240000, ""party"": ""DFL"" }, { ""name"": ""WRITE-IN"", ""votes"": 1, ""votes_pct"": 0.560000, ""party"": ""WI"" } ]"
"690520","8","7",7A,St. Louis,Fine Lakes Twp,35.8090859776736,R,"41.18",-41.18,1.89895938819541,"68","[ { ""name"": ""Robert Farnsworth"", ""votes"": 48, ""votes_pct"": 70.590000, ""party"": ""R"" }, { ""name"": ""Ben DeNucci"", ""votes"": 20, ""votes_pct"": 29.410000, ""party"": ""DFL"" }, { ""name"": ""WRITE-IN"", ""votes"": 0, ""votes_pct"": 0, ""party"": ""WI"" } ]"
"690525","8","7",7A,St. Louis,Floodwood P-1,1.73594275579682,DFL,"31.68",31.68,92.7449937288392,"161","[ { ""name"": ""Ben DeNucci"", ""votes"": 106, ""votes_pct"": 65.840000, ""party"": ""DFL"" }, { ""name"": ""Robert Farnsworth"", ""votes"": 55, ""votes_pct"": 34.160000, ""party"": ""R"" }, { ""name"": ""WRITE-IN"", ""votes"": 0, ""votes_pct"": 0, ""party"": ""WI"" } ]"
"690530","8","7",7A,St. Louis,Floodwood Twp P-2,34.0626264854476,R,"10.90",-10.9,3.22934580652478,"110","[ { ""name"": ""Robert Farnsworth"", ""votes"": 61, ""votes_pct"": 55.450000, ""party"": ""R"" }, { ""name"": ""Ben DeNucci"", ""votes"": 49, ""votes_pct"": 44.550000, ""party"": ""DFL"" }, { ""name"": ""WRITE-IN"", ""votes"": 0, ""votes_pct"": 0, ""party"": ""WI"" } ]"
"690540","8","3",3B,St. Louis,Fredenberg Twp,35.9430271314929,R,"8.60",-8.6,25.2065580532635,"906","[ { ""name"": ""Andrea Zupancich"", ""votes"": 492, ""votes_pct"": 54.300000, ""party"": ""R"" }, { ""name"": ""Grant Hauschild"", ""votes"": 414, ""votes_pct"": 45.700000, ""party"": ""DFL"" }, { ""name"": ""WRITE-IN"", ""votes"": 0, ""votes_pct"": 0, ""party"": ""WI"" } ]"
"690545","8","7",7B,St. Louis,French Twp,36.8730405562662,R,"1.59",-1.59,10.2513921905408,"378","[ { ""name"": ""Robert Farnsworth"", ""votes"": 186, ""votes_pct"": 49.210000, ""party"": ""R"" }, { ""name"": ""Ben DeNucci"", ""votes"": 180, ""votes_pct"": 47.620000, ""party"": ""DFL"" }, { ""name"": ""WRITE-IN"", ""votes"": 12, ""votes_pct"": 3.170000, ""party"": ""WI"" } ]"
"690550","8","7",7B,St. Louis,Gilbert,12.456134954509,R,"12.44",-12.44,65.8310144354345,"820","[ { ""name"": ""Robert Farnsworth"", ""votes"": 459, ""votes_pct"": 55.980000, ""party"": ""R"" }, { ""name"": ""Ben DeNucci"", ""votes"": 357, ""votes_pct"": 43.540000, ""party"": ""DFL"" }, { ""name"": ""WRITE-IN"", ""votes"": 4, ""votes_pct"": 0.490000, ""party"": ""WI"" } ]"
"690565","8","3",3B,St. Louis,Gnesen Twp,71.8971527216943,R,"3.33",-3.33,14.2008405249673,"1021","[ { ""name"": ""Andrea Zupancich"", ""votes"": 526, ""votes_pct"": 51.520000, ""party"": ""R"" }, { ""name"": ""Grant Hauschild"", ""votes"": 492, ""votes_pct"": 48.190000, ""party"": ""DFL"" }, { ""name"": ""WRITE-IN"", ""votes"": 3, ""votes_pct"": 0.290000, ""party"": ""WI"" } ]"
"690570","8","3",3B,St. Louis,Grand Lake Twp,71.5439235799431,R,"6.76",-6.76,19.4565789845811,"1392","[ { ""name"": ""Andrea Zupancich"", ""votes"": 743, ""votes_pct"": 53.380000, ""party"": ""R"" }, { ""name"": ""Grant Hauschild"", ""votes"": 649, ""votes_pct"": 46.620000, ""party"": ""DFL"" }, { ""name"": ""WRITE-IN"", ""votes"": 0, ""votes_pct"": 0, ""party"": ""WI"" } ]"
"690575","8","7",7B,St. Louis,Great Scott Twp P-1,60.30970868637,R,"20.43",-20.43,3.81364800145321,"230","[ { ""name"": ""Robert Farnsworth"", ""votes"": 138, ""votes_pct"": 60, ""party"": ""R"" }, { ""name"": ""Ben DeNucci"", ""votes"": 91, ""votes_pct"": 39.570000, ""party"": ""DFL"" }, { ""name"": ""WRITE-IN"", ""votes"": 1, ""votes_pct"": 0.430000, ""party"": ""WI"" } ]"
"690580","8","7",7B,St. Louis,Kinney/Great Scott Twp P-2,4.12314036867018,R,"7.40",-7.4,13.0968133926074,"54","[ { ""name"": ""Robert Farnsworth"", ""votes"": 29, ""votes_pct"": 53.700000, ""party"": ""R"" }, { ""name"": ""Ben DeNucci"", ""votes"": 25, ""votes_pct"": 46.300000, ""party"": ""DFL"" }, { ""name"": ""WRITE-IN"", ""votes"": 0, ""votes_pct"": 0, ""party"": ""WI"" } ]"
"690585","8","3",3A,St. Louis,Greenwood Twp,92.3737582381185,R,"7.65",-7.65,6.3654441609301,"588","[ { ""name"": ""Andrea Zupancich"", ""votes"": 316, ""votes_pct"": 53.740000, ""party"": ""R"" }, { ""name"": ""Grant Hauschild"", ""votes"": 271, ""votes_pct"": 46.090000, ""party"": ""DFL"" }, { ""name"": ""WRITE-IN"", ""votes"": 1, ""votes_pct"": 0.170000, ""party"": ""WI"" } ]"
"690590","8","7",7A,St. Louis,Halden Twp,35.8160918456098,R,"44.92",-44.92,1.92650834986224,"69","[ { ""name"": ""Robert Farnsworth"", ""votes"": 50, ""votes_pct"": 72.460000, ""party"": ""R"" }, { ""name"": ""Ben DeNucci"", ""votes"": 19, ""votes_pct"": 27.540000, ""party"": ""DFL"" }, { ""name"": ""WRITE-IN"", ""votes"": 0, ""votes_pct"": 0, ""party"": ""WI"" } ]"
"690591","8","7",7A,St. Louis,Unorg Prct 1,35.4519368833172,R,"25.92",-25.92,0.761594495918938,"27","[ { ""name"": ""Robert Farnsworth"", ""votes"": 17, ""votes_pct"": 62.960000, ""party"": ""R"" }, { ""name"": ""Ben DeNucci"", ""votes"": 10, ""votes_pct"": 37.040000, ""party"": ""DFL"" }, { ""name"": ""WRITE-IN"", ""votes"": 0, ""votes_pct"": 0, ""party"": ""WI"" } ]"
"690595","8","3",3B,St. Louis,Hermantown P-1,7.23609081112203,DFL,"15.38",15.38,234.657088243024,"1698","[ { ""name"": ""Grant Hauschild"", ""votes"": 979, ""votes_pct"": 57.660000, ""party"": ""DFL"" }, { ""name"": ""Andrea Zupancich"", ""votes"": 718, ""votes_pct"": 42.280000, ""party"": ""R"" }, { ""name"": ""WRITE-IN"", ""votes"": 1, ""votes_pct"": 0.060000, ""party"": ""WI"" } ]"
"690600","8","3",3B,St. Louis,Hermantown P-2,18.0684229550725,DFL,"13.60",13.6,75.2694357101153,"1360","[ { ""name"": ""Grant Hauschild"", ""votes"": 772, ""votes_pct"": 56.760000, ""party"": ""DFL"" }, { ""name"": ""Andrea Zupancich"", ""votes"": 587, ""votes_pct"": 43.160000, ""party"": ""R"" }, { ""name"": ""WRITE-IN"", ""votes"": 1, ""votes_pct"": 0.070000, ""party"": ""WI"" } ]"
"690605","8","3",3B,St. Louis,Hermantown P-3,9.03191079966318,DFL,"13.44",13.44,205.161459308157,"1853","[ { ""name"": ""Grant Hauschild"", ""votes"": 1051, ""votes_pct"": 56.720000, ""party"": ""DFL"" }, { ""name"": ""Andrea Zupancich"", ""votes"": 802, ""votes_pct"": 43.280000, ""party"": ""R"" }, { ""name"": ""WRITE-IN"", ""votes"": 0, ""votes_pct"": 0, ""party"": ""WI"" } ]"
"690615","8","7",7A,St. Louis,Hibbing W-1 P-A,25.8398112829042,R,"0.64",-0.64,66.6800535474479,"1723","[ { ""name"": ""Robert Farnsworth"", ""votes"": 837, ""votes_pct"": 48.580000, ""party"": ""R"" }, { ""name"": ""Ben DeNucci"", ""votes"": 826, ""votes_pct"": 47.940000, ""party"": ""DFL"" }, { ""name"": ""WRITE-IN"", ""votes"": 60, ""votes_pct"": 3.480000, ""party"": ""WI"" } ]"
"690620","8","7",7A,St. Louis,Hibbing W-2 P-A,15.1535068153969,DFL,"1.91",1.91,65.6613688251366,"995","[ { ""name"": ""Ben DeNucci"", ""votes"": 500, ""votes_pct"": 50.250000, ""party"": ""DFL"" }, { ""name"": ""Robert Farnsworth"", ""votes"": 481, ""votes_pct"": 48.340000, ""party"": ""R"" }, { ""name"": ""WRITE-IN"", ""votes"": 14, ""votes_pct"": 1.410000, ""party"": ""WI"" } ]"
"690625","8","7",7A,St. Louis,Hibbing W-2 P-B,48.6410700824334,DFL,"17.15",17.15,5.03689576698851,"245","[ { ""name"": ""Ben DeNucci"", ""votes"": 143, ""votes_pct"": 58.370000, ""party"": ""DFL"" }, { ""name"": ""Robert Farnsworth"", ""votes"": 101, ""votes_pct"": 41.220000, ""party"": ""R"" }, { ""name"": ""WRITE-IN"", ""votes"": 1, ""votes_pct"": 0.410000, ""party"": ""WI"" } ]"
"690630","8","7",7A,St. Louis,Hibbing W-3 P-A,2.53104770876443,R,"6.59",-6.59,419.984181380334,"1063","[ { ""name"": ""Robert Farnsworth"", ""votes"": 554, ""votes_pct"": 52.120000, ""party"": ""R"" }, { ""name"": ""Ben DeNucci"", ""votes"": 484, ""votes_pct"": 45.530000, ""party"": ""DFL"" }, { ""name"": ""WRITE-IN"", ""votes"": 25, ""votes_pct"": 2.350000, ""party"": ""WI"" } ]"
"690635","8","7",7A,St. Louis,Hibbing W-3 P-B,46.2079822170681,R,"14.13",-14.13,13.6340080170671,"630","[ { ""name"": ""Robert Farnsworth"", ""votes"": 345, ""votes_pct"": 54.760000, ""party"": ""R"" }, { ""name"": ""Ben DeNucci"", ""votes"": 256, ""votes_pct"": 40.630000, ""party"": ""DFL"" }, { ""name"": ""WRITE-IN"", ""votes"": 29, ""votes_pct"": 4.600000, ""party"": ""WI"" } ]"
"690640","8","7",7A,St. Louis,Hibbing W-4 P-A,2.15418299779554,R,"4.73",-4.73,539.87985291414,"1163","[ { ""name"": ""Robert Farnsworth"", ""votes"": 595, ""votes_pct"": 51.160000, ""party"": ""R"" }, { ""name"": ""Ben DeNucci"", ""votes"": 540, ""votes_pct"": 46.430000, ""party"": ""DFL"" }, { ""name"": ""WRITE-IN"", ""votes"": 28, ""votes_pct"": 2.410000, ""party"": ""WI"" } ]"
"690645","8","7",7A,St. Louis,Hibbing W-4 P-B,45.7027199169255,R,"8.15",-8.15,13.4127684547935,"613","[ { ""name"": ""Robert Farnsworth"", ""votes"": 327, ""votes_pct"": 53.340000, ""party"": ""R"" }, { ""name"": ""Ben DeNucci"", ""votes"": 277, ""votes_pct"": 45.190000, ""party"": ""DFL"" }, { ""name"": ""WRITE-IN"", ""votes"": 9, ""votes_pct"": 1.470000, ""party"": ""WI"" } ]"
"690735","8","3",3A,St. Louis,Hoyt Lakes,57.7675155366738,DFL,"2.60",2.6,16.6183362930078,"960","[ { ""name"": ""Grant Hauschild"", ""votes"": 492, ""votes_pct"": 51.250000, ""party"": ""DFL"" }, { ""name"": ""Andrea Zupancich"", ""votes"": 467, ""votes_pct"": 48.650000, ""party"": ""R"" }, { ""name"": ""WRITE-IN"", ""votes"": 1, ""votes_pct"": 0.100000, ""party"": ""WI"" } ]"
"690750","8","7",7B,St. Louis,Industrial Twp,36.0304035664716,DFL,"2.68",2.68,10.3246137477674,"372","[ { ""name"": ""Ben DeNucci"", ""votes"": 191, ""votes_pct"": 51.340000, ""party"": ""DFL"" }, { ""name"": ""Robert Farnsworth"", ""votes"": 181, ""votes_pct"": 48.660000, ""party"": ""R"" }, { ""name"": ""WRITE-IN"", ""votes"": 0, ""votes_pct"": 0, ""party"": ""WI"" } ]"
"690755","8","7",7B,St. Louis,Iron Junction,0.808348444697079,R,"39.40",-39.4,40.8239790853639,"33","[ { ""name"": ""Robert Farnsworth"", ""votes"": 23, ""votes_pct"": 69.700000, ""party"": ""R"" }, { ""name"": ""Ben DeNucci"", ""votes"": 10, ""votes_pct"": 30.300000, ""party"": ""DFL"" }, { ""name"": ""WRITE-IN"", ""votes"": 0, ""votes_pct"": 0, ""party"": ""WI"" } ]"
"690760","8","7",7B,St. Louis,Kelsey Twp,35.7426000012639,R,"19.40",-19.4,1.87451388532538,"67","[ { ""name"": ""Robert Farnsworth"", ""votes"": 40, ""votes_pct"": 59.700000, ""party"": ""R"" }, { ""name"": ""Ben DeNucci"", ""votes"": 27, ""votes_pct"": 40.300000, ""party"": ""DFL"" }, { ""name"": ""WRITE-IN"", ""votes"": 0, ""votes_pct"": 0, ""party"": ""WI"" } ]"
"690765","8","3",3A,St. Louis,Kugler Twp,35.3585577968895,R,"4.96",-4.96,2.85645134567352,"101","[ { ""name"": ""Andrea Zupancich"", ""votes"": 53, ""votes_pct"": 52.480000, ""party"": ""R"" }, { ""name"": ""Grant Hauschild"", ""votes"": 48, ""votes_pct"": 47.520000, ""party"": ""DFL"" }, { ""name"": ""WRITE-IN"", ""votes"": 0, ""votes_pct"": 0, ""party"": ""WI"" } ]"
"690770","8","3",3B,St. Louis,Lakewood Twp,27.8960974214423,DFL,"10.94",10.94,45.2393028649938,"1262","[ { ""name"": ""Grant Hauschild"", ""votes"": 699, ""votes_pct"": 55.390000, ""party"": ""DFL"" }, { ""name"": ""Andrea Zupancich"", ""votes"": 561, ""votes_pct"": 44.450000, ""party"": ""R"" }, { ""name"": ""WRITE-IN"", ""votes"": 2, ""votes_pct"": 0.160000, ""party"": ""WI"" } ]"
"690775","8","7",7A,St. Louis,Lavell Twp,108.261439706406,R,"5.48",-5.48,1.34858727535804,"146","[ { ""name"": ""Robert Farnsworth"", ""votes"": 77, ""votes_pct"": 52.740000, ""party"": ""R"" }, { ""name"": ""Ben DeNucci"", ""votes"": 69, ""votes_pct"": 47.260000, ""party"": ""DFL"" }, { ""name"": ""WRITE-IN"", ""votes"": 0, ""votes_pct"": 0, ""party"": ""WI"" } ]"
"690780","8","3",3A,St. Louis,Leiding Twp,140.604825505845,R,"35.08",-35.08,1.35841710490982,"191","[ { ""name"": ""Andrea Zupancich"", ""votes"": 129, ""votes_pct"": 67.540000, ""party"": ""R"" }, { ""name"": ""Grant Hauschild"", ""votes"": 62, ""votes_pct"": 32.460000, ""party"": ""DFL"" }, { ""name"": ""WRITE-IN"", ""votes"": 0, ""votes_pct"": 0, ""party"": ""WI"" } ]"
"690785","8","7",7B,St. Louis,Leonidas,1.37836602863645,R,"46.15",-46.15,9.43145705125962,"13","[ { ""name"": ""Robert Farnsworth"", ""votes"": 9, ""votes_pct"": 69.230000, ""party"": ""R"" }, { ""name"": ""Ben DeNucci"", ""votes"": 3, ""votes_pct"": 23.080000, ""party"": ""DFL"" }, { ""name"": ""WRITE-IN"", ""votes"": 1, ""votes_pct"": 7.690000, ""party"": ""WI"" } ]"
"690790","8","3",3A,St. Louis,Linden Grove Twp,35.3732164984084,R,"27.86",-27.86,1.72446856798405,"61","[ { ""name"": ""Andrea Zupancich"", ""votes"": 39, ""votes_pct"": 63.930000, ""party"": ""R"" }, { ""name"": ""Grant Hauschild"", ""votes"": 22, ""votes_pct"": 36.070000, ""party"": ""DFL"" }, { ""name"": ""WRITE-IN"", ""votes"": 0, ""votes_pct"": 0, ""party"": ""WI"" } ]"
"690795","8","7",7B,St. Louis,McDavitt Twp,72.280198766061,R,"10.70",-10.7,3.3619165988528,"243","[ { ""name"": ""Robert Farnsworth"", ""votes"": 134, ""votes_pct"": 55.140000, ""party"": ""R"" }, { ""name"": ""Ben DeNucci"", ""votes"": 108, ""votes_pct"": 44.440000, ""party"": ""DFL"" }, { ""name"": ""WRITE-IN"", ""votes"": 1, ""votes_pct"": 0.410000, ""party"": ""WI"" } ]"
"690797","8","7",7B,St. Louis,McKinley,1.58284509396027,DFL,"20.84",20.84,30.3251405858701,"48","[ { ""name"": ""Ben DeNucci"", ""votes"": 29, ""votes_pct"": 60.420000, ""party"": ""DFL"" }, { ""name"": ""Robert Farnsworth"", ""votes"": 19, ""votes_pct"": 39.580000, ""party"": ""R"" }, { ""name"": ""WRITE-IN"", ""votes"": 0, ""votes_pct"": 0, ""party"": ""WI"" } ]"
"690799","8","7",7B,St. Louis,Meadowlands,0.379115130340089,R,"2.94",-2.94,89.6825193167573,"34","[ { ""name"": ""Robert Farnsworth"", ""votes"": 17, ""votes_pct"": 50, ""party"": ""R"" }, { ""name"": ""Ben DeNucci"", ""votes"": 16, ""votes_pct"": 47.060000, ""party"": ""DFL"" }, { ""name"": ""WRITE-IN"", ""votes"": 1, ""votes_pct"": 2.940000, ""party"": ""WI"" } ]"
"690800","8","7",7B,St. Louis,Meadowlands Twp,60.4259997967197,R,"4.67",-4.67,2.48237514488164,"150","[ { ""name"": ""Robert Farnsworth"", ""votes"": 78, ""votes_pct"": 52, ""party"": ""R"" }, { ""name"": ""Ben DeNucci"", ""votes"": 71, ""votes_pct"": 47.330000, ""party"": ""DFL"" }, { ""name"": ""WRITE-IN"", ""votes"": 1, ""votes_pct"": 0.670000, ""party"": ""WI"" } ]"
"690805","8","3",3B,St. Louis,Midway Twp,14.1095626153654,DFL,"0.90",0.9,55.0690351771673,"777","[ { ""name"": ""Grant Hauschild"", ""votes"": 392, ""votes_pct"": 50.450000, ""party"": ""DFL"" }, { ""name"": ""Andrea Zupancich"", ""votes"": 385, ""votes_pct"": 49.550000, ""party"": ""R"" }, { ""name"": ""WRITE-IN"", ""votes"": 0, ""votes_pct"": 0, ""party"": ""WI"" } ]"
"690810","8","7",7B,St. Louis,Morcom Twp,35.8038526003587,R,"16.28",-16.28,1.20098807466237,"43","[ { ""name"": ""Robert Farnsworth"", ""votes"": 25, ""votes_pct"": 58.140000, ""party"": ""R"" }, { ""name"": ""Ben DeNucci"", ""votes"": 18, ""votes_pct"": 41.860000, ""party"": ""DFL"" }, { ""name"": ""WRITE-IN"", ""votes"": 0, ""votes_pct"": 0, ""party"": ""WI"" } ]"
"690815","8","3",3A,St. Louis,Morse Twp,138.033777082687,DFL,"41.42",41.42,1.22433801038975,"169","[ { ""name"": ""Grant Hauschild"", ""votes"": 118, ""votes_pct"": 69.820000, ""party"": ""DFL"" }, { ""name"": ""Andrea Zupancich"", ""votes"": 48, ""votes_pct"": 28.400000, ""party"": ""R"" }, { ""name"": ""WRITE-IN"", ""votes"": 3, ""votes_pct"": 1.780000, ""party"": ""WI"" } ]"
"690820","8","7",7B,St. Louis,Mountain Iron P-1,43.1566238877345,R,"1.37",-1.37,16.9614750658946,"732","[ { ""name"": ""Robert Farnsworth"", ""votes"": 369, ""votes_pct"": 50.410000, ""party"": ""R"" }, { ""name"": ""Ben DeNucci"", ""votes"": 359, ""votes_pct"": 49.040000, ""party"": ""DFL"" }, { ""name"": ""WRITE-IN"", ""votes"": 4, ""votes_pct"": 0.550000, ""party"": ""WI"" } ]"
"690821","8","3",3A,St. Louis,Unorg Prct 24,143.783840777019,DFL,"37.04",37.04,0.18778188045395,"27","[ { ""name"": ""Grant Hauschild"", ""votes"": 16, ""votes_pct"": 59.260000, ""party"": ""DFL"" }, { ""name"": ""WRITE-IN"", ""votes"": 6, ""votes_pct"": 22.220000, ""party"": ""WI"" }, { ""name"": ""Andrea Zupancich"", ""votes"": 5, ""votes_pct"": 18.520000, ""party"": ""R"" } ]"
"690825","8","7",7B,St. Louis,Mountain Iron P-2,27.6891884745676,DFL,"4.88",4.88,25.1361646311618,"696","[ { ""name"": ""Ben DeNucci"", ""votes"": 359, ""votes_pct"": 51.580000, ""party"": ""DFL"" }, { ""name"": ""Robert Farnsworth"", ""votes"": 325, ""votes_pct"": 46.700000, ""party"": ""R"" }, { ""name"": ""WRITE-IN"", ""votes"": 12, ""votes_pct"": 1.720000, ""party"": ""WI"" } ]"
"690840","8","7",7B,St. Louis,Ness Twp,35.2405014937104,R,"37.50",-37.5,0.908046101605883,"32","[ { ""name"": ""Robert Farnsworth"", ""votes"": 22, ""votes_pct"": 68.750000, ""party"": ""R"" }, { ""name"": ""Ben DeNucci"", ""votes"": 10, ""votes_pct"": 31.250000, ""party"": ""DFL"" }, { ""name"": ""WRITE-IN"", ""votes"": 0, ""votes_pct"": 0, ""party"": ""WI"" } ]"
"690845","8","7",7B,St. Louis,New Independence Twp,35.7033774618764,DFL,"1.86",1.86,4.50937730392352,"161","[ { ""name"": ""Ben DeNucci"", ""votes"": 82, ""votes_pct"": 50.930000, ""party"": ""DFL"" }, { ""name"": ""Robert Farnsworth"", ""votes"": 79, ""votes_pct"": 49.070000, ""party"": ""R"" }, { ""name"": ""WRITE-IN"", ""votes"": 0, ""votes_pct"": 0, ""party"": ""WI"" } ]"
"690850","8","3",3B,St. Louis,Normanna Twp,36.1132887805361,R,"3.10",-3.1,11.6023772452934,"419","[ { ""name"": ""Andrea Zupancich"", ""votes"": 216, ""votes_pct"": 51.550000, ""party"": ""R"" }, { ""name"": ""Grant Hauschild"", ""votes"": 203, ""votes_pct"": 48.450000, ""party"": ""DFL"" }, { ""name"": ""WRITE-IN"", ""votes"": 0, ""votes_pct"": 0, ""party"": ""WI"" } ]"
"690852","8","3",3B,St. Louis,North Star Twp,35.6592884010234,DFL,"14.58",14.58,4.03821855278153,"144","[ { ""name"": ""Grant Hauschild"", ""votes"": 82, ""votes_pct"": 56.940000, ""party"": ""DFL"" }, { ""name"": ""Andrea Zupancich"", ""votes"": 61, ""votes_pct"": 42.360000, ""party"": ""R"" }, { ""name"": ""WRITE-IN"", ""votes"": 1, ""votes_pct"": 0.690000, ""party"": ""WI"" } ]"
"690855","8","7",7B,St. Louis,Northland Twp,35.4176547033523,R,"19.58",-19.58,2.73874712519626,"97","[ { ""name"": ""Robert Farnsworth"", ""votes"": 58, ""votes_pct"": 59.790000, ""party"": ""R"" }, { ""name"": ""Ben DeNucci"", ""votes"": 39, ""votes_pct"": 40.210000, ""party"": ""DFL"" }, { ""name"": ""WRITE-IN"", ""votes"": 0, ""votes_pct"": 0, ""party"": ""WI"" } ]"
"690857","8","3",3B,St. Louis,Unorg Prct 2,143.08813652562,DFL,"10.46",10.46,1.670299200222,"239","[ { ""name"": ""Grant Hauschild"", ""votes"": 132, ""votes_pct"": 55.230000, ""party"": ""DFL"" }, { ""name"": ""Andrea Zupancich"", ""votes"": 107, ""votes_pct"": 44.770000, ""party"": ""R"" }, { ""name"": ""WRITE-IN"", ""votes"": 0, ""votes_pct"": 0, ""party"": ""WI"" } ]"
"690860","8","3",3A,St. Louis,Orr,1.40777891894168,R,"27.74",-27.74,84.5303182189005,"119","[ { ""name"": ""Andrea Zupancich"", ""votes"": 76, ""votes_pct"": 63.870000, ""party"": ""R"" }, { ""name"": ""Grant Hauschild"", ""votes"": 43, ""votes_pct"": 36.130000, ""party"": ""DFL"" }, { ""name"": ""WRITE-IN"", ""votes"": 0, ""votes_pct"": 0, ""party"": ""WI"" } ]"
"690865","8","3",3A,St. Louis,Owens Twp,27.7749954087606,R,"46.56",-46.56,4.17641833213092,"116","[ { ""name"": ""Andrea Zupancich"", ""votes"": 85, ""votes_pct"": 73.280000, ""party"": ""R"" }, { ""name"": ""Grant Hauschild"", ""votes"": 31, ""votes_pct"": 26.720000, ""party"": ""DFL"" }, { ""name"": ""WRITE-IN"", ""votes"": 0, ""votes_pct"": 0, ""party"": ""WI"" } ]"
"690875","8","3",3B,St. Louis,Pequaywan Twp,36.0342367598585,DFL,"16.54",16.54,3.52442597428554,"127","[ { ""name"": ""Grant Hauschild"", ""votes"": 74, ""votes_pct"": 58.270000, ""party"": ""DFL"" }, { ""name"": ""Andrea Zupancich"", ""votes"": 53, ""votes_pct"": 41.730000, ""party"": ""R"" }, { ""name"": ""WRITE-IN"", ""votes"": 0, ""votes_pct"": 0, ""party"": ""WI"" } ]"
"690880","8","7",7B,St. Louis,Pike Twp,34.0577923574246,R,"13.85",-13.85,6.78258877074991,"231","[ { ""name"": ""Robert Farnsworth"", ""votes"": 131, ""votes_pct"": 56.710000, ""party"": ""R"" }, { ""name"": ""Ben DeNucci"", ""votes"": 99, ""votes_pct"": 42.860000, ""party"": ""DFL"" }, { ""name"": ""WRITE-IN"", ""votes"": 1, ""votes_pct"": 0.430000, ""party"": ""WI"" } ]"
"690881","8","7",7B,St. Louis,Unorg Prct 18,30.4546444721204,R,"5.66",-5.66,1.7402928492079,"53","[ { ""name"": ""Robert Farnsworth"", ""votes"": 28, ""votes_pct"": 52.830000, ""party"": ""R"" }, { ""name"": ""Ben DeNucci"", ""votes"": 25, ""votes_pct"": 47.170000, ""party"": ""DFL"" }, { ""name"": ""WRITE-IN"", ""votes"": 0, ""votes_pct"": 0, ""party"": ""WI"" } ]"
"690885","8","3",3A,St. Louis,Portage Twp,143.330845704532,R,"41.18",-41.18,0.711640257884662,"102","[ { ""name"": ""Andrea Zupancich"", ""votes"": 72, ""votes_pct"": 70.590000, ""party"": ""R"" }, { ""name"": ""Grant Hauschild"", ""votes"": 30, ""votes_pct"": 29.410000, ""party"": ""DFL"" }, { ""name"": ""WRITE-IN"", ""votes"": 0, ""votes_pct"": 0, ""party"": ""WI"" } ]"
"690890","8","7",7A,St. Louis,Prairie Lake Twp,35.9209073219139,even,"0.00",0,0.668134570903741,"24","[ { ""name"": ""Robert Farnsworth"", ""votes"": 12, ""votes_pct"": 50, ""party"": ""R"" }, { ""name"": ""Ben DeNucci"", ""votes"": 12, ""votes_pct"": 50, ""party"": ""DFL"" }, { ""name"": ""WRITE-IN"", ""votes"": 0, ""votes_pct"": 0, ""party"": ""WI"" } ]"
"690895","8","3",3B,St. Louis,Proctor,3.21981517153682,DFL,"20.53",20.53,461.51717438201,"1486","[ { ""name"": ""Grant Hauschild"", ""votes"": 895, ""votes_pct"": 60.230000, ""party"": ""DFL"" }, { ""name"": ""Andrea Zupancich"", ""votes"": 590, ""votes_pct"": 39.700000, ""party"": ""R"" }, { ""name"": ""WRITE-IN"", ""votes"": 1, ""votes_pct"": 0.070000, ""party"": ""WI"" } ]"
"690910","8","3",3B,St. Louis,Rice Lake,33.1096270613051,DFL,"8.91",8.91,63.4558642448564,"2101","[ { ""name"": ""Grant Hauschild"", ""votes"": 1142, ""votes_pct"": 54.360000, ""party"": ""DFL"" }, { ""name"": ""Andrea Zupancich"", ""votes"": 955, ""votes_pct"": 45.450000, ""party"": ""R"" }, { ""name"": ""WRITE-IN"", ""votes"": 4, ""votes_pct"": 0.190000, ""party"": ""WI"" } ]"
"690915","8","7",7B,St. Louis,Sandy Twp,33.2348162536061,R,"3.92",-3.92,5.38591814782721,"179","[ { ""name"": ""Robert Farnsworth"", ""votes"": 93, ""votes_pct"": 51.960000, ""party"": ""R"" }, { ""name"": ""Ben DeNucci"", ""votes"": 86, ""votes_pct"": 48.040000, ""party"": ""DFL"" }, { ""name"": ""WRITE-IN"", ""votes"": 0, ""votes_pct"": 0, ""party"": ""WI"" } ]"
"690920","8","3",3B,St. Louis,Solway Twp,35.7126745724249,R,"0.10",-0.1,28.4212821400871,"1015","[ { ""name"": ""Andrea Zupancich"", ""votes"": 507, ""votes_pct"": 49.950000, ""party"": ""R"" }, { ""name"": ""Grant Hauschild"", ""votes"": 506, ""votes_pct"": 49.850000, ""party"": ""DFL"" }, { ""name"": ""WRITE-IN"", ""votes"": 2, ""votes_pct"": 0.200000, ""party"": ""WI"" } ]"
"690925","8","11",11A,St. Louis,Stoney Brook Twp,35.8578462102647,DFL,"8.80",8.8,3.48598739776561,"125","[ { ""name"": ""Michelle Boyechko"", ""votes"": 68, ""votes_pct"": 54.400000, ""party"": ""DFL"" }, { ""name"": ""Jason Rarick"", ""votes"": 57, ""votes_pct"": 45.600000, ""party"": ""R"" }, { ""name"": ""WRITE-IN"", ""votes"": 0, ""votes_pct"": 0, ""party"": ""WI"" } ]"
"690930","8","7",7B,St. Louis,Sturgeon Twp,36.9656813751311,R,"6.98",-6.98,2.32648220730099,"86","[ { ""name"": ""Robert Farnsworth"", ""votes"": 46, ""votes_pct"": 53.490000, ""party"": ""R"" }, { ""name"": ""Ben DeNucci"", ""votes"": 40, ""votes_pct"": 46.510000, ""party"": ""DFL"" }, { ""name"": ""WRITE-IN"", ""votes"": 0, ""votes_pct"": 0, ""party"": ""WI"" } ]"
"690935","8","7",7A,St. Louis,Toivola Twp,72.0325884966831,R,"34.38",-34.38,1.33273011568119,"96","[ { ""name"": ""Robert Farnsworth"", ""votes"": 63, ""votes_pct"": 65.630000, ""party"": ""R"" }, { ""name"": ""Ben DeNucci"", ""votes"": 30, ""votes_pct"": 31.250000, ""party"": ""DFL"" }, { ""name"": ""WRITE-IN"", ""votes"": 3, ""votes_pct"": 3.130000, ""party"": ""WI"" } ]"
"690940","8","3",3A,St. Louis,Tower,2.92438304428198,R,"22.16",-22.16,66.3387788338214,"194","[ { ""name"": ""Andrea Zupancich"", ""votes"": 118, ""votes_pct"": 60.820000, ""party"": ""R"" }, { ""name"": ""Grant Hauschild"", ""votes"": 75, ""votes_pct"": 38.660000, ""party"": ""DFL"" }, { ""name"": ""WRITE-IN"", ""votes"": 1, ""votes_pct"": 0.520000, ""party"": ""WI"" } ]"
"690945","8","7",7A,St. Louis,Unorg Prct 4,36.1055167752193,R,"4.11",-4.11,4.0437033738901,"146","[ { ""name"": ""Robert Farnsworth"", ""votes"": 75, ""votes_pct"": 51.370000, ""party"": ""R"" }, { ""name"": ""Ben DeNucci"", ""votes"": 69, ""votes_pct"": 47.260000, ""party"": ""DFL"" }, { ""name"": ""WRITE-IN"", ""votes"": 2, ""votes_pct"": 1.370000, ""party"": ""WI"" } ]"
"690950","8","7",7B,St. Louis,Unorg Prct 5,35.4213278219958,DFL,"3.36",3.36,4.20650520919982,"149","[ { ""name"": ""Ben DeNucci"", ""votes"": 77, ""votes_pct"": 51.680000, ""party"": ""DFL"" }, { ""name"": ""Robert Farnsworth"", ""votes"": 72, ""votes_pct"": 48.320000, ""party"": ""R"" }, { ""name"": ""WRITE-IN"", ""votes"": 0, ""votes_pct"": 0, ""party"": ""WI"" } ]"
"690960","8","7",7B,St. Louis,Unorg Prct 14,36.297179688923,R,"15.61",-15.61,12.7007112935743,"461","[ { ""name"": ""Robert Farnsworth"", ""votes"": 265, ""votes_pct"": 57.480000, ""party"": ""R"" }, { ""name"": ""Ben DeNucci"", ""votes"": 193, ""votes_pct"": 41.870000, ""party"": ""DFL"" }, { ""name"": ""WRITE-IN"", ""votes"": 3, ""votes_pct"": 0.650000, ""party"": ""WI"" } ]"
"690962","8","3",3B,St. Louis,Unorg Prct 6,48.1918931663598,R,"100.00",-100,0.0207503780054453,"1","[ { ""name"": ""Andrea Zupancich"", ""votes"": 1, ""votes_pct"": 100, ""party"": ""R"" }, { ""name"": ""Grant Hauschild"", ""votes"": 0, ""votes_pct"": 0, ""party"": ""DFL"" }, { ""name"": ""WRITE-IN"", ""votes"": 0, ""votes_pct"": 0, ""party"": ""WI"" } ]"
"690965","8","7",7B,St. Louis,Unorg Prct 7,37.2997456587499,R,"14.28",-14.28,3.56570795996301,"133","[ { ""name"": ""Robert Farnsworth"", ""votes"": 71, ""votes_pct"": 53.380000, ""party"": ""R"" }, { ""name"": ""Ben DeNucci"", ""votes"": 52, ""votes_pct"": 39.100000, ""party"": ""DFL"" }, { ""name"": ""WRITE-IN"", ""votes"": 10, ""votes_pct"": 7.520000, ""party"": ""WI"" } ]"
"690970","8","7",7B,St. Louis,Unorg Prct 15,34.6232206039262,R,"27.14",-27.14,16.1741163944898,"560","[ { ""name"": ""Robert Farnsworth"", ""votes"": 356, ""votes_pct"": 63.570000, ""party"": ""R"" }, { ""name"": ""Ben DeNucci"", ""votes"": 204, ""votes_pct"": 36.430000, ""party"": ""DFL"" }, { ""name"": ""WRITE-IN"", ""votes"": 0, ""votes_pct"": 0, ""party"": ""WI"" } ]"
"690971","8","7",7B,St. Louis,Unorg Prct 16,25.6535559534454,R,"29.34",-29.34,3.58624746475523,"92","[ { ""name"": ""Robert Farnsworth"", ""votes"": 58, ""votes_pct"": 63.040000, ""party"": ""R"" }, { ""name"": ""Ben DeNucci"", ""votes"": 31, ""votes_pct"": 33.700000, ""party"": ""DFL"" }, { ""name"": ""WRITE-IN"", ""votes"": 3, ""votes_pct"": 3.260000, ""party"": ""WI"" } ]"
"690973","8","7",7B,St. Louis,Unorg Prct 8,37.2866004312387,R,"40.00",-40,0.804578579249236,"30","[ { ""name"": ""Robert Farnsworth"", ""votes"": 21, ""votes_pct"": 70, ""party"": ""R"" }, { ""name"": ""Ben DeNucci"", ""votes"": 9, ""votes_pct"": 30, ""party"": ""DFL"" }, { ""name"": ""WRITE-IN"", ""votes"": 0, ""votes_pct"": 0, ""party"": ""WI"" } ]"
"690975","8","3",3A,St. Louis,Unorg Prct 9,70.3961837925489,R,"5.74",-5.74,3.70758734264833,"261","[ { ""name"": ""Andrea Zupancich"", ""votes"": 138, ""votes_pct"": 52.870000, ""party"": ""R"" }, { ""name"": ""Grant Hauschild"", ""votes"": 123, ""votes_pct"": 47.130000, ""party"": ""DFL"" }, { ""name"": ""WRITE-IN"", ""votes"": 0, ""votes_pct"": 0, ""party"": ""WI"" } ]"
"690976","8","3",3A,St. Louis,Unorg Prct 20,35.1900004115088,DFL,"33.34",33.34,0.17050298180837,"6","[ { ""name"": ""Grant Hauschild"", ""votes"": 4, ""votes_pct"": 66.670000, ""party"": ""DFL"" }, { ""name"": ""Andrea Zupancich"", ""votes"": 2, ""votes_pct"": 33.330000, ""party"": ""R"" }, { ""name"": ""WRITE-IN"", ""votes"": 0, ""votes_pct"": 0, ""party"": ""WI"" } ]"
"690979","8","7",7B,St. Louis,Unorg Prct 10,36.0373561063144,DFL,"100.00",100,0.0554979670012352,"2","[ { ""name"": ""Ben DeNucci"", ""votes"": 2, ""votes_pct"": 100, ""party"": ""DFL"" }, { ""name"": ""Robert Farnsworth"", ""votes"": 0, ""votes_pct"": 0, ""party"": ""R"" }, { ""name"": ""WRITE-IN"", ""votes"": 0, ""votes_pct"": 0, ""party"": ""WI"" } ]"
"690990","8","3",3A,St. Louis,Unorg Prct 12,17.8961045784721,DFL,"9.10",9.1,0.614658902543088,"11","[ { ""name"": ""Grant Hauschild"", ""votes"": 6, ""votes_pct"": 54.550000, ""party"": ""DFL"" }, { ""name"": ""Andrea Zupancich"", ""votes"": 5, ""votes_pct"": 45.450000, ""party"": ""R"" }, { ""name"": ""WRITE-IN"", ""votes"": 0, ""votes_pct"": 0, ""party"": ""WI"" } ]"
"690999","8","3",3A,St. Louis,Unorg Prct 11,35.9067467821362,R,"7.70",-7.7,1.44819580329873,"52","[ { ""name"": ""Andrea Zupancich"", ""votes"": 28, ""votes_pct"": 53.850000, ""party"": ""R"" }, { ""name"": ""Grant Hauschild"", ""votes"": 24, ""votes_pct"": 46.150000, ""party"": ""DFL"" }, { ""name"": ""WRITE-IN"", ""votes"": 0, ""votes_pct"": 0, ""party"": ""WI"" } ]"
"691000","8","3",3A,St. Louis,Unorg Prct 13,621.00986026365,R,"40.18",-40.18,0.18840280563392,"117","[ { ""name"": ""Andrea Zupancich"", ""votes"": 82, ""votes_pct"": 70.090000, ""party"": ""R"" }, { ""name"": ""Grant Hauschild"", ""votes"": 35, ""votes_pct"": 29.910000, ""party"": ""DFL"" }, { ""name"": ""WRITE-IN"", ""votes"": 0, ""votes_pct"": 0, ""party"": ""WI"" } ]"
"691001","8","3",3A,St. Louis,Unorg Prct 19,35.3723501042554,DFL,"67.28",67.28,1.55488679259067,"55","[ { ""name"": ""Grant Hauschild"", ""votes"": 46, ""votes_pct"": 83.640000, ""party"": ""DFL"" }, { ""name"": ""Andrea Zupancich"", ""votes"": 9, ""votes_pct"": 16.360000, ""party"": ""R"" }, { ""name"": ""WRITE-IN"", ""votes"": 0, ""votes_pct"": 0, ""party"": ""WI"" } ]"
"691002","8","3",3A,St. Louis,Unorg Prct 21,640.083566954403,R,"19.20",-19.2,0.154667304569393,"99","[ { ""name"": ""Andrea Zupancich"", ""votes"": 59, ""votes_pct"": 59.600000, ""party"": ""R"" }, { ""name"": ""Grant Hauschild"", ""votes"": 40, ""votes_pct"": 40.400000, ""party"": ""DFL"" }, { ""name"": ""WRITE-IN"", ""votes"": 0, ""votes_pct"": 0, ""party"": ""WI"" } ]"
"691005","8","3",3B,St. Louis,Unorg Prct 23,36.1938265866005,DFL,"25.00",25,0.884128676569579,"32","[ { ""name"": ""Grant Hauschild"", ""votes"": 20, ""votes_pct"": 62.500000, ""party"": ""DFL"" }, { ""name"": ""Andrea Zupancich"", ""votes"": 12, ""votes_pct"": 37.500000, ""party"": ""R"" }, { ""name"": ""WRITE-IN"", ""votes"": 0, ""votes_pct"": 0, ""party"": ""WI"" } ]"
"691011","8","3",3A,St. Louis,Camp 5 Twp,33.9304863607152,R,"68.42",-68.42,0.559968395324808,"19","[ { ""name"": ""Andrea Zupancich"", ""votes"": 16, ""votes_pct"": 84.210000, ""party"": ""R"" }, { ""name"": ""Grant Hauschild"", ""votes"": 3, ""votes_pct"": 15.790000, ""party"": ""DFL"" }, { ""name"": ""WRITE-IN"", ""votes"": 0, ""votes_pct"": 0, ""party"": ""WI"" } ]"
"691030","8","7",7A,St. Louis,Van Buren Twp,35.6037081824724,R,"23.08",-23.08,2.55591354511772,"91","[ { ""name"": ""Robert Farnsworth"", ""votes"": 56, ""votes_pct"": 61.540000, ""party"": ""R"" }, { ""name"": ""Ben DeNucci"", ""votes"": 35, ""votes_pct"": 38.460000, ""party"": ""DFL"" }, { ""name"": ""WRITE-IN"", ""votes"": 0, ""votes_pct"": 0, ""party"": ""WI"" } ]"
"691035","8","3",3A,St. Louis,Vermilion Lake Twp,36.4202984512095,R,"10.98",-10.98,4.75009836154307,"173","[ { ""name"": ""Andrea Zupancich"", ""votes"": 96, ""votes_pct"": 55.490000, ""party"": ""R"" }, { ""name"": ""Grant Hauschild"", ""votes"": 77, ""votes_pct"": 44.510000, ""party"": ""DFL"" }, { ""name"": ""WRITE-IN"", ""votes"": 0, ""votes_pct"": 0, ""party"": ""WI"" } ]"
"691040","8","7",7B,St. Louis,Virginia P-1,10.948473440087,DFL,"3.61",3.61,68.4113638397834,"749","[ { ""name"": ""Ben DeNucci"", ""votes"": 387, ""votes_pct"": 51.670000, ""party"": ""DFL"" }, { ""name"": ""Robert Farnsworth"", ""votes"": 360, ""votes_pct"": 48.060000, ""party"": ""R"" }, { ""name"": ""WRITE-IN"", ""votes"": 2, ""votes_pct"": 0.270000, ""party"": ""WI"" } ]"
"691045","8","7",7B,St. Louis,Virginia P-2,1.07846936653728,DFL,"1.59",1.59,583.233997660571,"629","[ { ""name"": ""Ben DeNucci"", ""votes"": 317, ""votes_pct"": 50.400000, ""party"": ""DFL"" }, { ""name"": ""Robert Farnsworth"", ""votes"": 307, ""votes_pct"": 48.810000, ""party"": ""R"" }, { ""name"": ""WRITE-IN"", ""votes"": 5, ""votes_pct"": 0.790000, ""party"": ""WI"" } ]"
"691050","8","7",7B,St. Louis,Virginia P-3,0.297816947915573,DFL,"15.61",15.61,1376.68458047669,"410","[ { ""name"": ""Ben DeNucci"", ""votes"": 236, ""votes_pct"": 57.560000, ""party"": ""DFL"" }, { ""name"": ""Robert Farnsworth"", ""votes"": 172, ""votes_pct"": 41.950000, ""party"": ""R"" }, { ""name"": ""WRITE-IN"", ""votes"": 2, ""votes_pct"": 0.490000, ""party"": ""WI"" } ]"
"691055","8","7",7B,St. Louis,Virginia P-4,0.277906328743972,DFL,"3.51",3.51,2256.15588833041,"627","[ { ""name"": ""Ben DeNucci"", ""votes"": 323, ""votes_pct"": 51.520000, ""party"": ""DFL"" }, { ""name"": ""Robert Farnsworth"", ""votes"": 301, ""votes_pct"": 48.010000, ""party"": ""R"" }, { ""name"": ""WRITE-IN"", ""votes"": 3, ""votes_pct"": 0.480000, ""party"": ""WI"" } ]"
"691060","8","7",7B,St. Louis,Virginia P-5,6.48951167870577,R,"4.33",-4.33,110.331876333536,"716","[ { ""name"": ""Robert Farnsworth"", ""votes"": 372, ""votes_pct"": 51.960000, ""party"": ""R"" }, { ""name"": ""Ben DeNucci"", ""votes"": 341, ""votes_pct"": 47.630000, ""party"": ""DFL"" }, { ""name"": ""WRITE-IN"", ""votes"": 3, ""votes_pct"": 0.420000, ""party"": ""WI"" } ]"
"691125","8","3",3A,St. Louis,Waasa Twp,35.3136766527745,R,"19.66",-19.66,3.31316393788205,"117","[ { ""name"": ""Andrea Zupancich"", ""votes"": 70, ""votes_pct"": 59.830000, ""party"": ""R"" }, { ""name"": ""Grant Hauschild"", ""votes"": 47, ""votes_pct"": 40.170000, ""party"": ""DFL"" }, { ""name"": ""WRITE-IN"", ""votes"": 0, ""votes_pct"": 0, ""party"": ""WI"" } ]"
"691130","8","7",7B,St. Louis,Aurora P-1,3.88052276646177,DFL,"9.86",9.86,182.965039178825,"710","[ { ""name"": ""Ben DeNucci"", ""votes"": 390, ""votes_pct"": 54.930000, ""party"": ""DFL"" }, { ""name"": ""Robert Farnsworth"", ""votes"": 320, ""votes_pct"": 45.070000, ""party"": ""R"" }, { ""name"": ""WRITE-IN"", ""votes"": 0, ""votes_pct"": 0, ""party"": ""WI"" } ]"
"691135","8","7",7B,St. Louis,White Twp P-2,34.5067371898692,R,"31.25",-31.25,12.0556167832099,"416","[ { ""name"": ""Robert Farnsworth"", ""votes"": 272, ""votes_pct"": 65.380000, ""party"": ""R"" }, { ""name"": ""Ben DeNucci"", ""votes"": 142, ""votes_pct"": 34.130000, ""party"": ""DFL"" }, { ""name"": ""WRITE-IN"", ""votes"": 2, ""votes_pct"": 0.480000, ""party"": ""WI"" } ]"
"691136","8","7",7B,St. Louis,White Twp P-3,68.5610802643338,R,"7.56",-7.56,5.20703580841499,"357","[ { ""name"": ""Robert Farnsworth"", ""votes"": 191, ""votes_pct"": 53.500000, ""party"": ""R"" }, { ""name"": ""Ben DeNucci"", ""votes"": 164, ""votes_pct"": 45.940000, ""party"": ""DFL"" }, { ""name"": ""WRITE-IN"", ""votes"": 2, ""votes_pct"": 0.560000, ""party"": ""WI"" } ]"
"691140","8","3",3A,St. Louis,Willow Valley Twp,35.0581743811342,R,"35.84",-35.84,1.51177295839229,"53","[ { ""name"": ""Andrea Zupancich"", ""votes"": 36, ""votes_pct"": 67.920000, ""party"": ""R"" }, { ""name"": ""Grant Hauschild"", ""votes"": 17, ""votes_pct"": 32.080000, ""party"": ""DFL"" }, { ""name"": ""WRITE-IN"", ""votes"": 0, ""votes_pct"": 0, ""party"": ""WI"" } ]"
"691145","8","3",3A,St. Louis,Winton,0.126181163199019,R,"50.62",-50.62,641.934167877678,"81","[ { ""name"": ""Andrea Zupancich"", ""votes"": 61, ""votes_pct"": 75.310000, ""party"": ""R"" }, { ""name"": ""Grant Hauschild"", ""votes"": 20, ""votes_pct"": 24.690000, ""party"": ""DFL"" }, { ""name"": ""WRITE-IN"", ""votes"": 0, ""votes_pct"": 0, ""party"": ""WI"" } ]"
"691150","8","7",7B,St. Louis,Wuori Twp,34.9075597934092,R,"12.66",-12.66,8.5941269391349,"300","[ { ""name"": ""Robert Farnsworth"", ""votes"": 169, ""votes_pct"": 56.330000, ""party"": ""R"" }, { ""name"": ""Ben DeNucci"", ""votes"": 131, ""votes_pct"": 43.670000, ""party"": ""DFL"" }, { ""name"": ""WRITE-IN"", ""votes"": 0, ""votes_pct"": 0, ""party"": ""WI"" } ]"
"691155","8","7",7B,St. Louis,Unorg Prct 17,35.6049867375259,DFL,"20.58",20.58,3.81968966882559,"136","[ { ""name"": ""Ben DeNucci"", ""votes"": 82, ""votes_pct"": 60.290000, ""party"": ""DFL"" }, { ""name"": ""Robert Farnsworth"", ""votes"": 54, ""votes_pct"": 39.710000, ""party"": ""R"" }, { ""name"": ""WRITE-IN"", ""votes"": 0, ""votes_pct"": 0, ""party"": ""WI"" } ]"
"691160","8","3",3A,St. Louis,Kabetogama Twp,35.5285375260215,R,"44.58",-44.58,2.33615019867367,"83","[ { ""name"": ""Andrea Zupancich"", ""votes"": 60, ""votes_pct"": 72.290000, ""party"": ""R"" }, { ""name"": ""Grant Hauschild"", ""votes"": 23, ""votes_pct"": 27.710000, ""party"": ""DFL"" }, { ""name"": ""WRITE-IN"", ""votes"": 0, ""votes_pct"": 0, ""party"": ""WI"" } ]"
"700005","2","22",22B,Scott,Belle Plaine,6.17411839278663,R,"92.96",-92.96,382.240807490385,"2360","[ { ""name"": ""Rich Draheim"", ""votes"": 2277, ""votes_pct"": 96.480000, ""party"": ""R"" }, { ""name"": ""WRITE-IN"", ""votes"": 83, ""votes_pct"": 3.520000, ""party"": ""WI"" } ]"
"700010","2","22",22B,Scott,Belle Plaine Twp,37.7635706258125,R,"97.62",-97.62,11.0953491170563,"419","[ { ""name"": ""Rich Draheim"", ""votes"": 414, ""votes_pct"": 98.810000, ""party"": ""R"" }, { ""name"": ""WRITE-IN"", ""votes"": 5, ""votes_pct"": 1.190000, ""party"": ""WI"" } ]"
"700015","2","22",22B,Scott,Blakeley Twp,26.8753592852702,R,"97.20",-97.2,7.96268424650563,"214","[ { ""name"": ""Rich Draheim"", ""votes"": 211, ""votes_pct"": 98.600000, ""party"": ""R"" }, { ""name"": ""WRITE-IN"", ""votes"": 3, ""votes_pct"": 1.400000, ""party"": ""WI"" } ]"
"700020","2","58",58A,Scott,Cedar Lake Twp,36.22110499577,R,"44.14",-44.14,48.231548987918,"1747","[ { ""name"": ""Bill Lieske"", ""votes"": 1259, ""votes_pct"": 72.070000, ""party"": ""R"" }, { ""name"": ""Clarice Grabau"", ""votes"": 488, ""votes_pct"": 27.930000, ""party"": ""DFL"" }, { ""name"": ""WRITE-IN"", ""votes"": 0, ""votes_pct"": 0, ""party"": ""WI"" } ]"
"700025","2","57",57A,Scott,Credit River P-1,10.2849174139526,R,"36.10",-36.1,127.954357534724,"1316","[ { ""name"": ""Zach Duckworth"", ""votes"": 895, ""votes_pct"": 68.010000, ""party"": ""R"" }, { ""name"": ""Jackie Craig"", ""votes"": 420, ""votes_pct"": 31.910000, ""party"": ""DFL"" }, { ""name"": ""WRITE-IN"", ""votes"": 1, ""votes_pct"": 0.080000, ""party"": ""WI"" } ]"
"700030","2","57",57A,Scott,Credit River P-2,13.5493314751337,R,"46.07",-46.07,128.64103319037,"1743","[ { ""name"": ""Zach Duckworth"", ""votes"": 1273, ""votes_pct"": 73.030000, ""party"": ""R"" }, { ""name"": ""Jackie Craig"", ""votes"": 470, ""votes_pct"": 26.960000, ""party"": ""DFL"" }, { ""name"": ""WRITE-IN"", ""votes"": 0, ""votes_pct"": 0, ""party"": ""WI"" } ]"
"700037","2","57",57A,Scott,Elko New Market,3.75254658062727,R,"38.18",-38.18,584.136653044181,"2192","[ { ""name"": ""Zach Duckworth"", ""votes"": 1514, ""votes_pct"": 69.070000, ""party"": ""R"" }, { ""name"": ""Jackie Craig"", ""votes"": 677, ""votes_pct"": 30.890000, ""party"": ""DFL"" }, { ""name"": ""WRITE-IN"", ""votes"": 1, ""votes_pct"": 0.050000, ""party"": ""WI"" } ]"
"700040","2","58",58A,Scott,Helena Twp,34.0128727788307,R,"47.20",-47.2,30.5178573638756,"1038","[ { ""name"": ""Bill Lieske"", ""votes"": 764, ""votes_pct"": 73.600000, ""party"": ""R"" }, { ""name"": ""Clarice Grabau"", ""votes"": 274, ""votes_pct"": 26.400000, ""party"": ""DFL"" }, { ""name"": ""WRITE-IN"", ""votes"": 0, ""votes_pct"": 0, ""party"": ""WI"" } ]"
"700045","2","54",54A,Scott,Jackson Twp P-1,3.09790054022378,R,"4.92",-4.92,59.0722644655277,"183","[ { ""name"": ""Eric Pratt"", ""votes"": 96, ""votes_pct"": 52.460000, ""party"": ""R"" }, { ""name"": ""Alicia Donahue"", ""votes"": 87, ""votes_pct"": 47.540000, ""party"": ""DFL"" }, { ""name"": ""WRITE-IN"", ""votes"": 0, ""votes_pct"": 0, ""party"": ""WI"" } ]"
"700047","2","54",54B,Scott,Jackson Twp P-2,2.24585710368119,R,"35.38",-35.38,115.768719022165,"260","[ { ""name"": ""Eric Pratt"", ""votes"": 176, ""votes_pct"": 67.690000, ""party"": ""R"" }, { ""name"": ""Alicia Donahue"", ""votes"": 84, ""votes_pct"": 32.310000, ""party"": ""DFL"" }, { ""name"": ""WRITE-IN"", ""votes"": 0, ""votes_pct"": 0, ""party"": ""WI"" } ]"
"700050","2","54",54B,Scott,Jordan P-1,1.83828451811133,R,"26.33",-26.33,820.330033323316,"1508","[ { ""name"": ""Eric Pratt"", ""votes"": 950, ""votes_pct"": 63, ""party"": ""R"" }, { ""name"": ""Alicia Donahue"", ""votes"": 553, ""votes_pct"": 36.670000, ""party"": ""DFL"" }, { ""name"": ""WRITE-IN"", ""votes"": 5, ""votes_pct"": 0.330000, ""party"": ""WI"" } ]"
"700055","2","54",54B,Scott,Jordan P-2,1.79634220747067,R,"30.27",-30.27,599.551686488771,"1077","[ { ""name"": ""Eric Pratt"", ""votes"": 699, ""votes_pct"": 64.900000, ""party"": ""R"" }, { ""name"": ""Alicia Donahue"", ""votes"": 373, ""votes_pct"": 34.630000, ""party"": ""DFL"" }, { ""name"": ""WRITE-IN"", ""votes"": 5, ""votes_pct"": 0.460000, ""party"": ""WI"" } ]"
"700060","2","54",54B,Scott,Louisville Twp,14.5164876466252,R,"39.44",-39.44,48.9099028142017,"710","[ { ""name"": ""Eric Pratt"", ""votes"": 495, ""votes_pct"": 69.720000, ""party"": ""R"" }, { ""name"": ""Alicia Donahue"", ""votes"": 215, ""votes_pct"": 30.280000, ""party"": ""DFL"" }, { ""name"": ""WRITE-IN"", ""votes"": 0, ""votes_pct"": 0, ""party"": ""WI"" } ]"
"700070","2","57",57A,Scott,New Market Twp,32.1147184676046,R,"41.76",-41.76,65.3283011687097,"2098","[ { ""name"": ""Zach Duckworth"", ""votes"": 1487, ""votes_pct"": 70.880000, ""party"": ""R"" }, { ""name"": ""Jackie Craig"", ""votes"": 611, ""votes_pct"": 29.120000, ""party"": ""DFL"" }, { ""name"": ""WRITE-IN"", ""votes"": 0, ""votes_pct"": 0, ""party"": ""WI"" } ]"
"700075","2","58",58A,Scott,New Prague P-2,2.27791381577889,R,"23.88",-23.88,913.555194926654,"2081","[ { ""name"": ""Bill Lieske"", ""votes"": 1289, ""votes_pct"": 61.940000, ""party"": ""R"" }, { ""name"": ""Clarice Grabau"", ""votes"": 792, ""votes_pct"": 38.060000, ""party"": ""DFL"" }, { ""name"": ""WRITE-IN"", ""votes"": 0, ""votes_pct"": 0, ""party"": ""WI"" } ]"
"700080","2","54",54B,Scott,Prior Lake P-1,1.87773942990348,R,"25.25",-25.25,906.941598434421,"1703","[ { ""name"": ""Eric Pratt"", ""votes"": 1065, ""votes_pct"": 62.540000, ""party"": ""R"" }, { ""name"": ""Alicia Donahue"", ""votes"": 635, ""votes_pct"": 37.290000, ""party"": ""DFL"" }, { ""name"": ""WRITE-IN"", ""votes"": 3, ""votes_pct"": 0.180000, ""party"": ""WI"" } ]"
"700084","2","54",54B,Scott,Prior Lake P-2,1.26077959397204,R,"11.23",-11.23,1031.10805902592,"1300","[ { ""name"": ""Eric Pratt"", ""votes"": 722, ""votes_pct"": 55.540000, ""party"": ""R"" }, { ""name"": ""Alicia Donahue"", ""votes"": 576, ""votes_pct"": 44.310000, ""party"": ""DFL"" }, { ""name"": ""WRITE-IN"", ""votes"": 2, ""votes_pct"": 0.150000, ""party"": ""WI"" } ]"
"700090","2","54",54B,Scott,Prior Lake P-3,1.24860130288393,R,"11.44",-11.44,1225.37113846198,"1530","[ { ""name"": ""Eric Pratt"", ""votes"": 851, ""votes_pct"": 55.620000, ""party"": ""R"" }, { ""name"": ""Alicia Donahue"", ""votes"": 676, ""votes_pct"": 44.180000, ""party"": ""DFL"" }, { ""name"": ""WRITE-IN"", ""votes"": 3, ""votes_pct"": 0.200000, ""party"": ""WI"" } ]"
"700091","2","54",54B,Scott,Prior Lake P-4,1.22147255045287,R,"19.82",-19.82,995.519710655111,"1216","[ { ""name"": ""Eric Pratt"", ""votes"": 726, ""votes_pct"": 59.700000, ""party"": ""R"" }, { ""name"": ""Alicia Donahue"", ""votes"": 485, ""votes_pct"": 39.880000, ""party"": ""DFL"" }, { ""name"": ""WRITE-IN"", ""votes"": 5, ""votes_pct"": 0.410000, ""party"": ""WI"" } ]"
"700092","2","54",54B,Scott,Prior Lake P-5,1.9592884919219,R,"23.92",-23.92,789.572340356329,"1547","[ { ""name"": ""Eric Pratt"", ""votes"": 957, ""votes_pct"": 61.860000, ""party"": ""R"" }, { ""name"": ""Alicia Donahue"", ""votes"": 587, ""votes_pct"": 37.940000, ""party"": ""DFL"" }, { ""name"": ""WRITE-IN"", ""votes"": 3, ""votes_pct"": 0.190000, ""party"": ""WI"" } ]"
"700093","2","54",54B,Scott,Prior Lake P-6,1.93156293735405,R,"26.85",-26.85,806.082975547696,"1557","[ { ""name"": ""Eric Pratt"", ""votes"": 987, ""votes_pct"": 63.390000, ""party"": ""R"" }, { ""name"": ""Alicia Donahue"", ""votes"": 569, ""votes_pct"": 36.540000, ""party"": ""DFL"" }, { ""name"": ""WRITE-IN"", ""votes"": 1, ""votes_pct"": 0.060000, ""party"": ""WI"" } ]"
"700094","2","54",54B,Scott,Prior Lake P-7,2.53335226511238,R,"11.93",-11.93,678.152826852837,"1718","[ { ""name"": ""Eric Pratt"", ""votes"": 960, ""votes_pct"": 55.880000, ""party"": ""R"" }, { ""name"": ""Alicia Donahue"", ""votes"": 755, ""votes_pct"": 43.950000, ""party"": ""DFL"" }, { ""name"": ""WRITE-IN"", ""votes"": 3, ""votes_pct"": 0.170000, ""party"": ""WI"" } ]"
"700095","2","54",54B,Scott,Prior Lake P-8,1.58026124829702,R,"19.49",-19.49,1081.46675231182,"1709","[ { ""name"": ""Eric Pratt"", ""votes"": 1018, ""votes_pct"": 59.570000, ""party"": ""R"" }, { ""name"": ""Alicia Donahue"", ""votes"": 685, ""votes_pct"": 40.080000, ""party"": ""DFL"" }, { ""name"": ""WRITE-IN"", ""votes"": 6, ""votes_pct"": 0.350000, ""party"": ""WI"" } ]"
"700097","2","54",54B,Scott,Prior Lake P-9,5.52496889776689,R,"7.07",-7.07,243.259287946983,"1344","[ { ""name"": ""Eric Pratt"", ""votes"": 717, ""votes_pct"": 53.350000, ""party"": ""R"" }, { ""name"": ""Alicia Donahue"", ""votes"": 622, ""votes_pct"": 46.280000, ""party"": ""DFL"" }, { ""name"": ""WRITE-IN"", ""votes"": 5, ""votes_pct"": 0.370000, ""party"": ""WI"" } ]"
"700099","2","22",22B,Scott,Saint Lawrence Twp,14.1631285793669,R,"96.52",-96.52,16.2393498520566,"230","[ { ""name"": ""Rich Draheim"", ""votes"": 226, ""votes_pct"": 98.260000, ""party"": ""R"" }, { ""name"": ""WRITE-IN"", ""votes"": 4, ""votes_pct"": 1.740000, ""party"": ""WI"" } ]"
"700100","2","54",54B,Scott,Sand Creek Twp,32.4042251609934,R,"41.15",-41.15,24.2252359406805,"785","[ { ""name"": ""Eric Pratt"", ""votes"": 553, ""votes_pct"": 70.450000, ""party"": ""R"" }, { ""name"": ""Alicia Donahue"", ""votes"": 230, ""votes_pct"": 29.300000, ""party"": ""DFL"" }, { ""name"": ""WRITE-IN"", ""votes"": 2, ""votes_pct"": 0.250000, ""party"": ""WI"" } ]"
"700105","2","55",55A,Scott,Savage P-1,5.18677876240524,DFL,"3.09",3.09,268.56746042394,"1393","[ { ""name"": ""Lindsey Port"", ""votes"": 716, ""votes_pct"": 51.400000, ""party"": ""DFL"" }, { ""name"": ""Pam Myhra"", ""votes"": 673, ""votes_pct"": 48.310000, ""party"": ""R"" }, { ""name"": ""WRITE-IN"", ""votes"": 4, ""votes_pct"": 0.290000, ""party"": ""WI"" } ]"
"700110","2","55",55A,Scott,Savage P-2,0.871611000808977,DFL,"10.19",10.19,1554.59258630555,"1355","[ { ""name"": ""Lindsey Port"", ""votes"": 746, ""votes_pct"": 55.060000, ""party"": ""DFL"" }, { ""name"": ""Pam Myhra"", ""votes"": 608, ""votes_pct"": 44.870000, ""party"": ""R"" }, { ""name"": ""WRITE-IN"", ""votes"": 1, ""votes_pct"": 0.070000, ""party"": ""WI"" } ]"
"700111","2","55",55A,Scott,Savage P-3,1.23080293988309,R,"0.12",-0.12,1388.52447018231,"1709","[ { ""name"": ""Pam Myhra"", ""votes"": 854, ""votes_pct"": 49.970000, ""party"": ""R"" }, { ""name"": ""Lindsey Port"", ""votes"": 852, ""votes_pct"": 49.850000, ""party"": ""DFL"" }, { ""name"": ""WRITE-IN"", ""votes"": 3, ""votes_pct"": 0.180000, ""party"": ""WI"" } ]"
"700112","2","55",55A,Scott,Savage P-4,0.996765411519306,DFL,"6.47",6.47,2000.47069948051,"1994","[ { ""name"": ""Lindsey Port"", ""votes"": 1061, ""votes_pct"": 53.210000, ""party"": ""DFL"" }, { ""name"": ""Pam Myhra"", ""votes"": 932, ""votes_pct"": 46.740000, ""party"": ""R"" }, { ""name"": ""WRITE-IN"", ""votes"": 1, ""votes_pct"": 0.050000, ""party"": ""WI"" } ]"
"700113","2","55",55A,Scott,Savage P-5,1.3934309057955,DFL,"2.96",2.96,1434.58853373055,"1999","[ { ""name"": ""Lindsey Port"", ""votes"": 1029, ""votes_pct"": 51.480000, ""party"": ""DFL"" }, { ""name"": ""Pam Myhra"", ""votes"": 970, ""votes_pct"": 48.520000, ""party"": ""R"" }, { ""name"": ""WRITE-IN"", ""votes"": 0, ""votes_pct"": 0, ""party"": ""WI"" } ]"
"700114","2","55",55A,Scott,Savage P-6,1.84345776752108,R,"8.42",-8.42,857.627458493929,"1581","[ { ""name"": ""Pam Myhra"", ""votes"": 857, ""votes_pct"": 54.210000, ""party"": ""R"" }, { ""name"": ""Lindsey Port"", ""votes"": 724, ""votes_pct"": 45.790000, ""party"": ""DFL"" }, { ""name"": ""WRITE-IN"", ""votes"": 0, ""votes_pct"": 0, ""party"": ""WI"" } ]"
"700116","2","55",55A,Scott,Savage P-7,1.64044503390082,DFL,"1.92",1.92,1015.57806910386,"1666","[ { ""name"": ""Lindsey Port"", ""votes"": 848, ""votes_pct"": 50.900000, ""party"": ""DFL"" }, { ""name"": ""Pam Myhra"", ""votes"": 816, ""votes_pct"": 48.980000, ""party"": ""R"" }, { ""name"": ""WRITE-IN"", ""votes"": 2, ""votes_pct"": 0.120000, ""party"": ""WI"" } ]"
"700117","2","55",55A,Scott,Savage P-8,0.578153040008544,DFL,"11.00",11,1667.3785888694,"964","[ { ""name"": ""Lindsey Port"", ""votes"": 535, ""votes_pct"": 55.500000, ""party"": ""DFL"" }, { ""name"": ""Pam Myhra"", ""votes"": 429, ""votes_pct"": 44.500000, ""party"": ""R"" }, { ""name"": ""WRITE-IN"", ""votes"": 0, ""votes_pct"": 0, ""party"": ""WI"" } ]"
"700118","2","55",55A,Scott,Savage P-9,2.67055494331883,DFL,"7.68",7.68,760.890542650559,"2032","[ { ""name"": ""Lindsey Port"", ""votes"": 1094, ""votes_pct"": 53.840000, ""party"": ""DFL"" }, { ""name"": ""Pam Myhra"", ""votes"": 938, ""votes_pct"": 46.160000, ""party"": ""R"" }, { ""name"": ""WRITE-IN"", ""votes"": 0, ""votes_pct"": 0, ""party"": ""WI"" } ]"
"700119","2","54",54A,Scott,Shakopee P-1,1.56129193060226,R,"2.08",-2.08,921.032109251534,"1438","[ { ""name"": ""Eric Pratt"", ""votes"": 732, ""votes_pct"": 50.900000, ""party"": ""R"" }, { ""name"": ""Alicia Donahue"", ""votes"": 702, ""votes_pct"": 48.820000, ""party"": ""DFL"" }, { ""name"": ""WRITE-IN"", ""votes"": 4, ""votes_pct"": 0.280000, ""party"": ""WI"" } ]"
"700120","2","54",54A,Scott,Shakopee P-2,1.12280248545508,R,"1.13",-1.13,1024.22288416462,"1150","[ { ""name"": ""Eric Pratt"", ""votes"": 581, ""votes_pct"": 50.520000, ""party"": ""R"" }, { ""name"": ""Alicia Donahue"", ""votes"": 568, ""votes_pct"": 49.390000, ""party"": ""DFL"" }, { ""name"": ""WRITE-IN"", ""votes"": 1, ""votes_pct"": 0.090000, ""party"": ""WI"" } ]"
"700125","2","54",54A,Scott,Shakopee P-3,1.71540041297625,R,"3.40",-3.4,445.377064282296,"764","[ { ""name"": ""Eric Pratt"", ""votes"": 394, ""votes_pct"": 51.570000, ""party"": ""R"" }, { ""name"": ""Alicia Donahue"", ""votes"": 368, ""votes_pct"": 48.170000, ""party"": ""DFL"" }, { ""name"": ""WRITE-IN"", ""votes"": 2, ""votes_pct"": 0.260000, ""party"": ""WI"" } ]"
"700130","2","54",54A,Scott,Shakopee P-4,7.23344042983419,DFL,"5.97",5.97,169.075837682406,"1223","[ { ""name"": ""Alicia Donahue"", ""votes"": 647, ""votes_pct"": 52.900000, ""party"": ""DFL"" }, { ""name"": ""Eric Pratt"", ""votes"": 574, ""votes_pct"": 46.930000, ""party"": ""R"" }, { ""name"": ""WRITE-IN"", ""votes"": 2, ""votes_pct"": 0.160000, ""party"": ""WI"" } ]"
"700135","2","54",54A,Scott,Shakopee P-5,0.935871263320851,R,"5.58",-5.58,1398.69664910443,"1309","[ { ""name"": ""Eric Pratt"", ""votes"": 691, ""votes_pct"": 52.790000, ""party"": ""R"" }, { ""name"": ""Alicia Donahue"", ""votes"": 618, ""votes_pct"": 47.210000, ""party"": ""DFL"" }, { ""name"": ""WRITE-IN"", ""votes"": 0, ""votes_pct"": 0, ""party"": ""WI"" } ]"
"700136","2","54",54A,Scott,Shakopee P-6,1.31474237834125,R,"4.70",-4.7,1035.94439674058,"1362","[ { ""name"": ""Eric Pratt"", ""votes"": 712, ""votes_pct"": 52.280000, ""party"": ""R"" }, { ""name"": ""Alicia Donahue"", ""votes"": 648, ""votes_pct"": 47.580000, ""party"": ""DFL"" }, { ""name"": ""WRITE-IN"", ""votes"": 2, ""votes_pct"": 0.150000, ""party"": ""WI"" } ]"
"700137","2","54",54A,Scott,Shakopee P-7,0.642704452823862,DFL,"10.38",10.38,1590.15546805319,"1022","[ { ""name"": ""Alicia Donahue"", ""votes"": 564, ""votes_pct"": 55.190000, ""party"": ""DFL"" }, { ""name"": ""Eric Pratt"", ""votes"": 458, ""votes_pct"": 44.810000, ""party"": ""R"" }, { ""name"": ""WRITE-IN"", ""votes"": 0, ""votes_pct"": 0, ""party"": ""WI"" } ]"
"700138","2","54",54A,Scott,Shakopee P-8,0.879708081877911,DFL,"0.68",0.68,1509.59167859993,"1328","[ { ""name"": ""Alicia Donahue"", ""votes"": 667, ""votes_pct"": 50.230000, ""party"": ""DFL"" }, { ""name"": ""Eric Pratt"", ""votes"": 658, ""votes_pct"": 49.550000, ""party"": ""R"" }, { ""name"": ""WRITE-IN"", ""votes"": 3, ""votes_pct"": 0.230000, ""party"": ""WI"" } ]"
"700145","2","54",54A,Scott,Shakopee P-9A,4.62065627991825,R,"19.69",-19.69,287.83789994947,"1330","[ { ""name"": ""Eric Pratt"", ""votes"": 795, ""votes_pct"": 59.770000, ""party"": ""R"" }, { ""name"": ""Alicia Donahue"", ""votes"": 533, ""votes_pct"": 40.080000, ""party"": ""DFL"" }, { ""name"": ""WRITE-IN"", ""votes"": 2, ""votes_pct"": 0.150000, ""party"": ""WI"" } ]"
"700147","2","54",54B,Scott,Shakopee P-9B,1.19937217856098,DFL,"4.00",4,41.6884774332437,"50","[ { ""name"": ""Alicia Donahue"", ""votes"": 26, ""votes_pct"": 52, ""party"": ""DFL"" }, { ""name"": ""Eric Pratt"", ""votes"": 24, ""votes_pct"": 48, ""party"": ""R"" }, { ""name"": ""WRITE-IN"", ""votes"": 0, ""votes_pct"": 0, ""party"": ""WI"" } ]"
"700150","2","54",54A,Scott,Shakopee P-10,0.822582677312253,DFL,"15.35",15.35,966.468200616164,"795","[ { ""name"": ""Alicia Donahue"", ""votes"": 458, ""votes_pct"": 57.610000, ""party"": ""DFL"" }, { ""name"": ""Eric Pratt"", ""votes"": 336, ""votes_pct"": 42.260000, ""party"": ""R"" }, { ""name"": ""WRITE-IN"", ""votes"": 1, ""votes_pct"": 0.130000, ""party"": ""WI"" } ]"
"700153","2","54",54A,Scott,Shakopee P-11,0.755700267943764,R,"6.36",-6.36,1082.43973794763,"818","[ { ""name"": ""Eric Pratt"", ""votes"": 435, ""votes_pct"": 53.180000, ""party"": ""R"" }, { ""name"": ""Alicia Donahue"", ""votes"": 383, ""votes_pct"": 46.820000, ""party"": ""DFL"" }, { ""name"": ""WRITE-IN"", ""votes"": 0, ""votes_pct"": 0, ""party"": ""WI"" } ]"
"700156","2","54",54A,Scott,Shakopee P-12A,2.33617760291272,R,"0.78",-0.78,663.476954007039,"1550","[ { ""name"": ""Eric Pratt"", ""votes"": 779, ""votes_pct"": 50.260000, ""party"": ""R"" }, { ""name"": ""Alicia Donahue"", ""votes"": 767, ""votes_pct"": 49.480000, ""party"": ""DFL"" }, { ""name"": ""WRITE-IN"", ""votes"": 4, ""votes_pct"": 0.260000, ""party"": ""WI"" } ]"
"700157","2","54",54B,Scott,Shakopee P-12B,3.01154931227779,DFL,"16.60",16.6,164.03516887006,"494","[ { ""name"": ""Alicia Donahue"", ""votes"": 288, ""votes_pct"": 58.300000, ""party"": ""DFL"" }, { ""name"": ""Eric Pratt"", ""votes"": 206, ""votes_pct"": 41.700000, ""party"": ""R"" }, { ""name"": ""WRITE-IN"", ""votes"": 0, ""votes_pct"": 0, ""party"": ""WI"" } ]"
"700158","2","54",54A,Scott,Shakopee P-13,1.23576797319218,DFL,"15.12",15.12,358.481535053593,"443","[ { ""name"": ""Alicia Donahue"", ""votes"": 255, ""votes_pct"": 57.560000, ""party"": ""DFL"" }, { ""name"": ""Eric Pratt"", ""votes"": 188, ""votes_pct"": 42.440000, ""party"": ""R"" }, { ""name"": ""WRITE-IN"", ""votes"": 0, ""votes_pct"": 0, ""party"": ""WI"" } ]"
"700159","2","54",54A,Scott,Shakopee P-14,1.04164642171547,DFL,"2.11",2.11,1090.58119561256,"1136","[ { ""name"": ""Alicia Donahue"", ""votes"": 579, ""votes_pct"": 50.970000, ""party"": ""DFL"" }, { ""name"": ""Eric Pratt"", ""votes"": 555, ""votes_pct"": 48.860000, ""party"": ""R"" }, { ""name"": ""WRITE-IN"", ""votes"": 2, ""votes_pct"": 0.180000, ""party"": ""WI"" } ]"
"700160","2","54",54B,Scott,Spring Lake Twp P-1,28.6692834259003,R,"47.17",-47.17,72.6212779395487,"2082","[ { ""name"": ""Eric Pratt"", ""votes"": 1528, ""votes_pct"": 73.390000, ""party"": ""R"" }, { ""name"": ""Alicia Donahue"", ""votes"": 546, ""votes_pct"": 26.220000, ""party"": ""DFL"" }, { ""name"": ""WRITE-IN"", ""votes"": 8, ""votes_pct"": 0.380000, ""party"": ""WI"" } ]"
"700165","2","54",54B,Scott,Spring Lake Twp P-2,0.188454685615782,R,"61.11",-61.11,95.5136771536583,"18","[ { ""name"": ""Eric Pratt"", ""votes"": 14, ""votes_pct"": 77.780000, ""party"": ""R"" }, { ""name"": ""Alicia Donahue"", ""votes"": 3, ""votes_pct"": 16.670000, ""party"": ""DFL"" }, { ""name"": ""WRITE-IN"", ""votes"": 1, ""votes_pct"": 5.560000, ""party"": ""WI"" } ]"
"710005","6","27",27B,Sherburne,Baldwin Twp P-2,20.4660133243909,R,"51.15",-51.15,71.9241200847702,"1472","[ { ""name"": ""Andrew Mathews"", ""votes"": 1112, ""votes_pct"": 75.540000, ""party"": ""R"" }, { ""name"": ""Emy Minzel"", ""votes"": 359, ""votes_pct"": 24.390000, ""party"": ""DFL"" }, { ""name"": ""WRITE-IN"", ""votes"": 1, ""votes_pct"": 0.070000, ""party"": ""WI"" } ]"
"710010","6","27",27A,Sherburne,Becker,12.2861639626268,R,"38.78",-38.78,148.622467155289,"1826","[ { ""name"": ""Andrew Mathews"", ""votes"": 1267, ""votes_pct"": 69.390000, ""party"": ""R"" }, { ""name"": ""Emy Minzel"", ""votes"": 559, ""votes_pct"": 30.610000, ""party"": ""DFL"" }, { ""name"": ""WRITE-IN"", ""votes"": 0, ""votes_pct"": 0, ""party"": ""WI"" } ]"
"710015","6","27",27A,Sherburne,Becker Twp,52.5300840416781,R,"55.40",-55.4,49.7619611254765,"2614","[ { ""name"": ""Andrew Mathews"", ""votes"": 2031, ""votes_pct"": 77.700000, ""party"": ""R"" }, { ""name"": ""Emy Minzel"", ""votes"": 583, ""votes_pct"": 22.300000, ""party"": ""DFL"" }, { ""name"": ""WRITE-IN"", ""votes"": 0, ""votes_pct"": 0, ""party"": ""WI"" } ]"
"710020","6","27",27A,Sherburne,Big Lake P-1,3.08179215201558,R,"32.86",-32.86,359.531060287546,"1108","[ { ""name"": ""Andrew Mathews"", ""votes"": 736, ""votes_pct"": 66.430000, ""party"": ""R"" }, { ""name"": ""Emy Minzel"", ""votes"": 372, ""votes_pct"": 33.570000, ""party"": ""DFL"" }, { ""name"": ""WRITE-IN"", ""votes"": 0, ""votes_pct"": 0, ""party"": ""WI"" } ]"
"710022","6","27",27A,Sherburne,Big Lake P-2,2.02934242498373,R,"27.02",-27.02,530.71378528374,"1077","[ { ""name"": ""Andrew Mathews"", ""votes"": 684, ""votes_pct"": 63.510000, ""party"": ""R"" }, { ""name"": ""Emy Minzel"", ""votes"": 393, ""votes_pct"": 36.490000, ""party"": ""DFL"" }, { ""name"": ""WRITE-IN"", ""votes"": 0, ""votes_pct"": 0, ""party"": ""WI"" } ]"
"710024","6","27",27A,Sherburne,Big Lake P-3,2.98819487989866,R,"31.39",-31.39,650.225329368711,"1943","[ { ""name"": ""Andrew Mathews"", ""votes"": 1276, ""votes_pct"": 65.670000, ""party"": ""R"" }, { ""name"": ""Emy Minzel"", ""votes"": 666, ""votes_pct"": 34.280000, ""party"": ""DFL"" }, { ""name"": ""WRITE-IN"", ""votes"": 1, ""votes_pct"": 0.050000, ""party"": ""WI"" } ]"
"710025","6","27",27A,Sherburne,Big Lake Twp P-1,12.2259593682369,R,"36.59",-36.59,116.228097705916,"1421","[ { ""name"": ""Andrew Mathews"", ""votes"": 970, ""votes_pct"": 68.260000, ""party"": ""R"" }, { ""name"": ""Emy Minzel"", ""votes"": 450, ""votes_pct"": 31.670000, ""party"": ""DFL"" }, { ""name"": ""WRITE-IN"", ""votes"": 1, ""votes_pct"": 0.070000, ""party"": ""WI"" } ]"
"710030","6","27",27B,Sherburne,Blue Hill Twp,36.3923687577493,R,"49.00",-49,30.3909868401872,"1106","[ { ""name"": ""Andrew Mathews"", ""votes"": 824, ""votes_pct"": 74.500000, ""party"": ""R"" }, { ""name"": ""Emy Minzel"", ""votes"": 282, ""votes_pct"": 25.500000, ""party"": ""DFL"" }, { ""name"": ""WRITE-IN"", ""votes"": 0, ""votes_pct"": 0, ""party"": ""WI"" } ]"
"710035","6","27",27A,Sherburne,Clear Lake,1.09864049240474,R,"40.08",-40.08,224.823317279484,"247","[ { ""name"": ""Andrew Mathews"", ""votes"": 173, ""votes_pct"": 70.040000, ""party"": ""R"" }, { ""name"": ""Emy Minzel"", ""votes"": 74, ""votes_pct"": 29.960000, ""party"": ""DFL"" }, { ""name"": ""WRITE-IN"", ""votes"": 0, ""votes_pct"": 0, ""party"": ""WI"" } ]"
"710040","6","27",27A,Sherburne,Clear Lake Twp,36.8373751954837,R,"42.08",-42.08,25.870464302702,"953","[ { ""name"": ""Andrew Mathews"", ""votes"": 677, ""votes_pct"": 71.040000, ""party"": ""R"" }, { ""name"": ""Emy Minzel"", ""votes"": 276, ""votes_pct"": 28.960000, ""party"": ""DFL"" }, { ""name"": ""WRITE-IN"", ""votes"": 0, ""votes_pct"": 0, ""party"": ""WI"" } ]"
"710045","6","30",30B,Sherburne,Elk River W-1 P-1A,2.56319407127441,R,"19.52",-19.52,489.623479573679,"1255","[ { ""name"": ""Eric Lucero"", ""votes"": 750, ""votes_pct"": 59.760000, ""party"": ""R"" }, { ""name"": ""Diane Nguyen"", ""votes"": 505, ""votes_pct"": 40.240000, ""party"": ""DFL"" }, { ""name"": ""WRITE-IN"", ""votes"": 0, ""votes_pct"": 0, ""party"": ""WI"" } ]"
"710050","6","30",30B,Sherburne,Elk River W-2 P-2A,14.9288543908218,R,"37.69",-37.69,136.849080747685,"2043","[ { ""name"": ""Eric Lucero"", ""votes"": 1406, ""votes_pct"": 68.820000, ""party"": ""R"" }, { ""name"": ""Diane Nguyen"", ""votes"": 636, ""votes_pct"": 31.130000, ""party"": ""DFL"" }, { ""name"": ""WRITE-IN"", ""votes"": 1, ""votes_pct"": 0.050000, ""party"": ""WI"" } ]"
"710055","6","30",30B,Sherburne,Elk River W-3 P-3A,2.51613498444937,R,"18.44",-18.44,528.191058195885,"1329","[ { ""name"": ""Eric Lucero"", ""votes"": 787, ""votes_pct"": 59.220000, ""party"": ""R"" }, { ""name"": ""Diane Nguyen"", ""votes"": 542, ""votes_pct"": 40.780000, ""party"": ""DFL"" }, { ""name"": ""WRITE-IN"", ""votes"": 0, ""votes_pct"": 0, ""party"": ""WI"" } ]"
"710060","6","30",30B,Sherburne,Elk River W-4 P-4A,6.5784656558907,R,"19.14",-19.14,190.621957397787,"1254","[ { ""name"": ""Eric Lucero"", ""votes"": 747, ""votes_pct"": 59.570000, ""party"": ""R"" }, { ""name"": ""Diane Nguyen"", ""votes"": 507, ""votes_pct"": 40.430000, ""party"": ""DFL"" }, { ""name"": ""WRITE-IN"", ""votes"": 0, ""votes_pct"": 0, ""party"": ""WI"" } ]"
"710065","6","14",14B,Sherburne,Haven Twp P-1,5.18573023248852,R,"49.16",-49.16,11.377375481348,"59","[ { ""name"": ""Tama Theis"", ""votes"": 44, ""votes_pct"": 74.580000, ""party"": ""R"" }, { ""name"": ""Aric Putnam"", ""votes"": 15, ""votes_pct"": 25.420000, ""party"": ""DFL"" }, { ""name"": ""WRITE-IN"", ""votes"": 0, ""votes_pct"": 0, ""party"": ""WI"" } ]"
"710067","6","27",27A,Sherburne,Haven Twp P-2,28.5061818964923,R,"36.90",-36.9,34.1329471457462,"973","[ { ""name"": ""Andrew Mathews"", ""votes"": 666, ""votes_pct"": 68.450000, ""party"": ""R"" }, { ""name"": ""Emy Minzel"", ""votes"": 307, ""votes_pct"": 31.550000, ""party"": ""DFL"" }, { ""name"": ""WRITE-IN"", ""votes"": 0, ""votes_pct"": 0, ""party"": ""WI"" } ]"
"710070","6","27",27B,Sherburne,Livonia Twp P-1,12.0701315333313,R,"46.84",-46.84,92.8738843403979,"1121","[ { ""name"": ""Andrew Mathews"", ""votes"": 823, ""votes_pct"": 73.420000, ""party"": ""R"" }, { ""name"": ""Emy Minzel"", ""votes"": 298, ""votes_pct"": 26.580000, ""party"": ""DFL"" }, { ""name"": ""WRITE-IN"", ""votes"": 0, ""votes_pct"": 0, ""party"": ""WI"" } ]"
"710075","6","27",27A,Sherburne,Orrock Twp,36.2564200886402,R,"44.02",-44.02,48.8741027290557,"1772","[ { ""name"": ""Andrew Mathews"", ""votes"": 1275, ""votes_pct"": 71.950000, ""party"": ""R"" }, { ""name"": ""Emy Minzel"", ""votes"": 495, ""votes_pct"": 27.930000, ""party"": ""DFL"" }, { ""name"": ""WRITE-IN"", ""votes"": 2, ""votes_pct"": 0.110000, ""party"": ""WI"" } ]"
"710080","6","27",27A,Sherburne,Palmer Twp,36.4364667755045,R,"47.50",-47.5,37.736919127526,"1375","[ { ""name"": ""Andrew Mathews"", ""votes"": 1014, ""votes_pct"": 73.750000, ""party"": ""R"" }, { ""name"": ""Emy Minzel"", ""votes"": 361, ""votes_pct"": 26.250000, ""party"": ""DFL"" }, { ""name"": ""WRITE-IN"", ""votes"": 0, ""votes_pct"": 0, ""party"": ""WI"" } ]"
"710085","6","27",27B,Sherburne,Princeton P-2,1.44896357574154,R,"18.60",-18.6,59.3527687236635,"86","[ { ""name"": ""Andrew Mathews"", ""votes"": 51, ""votes_pct"": 59.300000, ""party"": ""R"" }, { ""name"": ""Emy Minzel"", ""votes"": 35, ""votes_pct"": 40.700000, ""party"": ""DFL"" }, { ""name"": ""WRITE-IN"", ""votes"": 0, ""votes_pct"": 0, ""party"": ""WI"" } ]"
"710090","6","14",14B,Sherburne,Saint Cloud W-2 P-5,1.03222934783912,DFL,"29.26",29.26,476.638259733613,"492","[ { ""name"": ""Aric Putnam"", ""votes"": 318, ""votes_pct"": 64.630000, ""party"": ""DFL"" }, { ""name"": ""Tama Theis"", ""votes"": 174, ""votes_pct"": 35.370000, ""party"": ""R"" }, { ""name"": ""WRITE-IN"", ""votes"": 0, ""votes_pct"": 0, ""party"": ""WI"" } ]"
"710095","6","14",14B,Sherburne,Saint Cloud W-2 P-6,0.513765135991107,DFL,"21.46",21.46,1006.2963867773,"517","[ { ""name"": ""Aric Putnam"", ""votes"": 314, ""votes_pct"": 60.730000, ""party"": ""DFL"" }, { ""name"": ""Tama Theis"", ""votes"": 203, ""votes_pct"": 39.270000, ""party"": ""R"" }, { ""name"": ""WRITE-IN"", ""votes"": 0, ""votes_pct"": 0, ""party"": ""WI"" } ]"
"710100","6","14",14B,Sherburne,Saint Cloud W-2 P-7,3.69790910736519,DFL,"28.19",28.19,243.651202298473,"901","[ { ""name"": ""Aric Putnam"", ""votes"": 577, ""votes_pct"": 64.040000, ""party"": ""DFL"" }, { ""name"": ""Tama Theis"", ""votes"": 323, ""votes_pct"": 35.850000, ""party"": ""R"" }, { ""name"": ""WRITE-IN"", ""votes"": 1, ""votes_pct"": 0.110000, ""party"": ""WI"" } ]"
"710105","6","27",27A,Sherburne,Santiago Twp,36.3190530003701,R,"62.82",-62.82,25.028185619012,"909","[ { ""name"": ""Andrew Mathews"", ""votes"": 740, ""votes_pct"": 81.410000, ""party"": ""R"" }, { ""name"": ""Emy Minzel"", ""votes"": 169, ""votes_pct"": 18.590000, ""party"": ""DFL"" }, { ""name"": ""WRITE-IN"", ""votes"": 0, ""votes_pct"": 0, ""party"": ""WI"" } ]"
"710110","6","27",27B,Sherburne,Zimmerman P-1,1.5575170369177,R,"42.70",-42.7,628.564552935758,"979","[ { ""name"": ""Andrew Mathews"", ""votes"": 698, ""votes_pct"": 71.300000, ""party"": ""R"" }, { ""name"": ""Emy Minzel"", ""votes"": 280, ""votes_pct"": 28.600000, ""party"": ""DFL"" }, { ""name"": ""WRITE-IN"", ""votes"": 1, ""votes_pct"": 0.100000, ""party"": ""WI"" } ]"
"710111","6","27",27B,Sherburne,Zimmerman P-2,2.36849339411428,R,"45.28",-45.28,504.540144789757,"1195","[ { ""name"": ""Andrew Mathews"", ""votes"": 868, ""votes_pct"": 72.640000, ""party"": ""R"" }, { ""name"": ""Emy Minzel"", ""votes"": 327, ""votes_pct"": 27.360000, ""party"": ""DFL"" }, { ""name"": ""WRITE-IN"", ""votes"": 0, ""votes_pct"": 0, ""party"": ""WI"" } ]"
"710120","6","27",27A,Sherburne,Big Lake Twp P-2,15.4585168197689,R,"46.40",-46.4,121.162982311779,"1873","[ { ""name"": ""Andrew Mathews"", ""votes"": 1371, ""votes_pct"": 73.200000, ""party"": ""R"" }, { ""name"": ""Emy Minzel"", ""votes"": 502, ""votes_pct"": 26.800000, ""party"": ""DFL"" }, { ""name"": ""WRITE-IN"", ""votes"": 0, ""votes_pct"": 0, ""party"": ""WI"" } ]"
"710121","6","27",27A,Sherburne,Big Lake Twp P-3,12.3287013139891,R,"35.16",-35.16,56.5347462193063,"697","[ { ""name"": ""Andrew Mathews"", ""votes"": 471, ""votes_pct"": 67.580000, ""party"": ""R"" }, { ""name"": ""Emy Minzel"", ""votes"": 226, ""votes_pct"": 32.420000, ""party"": ""DFL"" }, { ""name"": ""WRITE-IN"", ""votes"": 0, ""votes_pct"": 0, ""party"": ""WI"" } ]"
"710125","6","27",27B,Sherburne,Baldwin Twp P-1,14.1196336662596,R,"47.16",-47.16,110.838569681857,"1565","[ { ""name"": ""Andrew Mathews"", ""votes"": 1151, ""votes_pct"": 73.550000, ""party"": ""R"" }, { ""name"": ""Emy Minzel"", ""votes"": 413, ""votes_pct"": 26.390000, ""party"": ""DFL"" }, { ""name"": ""WRITE-IN"", ""votes"": 1, ""votes_pct"": 0.060000, ""party"": ""WI"" } ]"
"710130","6","30",30B,Sherburne,Elk River W-1 P-1B,2.71897606888608,R,"28.36",-28.36,448.698322122348,"1220","[ { ""name"": ""Eric Lucero"", ""votes"": 783, ""votes_pct"": 64.180000, ""party"": ""R"" }, { ""name"": ""Diane Nguyen"", ""votes"": 437, ""votes_pct"": 35.820000, ""party"": ""DFL"" }, { ""name"": ""WRITE-IN"", ""votes"": 0, ""votes_pct"": 0, ""party"": ""WI"" } ]"
"710135","6","30",30B,Sherburne,Elk River W-2 P-2B,9.86492075186475,R,"33.28",-33.28,115.763727730314,"1142","[ { ""name"": ""Eric Lucero"", ""votes"": 761, ""votes_pct"": 66.640000, ""party"": ""R"" }, { ""name"": ""Diane Nguyen"", ""votes"": 381, ""votes_pct"": 33.360000, ""party"": ""DFL"" }, { ""name"": ""WRITE-IN"", ""votes"": 0, ""votes_pct"": 0, ""party"": ""WI"" } ]"
"710140","6","30",30B,Sherburne,Elk River W-3 P-3B,1.31455581081353,R,"10.18",-10.18,956.977246345645,"1258","[ { ""name"": ""Eric Lucero"", ""votes"": 693, ""votes_pct"": 55.090000, ""party"": ""R"" }, { ""name"": ""Diane Nguyen"", ""votes"": 565, ""votes_pct"": 44.910000, ""party"": ""DFL"" }, { ""name"": ""WRITE-IN"", ""votes"": 0, ""votes_pct"": 0, ""party"": ""WI"" } ]"
"710145","6","30",30B,Sherburne,Elk River W-4 P-4B,3.31124511252764,R,"13.64",-13.64,453.907804744991,"1503","[ { ""name"": ""Eric Lucero"", ""votes"": 854, ""votes_pct"": 56.820000, ""party"": ""R"" }, { ""name"": ""Diane Nguyen"", ""votes"": 649, ""votes_pct"": 43.180000, ""party"": ""DFL"" }, { ""name"": ""WRITE-IN"", ""votes"": 0, ""votes_pct"": 0, ""party"": ""WI"" } ]"
"710150","6","27",27B,Sherburne,Livonia Twp P-2,17.9722898180783,R,"50.88",-50.88,100.933159789984,"1814","[ { ""name"": ""Andrew Mathews"", ""votes"": 1368, ""votes_pct"": 75.410000, ""party"": ""R"" }, { ""name"": ""Emy Minzel"", ""votes"": 445, ""votes_pct"": 24.530000, ""party"": ""DFL"" }, { ""name"": ""WRITE-IN"", ""votes"": 1, ""votes_pct"": 0.060000, ""party"": ""WI"" } ]"
"710155","6","27",27B,Sherburne,Livonia Twp P-3,1.57407169028967,R,"54.78",-54.78,73.0589341701692,"115","[ { ""name"": ""Andrew Mathews"", ""votes"": 89, ""votes_pct"": 77.390000, ""party"": ""R"" }, { ""name"": ""Emy Minzel"", ""votes"": 26, ""votes_pct"": 22.610000, ""party"": ""DFL"" }, { ""name"": ""WRITE-IN"", ""votes"": 0, ""votes_pct"": 0, ""party"": ""WI"" } ]"
"720005","7","17",17B,Sibley,Alfsborg Twp,35.0423233949775,R,"73.86",-73.86,4.36614885021948,"153","[ { ""name"": ""Glenn Gruenhagen"", ""votes"": 133, ""votes_pct"": 86.930000, ""party"": ""R"" }, { ""name"": ""Chad Tschimperle"", ""votes"": 20, ""votes_pct"": 13.070000, ""party"": ""DFL"" }, { ""name"": ""WRITE-IN"", ""votes"": 0, ""votes_pct"": 0, ""party"": ""WI"" } ]"
"720010","7","17",17B,Sibley,Arlington,1.60920181340276,R,"40.00",-40,568.604877510781,"915","[ { ""name"": ""Glenn Gruenhagen"", ""votes"": 640, ""votes_pct"": 69.950000, ""party"": ""R"" }, { ""name"": ""Chad Tschimperle"", ""votes"": 274, ""votes_pct"": 29.950000, ""party"": ""DFL"" }, { ""name"": ""WRITE-IN"", ""votes"": 1, ""votes_pct"": 0.110000, ""party"": ""WI"" } ]"
"720015","7","17",17B,Sibley,Arlington Twp,34.5443389600666,R,"51.32",-51.32,7.67130036288553,"265","[ { ""name"": ""Glenn Gruenhagen"", ""votes"": 200, ""votes_pct"": 75.470000, ""party"": ""R"" }, { ""name"": ""Chad Tschimperle"", ""votes"": 64, ""votes_pct"": 24.150000, ""party"": ""DFL"" }, { ""name"": ""WRITE-IN"", ""votes"": 1, ""votes_pct"": 0.380000, ""party"": ""WI"" } ]"
"720020","7","17",17A,Sibley,Bismarck Twp,36.0452850705476,R,"51.36",-51.36,3.07945962371366,"111","[ { ""name"": ""Glenn Gruenhagen"", ""votes"": 84, ""votes_pct"": 75.680000, ""party"": ""R"" }, { ""name"": ""Chad Tschimperle"", ""votes"": 27, ""votes_pct"": 24.320000, ""party"": ""DFL"" }, { ""name"": ""WRITE-IN"", ""votes"": 0, ""votes_pct"": 0, ""party"": ""WI"" } ]"
"720025","7","17",17B,Sibley,Cornish Twp,35.5503737881235,R,"63.08",-63.08,3.65678292933814,"130","[ { ""name"": ""Glenn Gruenhagen"", ""votes"": 106, ""votes_pct"": 81.540000, ""party"": ""R"" }, { ""name"": ""Chad Tschimperle"", ""votes"": 24, ""votes_pct"": 18.460000, ""party"": ""DFL"" }, { ""name"": ""WRITE-IN"", ""votes"": 0, ""votes_pct"": 0, ""party"": ""WI"" } ]"
"720030","7","17",17B,Sibley,Dryden Twp,34.2529514206051,R,"68.75",-68.75,4.67113032203558,"160","[ { ""name"": ""Glenn Gruenhagen"", ""votes"": 135, ""votes_pct"": 84.380000, ""party"": ""R"" }, { ""name"": ""Chad Tschimperle"", ""votes"": 25, ""votes_pct"": 15.630000, ""party"": ""DFL"" }, { ""name"": ""WRITE-IN"", ""votes"": 0, ""votes_pct"": 0, ""party"": ""WI"" } ]"
"720035","7","17",17B,Sibley,Faxon Twp,21.4740759963659,R,"42.23",-42.23,15.8796122383896,"341","[ { ""name"": ""Glenn Gruenhagen"", ""votes"": 242, ""votes_pct"": 70.970000, ""party"": ""R"" }, { ""name"": ""Chad Tschimperle"", ""votes"": 98, ""votes_pct"": 28.740000, ""party"": ""DFL"" }, { ""name"": ""WRITE-IN"", ""votes"": 1, ""votes_pct"": 0.290000, ""party"": ""WI"" } ]"
"720040","7","17",17B,Sibley,Gaylord,1.88874796026559,R,"34.70",-34.7,411.913085476263,"778","[ { ""name"": ""Glenn Gruenhagen"", ""votes"": 523, ""votes_pct"": 67.220000, ""party"": ""R"" }, { ""name"": ""Chad Tschimperle"", ""votes"": 253, ""votes_pct"": 32.520000, ""party"": ""DFL"" }, { ""name"": ""WRITE-IN"", ""votes"": 2, ""votes_pct"": 0.260000, ""party"": ""WI"" } ]"
"720045","7","17",17B,Sibley,Gibbon,0.666174711643155,R,"38.70",-38.7,438.323453137041,"292","[ { ""name"": ""Glenn Gruenhagen"", ""votes"": 202, ""votes_pct"": 69.180000, ""party"": ""R"" }, { ""name"": ""Chad Tschimperle"", ""votes"": 89, ""votes_pct"": 30.480000, ""party"": ""DFL"" }, { ""name"": ""WRITE-IN"", ""votes"": 1, ""votes_pct"": 0.340000, ""party"": ""WI"" } ]"
"720050","7","17",17A,Sibley,Grafton Twp,39.0196042525575,R,"61.98",-61.98,3.10100531047977,"121","[ { ""name"": ""Glenn Gruenhagen"", ""votes"": 98, ""votes_pct"": 80.990000, ""party"": ""R"" }, { ""name"": ""Chad Tschimperle"", ""votes"": 23, ""votes_pct"": 19.010000, ""party"": ""DFL"" }, { ""name"": ""WRITE-IN"", ""votes"": 0, ""votes_pct"": 0, ""party"": ""WI"" } ]"
"720055","7","17",17B,Sibley,Green Isle,1.01684615184781,R,"58.12",-58.12,230.123307812864,"234","[ { ""name"": ""Glenn Gruenhagen"", ""votes"": 185, ""votes_pct"": 79.060000, ""party"": ""R"" }, { ""name"": ""Chad Tschimperle"", ""votes"": 49, ""votes_pct"": 20.940000, ""party"": ""DFL"" }, { ""name"": ""WRITE-IN"", ""votes"": 0, ""votes_pct"": 0, ""party"": ""WI"" } ]"
"720060","7","17",17B,Sibley,Green Isle Twp,35.830197137296,R,"62.20",-62.2,7.08899253405472,"254","[ { ""name"": ""Glenn Gruenhagen"", ""votes"": 206, ""votes_pct"": 81.100000, ""party"": ""R"" }, { ""name"": ""Chad Tschimperle"", ""votes"": 48, ""votes_pct"": 18.900000, ""party"": ""DFL"" }, { ""name"": ""WRITE-IN"", ""votes"": 0, ""votes_pct"": 0, ""party"": ""WI"" } ]"
"720065","7","17",17B,Sibley,Henderson,1.10720720847894,R,"21.48",-21.48,365.785190792228,"405","[ { ""name"": ""Glenn Gruenhagen"", ""votes"": 246, ""votes_pct"": 60.740000, ""party"": ""R"" }, { ""name"": ""Chad Tschimperle"", ""votes"": 159, ""votes_pct"": 39.260000, ""party"": ""DFL"" }, { ""name"": ""WRITE-IN"", ""votes"": 0, ""votes_pct"": 0, ""party"": ""WI"" } ]"
"720070","7","17",17B,Sibley,Henderson Twp,30.1839990015307,R,"49.85",-49.85,11.2973764670052,"341","[ { ""name"": ""Glenn Gruenhagen"", ""votes"": 255, ""votes_pct"": 74.780000, ""party"": ""R"" }, { ""name"": ""Chad Tschimperle"", ""votes"": 85, ""votes_pct"": 24.930000, ""party"": ""DFL"" }, { ""name"": ""WRITE-IN"", ""votes"": 1, ""votes_pct"": 0.290000, ""party"": ""WI"" } ]"
"720075","7","17",17B,Sibley,Jessenland Twp,34.5343056175131,R,"52.76",-52.76,7.3550052754265,"254","[ { ""name"": ""Glenn Gruenhagen"", ""votes"": 194, ""votes_pct"": 76.380000, ""party"": ""R"" }, { ""name"": ""Chad Tschimperle"", ""votes"": 60, ""votes_pct"": 23.620000, ""party"": ""DFL"" }, { ""name"": ""WRITE-IN"", ""votes"": 0, ""votes_pct"": 0, ""party"": ""WI"" } ]"
"720080","7","17",17B,Sibley,Kelso Twp,35.608262904327,R,"37.32",-37.32,3.76317149645952,"134","[ { ""name"": ""Glenn Gruenhagen"", ""votes"": 92, ""votes_pct"": 68.660000, ""party"": ""R"" }, { ""name"": ""Chad Tschimperle"", ""votes"": 42, ""votes_pct"": 31.340000, ""party"": ""DFL"" }, { ""name"": ""WRITE-IN"", ""votes"": 0, ""votes_pct"": 0, ""party"": ""WI"" } ]"
"720082","7","17",17B,Sibley,Le Sueur,0.531878399329563,even,"0.00",0,0,"0","[ { ""name"": ""Glenn Gruenhagen"", ""votes"": 0, ""votes_pct"": 0, ""party"": ""R"" }, { ""name"": ""Chad Tschimperle"", ""votes"": 0, ""votes_pct"": 0, ""party"": ""DFL"" }, { ""name"": ""WRITE-IN"", ""votes"": 0, ""votes_pct"": 0, ""party"": ""WI"" } ]"
"720085","7","17",17A,Sibley,Moltke Twp,38.992321042389,R,"57.74",-57.74,3.64174268686468,"142","[ { ""name"": ""Glenn Gruenhagen"", ""votes"": 112, ""votes_pct"": 78.870000, ""party"": ""R"" }, { ""name"": ""Chad Tschimperle"", ""votes"": 30, ""votes_pct"": 21.130000, ""party"": ""DFL"" }, { ""name"": ""WRITE-IN"", ""votes"": 0, ""votes_pct"": 0, ""party"": ""WI"" } ]"
"720090","7","17",17B,Sibley,New Auburn,0.68328200247021,R,"53.74",-53.74,215.138112036558,"147","[ { ""name"": ""Glenn Gruenhagen"", ""votes"": 113, ""votes_pct"": 76.870000, ""party"": ""R"" }, { ""name"": ""Chad Tschimperle"", ""votes"": 34, ""votes_pct"": 23.130000, ""party"": ""DFL"" }, { ""name"": ""WRITE-IN"", ""votes"": 0, ""votes_pct"": 0, ""party"": ""WI"" } ]"
"720095","7","17",17B,Sibley,New Auburn Twp,35.53838233664,R,"65.98",-65.98,5.45888662467301,"194","[ { ""name"": ""Glenn Gruenhagen"", ""votes"": 161, ""votes_pct"": 82.990000, ""party"": ""R"" }, { ""name"": ""Chad Tschimperle"", ""votes"": 33, ""votes_pct"": 17.010000, ""party"": ""DFL"" }, { ""name"": ""WRITE-IN"", ""votes"": 0, ""votes_pct"": 0, ""party"": ""WI"" } ]"
"720100","7","17",17B,Sibley,Severance Twp,38.3372323235015,R,"56.90",-56.9,3.02577919608687,"116","[ { ""name"": ""Glenn Gruenhagen"", ""votes"": 91, ""votes_pct"": 78.450000, ""party"": ""R"" }, { ""name"": ""Chad Tschimperle"", ""votes"": 25, ""votes_pct"": 21.550000, ""party"": ""DFL"" }, { ""name"": ""WRITE-IN"", ""votes"": 0, ""votes_pct"": 0, ""party"": ""WI"" } ]"
"720105","7","17",17B,Sibley,Sibley Twp,35.581328865122,R,"61.38",-61.38,4.07517101313587,"145","[ { ""name"": ""Glenn Gruenhagen"", ""votes"": 117, ""votes_pct"": 80.690000, ""party"": ""R"" }, { ""name"": ""Chad Tschimperle"", ""votes"": 28, ""votes_pct"": 19.310000, ""party"": ""DFL"" }, { ""name"": ""WRITE-IN"", ""votes"": 0, ""votes_pct"": 0, ""party"": ""WI"" } ]"
"720110","7","17",17B,Sibley,Transit Twp,35.6220174972133,R,"74.04",-74.04,3.67750086053515,"131","[ { ""name"": ""Glenn Gruenhagen"", ""votes"": 114, ""votes_pct"": 87.020000, ""party"": ""R"" }, { ""name"": ""Chad Tschimperle"", ""votes"": 17, ""votes_pct"": 12.980000, ""party"": ""DFL"" }, { ""name"": ""WRITE-IN"", ""votes"": 0, ""votes_pct"": 0, ""party"": ""WI"" } ]"
"720115","7","17",17B,Sibley,Washington Lake Twp,35.4551098138895,R,"62.30",-62.3,7.33321660445529,"260","[ { ""name"": ""Glenn Gruenhagen"", ""votes"": 211, ""votes_pct"": 81.150000, ""party"": ""R"" }, { ""name"": ""Chad Tschimperle"", ""votes"": 49, ""votes_pct"": 18.850000, ""party"": ""DFL"" }, { ""name"": ""WRITE-IN"", ""votes"": 0, ""votes_pct"": 0, ""party"": ""WI"" } ]"
"720120","7","17",17B,Sibley,Winthrop,1.2316470340081,R,"32.98",-32.98,450.616113769124,"555","[ { ""name"": ""Glenn Gruenhagen"", ""votes"": 369, ""votes_pct"": 66.490000, ""party"": ""R"" }, { ""name"": ""Chad Tschimperle"", ""votes"": 186, ""votes_pct"": 33.510000, ""party"": ""DFL"" }, { ""name"": ""WRITE-IN"", ""votes"": 0, ""votes_pct"": 0, ""party"": ""WI"" } ]"
"730005","7","13",13A,Stearns,Albany,2.26248464393008,R,"48.67",-48.67,497.682935891253,"1126","[ { ""name"": ""Jeff Howe"", ""votes"": 836, ""votes_pct"": 74.250000, ""party"": ""R"" }, { ""name"": ""Alissa Brickman"", ""votes"": 288, ""votes_pct"": 25.580000, ""party"": ""DFL"" }, { ""name"": ""WRITE-IN"", ""votes"": 2, ""votes_pct"": 0.180000, ""party"": ""WI"" } ]"
"730010","7","13",13A,Stearns,Albany Twp,36.5928871907442,R,"79.02",-79.02,14.5929999241784,"534","[ { ""name"": ""Jeff Howe"", ""votes"": 478, ""votes_pct"": 89.510000, ""party"": ""R"" }, { ""name"": ""Alissa Brickman"", ""votes"": 56, ""votes_pct"": 10.490000, ""party"": ""DFL"" }, { ""name"": ""WRITE-IN"", ""votes"": 0, ""votes_pct"": 0, ""party"": ""WI"" } ]"
"730015","7","12",12B,Stearns,Ashley Twp,42.0304606776054,R,"78.95",-78.95,2.71231859375601,"114","[ { ""name"": ""Torrey Westrom"", ""votes"": 99, ""votes_pct"": 86.840000, ""party"": ""R"" }, { ""name"": ""Kari Dorry"", ""votes"": 9, ""votes_pct"": 7.890000, ""party"": ""DFL"" }, { ""name"": ""Ashley Klingbeil"", ""votes"": 6, ""votes_pct"": 5.260000, ""party"": ""WTP"" }, { ""name"": ""WRITE-IN"", ""votes"": 0, ""votes_pct"": 0, ""party"": ""WI"" } ]"
"730020","7","13",13A,Stearns,Avon,1.66071355594888,R,"46.60",-46.6,513.032483505679,"852","[ { ""name"": ""Jeff Howe"", ""votes"": 624, ""votes_pct"": 73.240000, ""party"": ""R"" }, { ""name"": ""Alissa Brickman"", ""votes"": 227, ""votes_pct"": 26.640000, ""party"": ""DFL"" }, { ""name"": ""WRITE-IN"", ""votes"": 1, ""votes_pct"": 0.120000, ""party"": ""WI"" } ]"
"730025","7","13",13A,Stearns,Avon Twp,34.1953615078861,R,"53.78",-53.78,33.2793674293384,"1138","[ { ""name"": ""Jeff Howe"", ""votes"": 874, ""votes_pct"": 76.800000, ""party"": ""R"" }, { ""name"": ""Alissa Brickman"", ""votes"": 262, ""votes_pct"": 23.020000, ""party"": ""DFL"" }, { ""name"": ""WRITE-IN"", ""votes"": 2, ""votes_pct"": 0.180000, ""party"": ""WI"" } ]"
"730030","7","12",12A,Stearns,Belgrade,1.20407149184622,R,"30.95",-30.95,174.408248531824,"210","[ { ""name"": ""Torrey Westrom"", ""votes"": 134, ""votes_pct"": 63.810000, ""party"": ""R"" }, { ""name"": ""Kari Dorry"", ""votes"": 69, ""votes_pct"": 32.860000, ""party"": ""DFL"" }, { ""name"": ""Ashley Klingbeil"", ""votes"": 7, ""votes_pct"": 3.330000, ""party"": ""WTP"" }, { ""name"": ""WRITE-IN"", ""votes"": 0, ""votes_pct"": 0, ""party"": ""WI"" } ]"
"730035","7","13",13B,Stearns,Brockway Twp,48.3911556470199,R,"56.42",-56.42,31.5346880973688,"1526","[ { ""name"": ""Jeff Howe"", ""votes"": 1192, ""votes_pct"": 78.110000, ""party"": ""R"" }, { ""name"": ""Alissa Brickman"", ""votes"": 331, ""votes_pct"": 21.690000, ""party"": ""DFL"" }, { ""name"": ""WRITE-IN"", ""votes"": 3, ""votes_pct"": 0.200000, ""party"": ""WI"" } ]"
"730040","7","12",12A,Stearns,Brooten,1.56355649492843,R,"30.11",-30.11,172.043671509493,"269","[ { ""name"": ""Torrey Westrom"", ""votes"": 167, ""votes_pct"": 62.080000, ""party"": ""R"" }, { ""name"": ""Kari Dorry"", ""votes"": 86, ""votes_pct"": 31.970000, ""party"": ""DFL"" }, { ""name"": ""Ashley Klingbeil"", ""votes"": 16, ""votes_pct"": 5.950000, ""party"": ""WTP"" }, { ""name"": ""WRITE-IN"", ""votes"": 0, ""votes_pct"": 0, ""party"": ""WI"" } ]"
"730042","6","13",13A,Stearns,Clearwater,0.0572818804095681,even,"0.00",0,0,"0","[ { ""name"": ""Jeff Howe"", ""votes"": 0, ""votes_pct"": 0, ""party"": ""R"" }, { ""name"": ""Alissa Brickman"", ""votes"": 0, ""votes_pct"": 0, ""party"": ""DFL"" }, { ""name"": ""WRITE-IN"", ""votes"": 0, ""votes_pct"": 0, ""party"": ""WI"" } ]"
"730045","7","13",13A,Stearns,Cold Spring,2.79128745343562,R,"43.87",-43.87,671.374780011786,"1874","[ { ""name"": ""Jeff Howe"", ""votes"": 1347, ""votes_pct"": 71.880000, ""party"": ""R"" }, { ""name"": ""Alissa Brickman"", ""votes"": 525, ""votes_pct"": 28.010000, ""party"": ""DFL"" }, { ""name"": ""WRITE-IN"", ""votes"": 2, ""votes_pct"": 0.110000, ""party"": ""WI"" } ]"
"730050","6","13",13A,Stearns,Collegeville Twp P-1,34.1912454670601,R,"29.16",-29.16,31.9964945720963,"1094","[ { ""name"": ""Jeff Howe"", ""votes"": 706, ""votes_pct"": 64.530000, ""party"": ""R"" }, { ""name"": ""Alissa Brickman"", ""votes"": 387, ""votes_pct"": 35.370000, ""party"": ""DFL"" }, { ""name"": ""WRITE-IN"", ""votes"": 1, ""votes_pct"": 0.090000, ""party"": ""WI"" } ]"
"730055","6","13",13A,Stearns,Collegeville Twp P-2,0.93781691376516,R,"6.26",-6.26,391.334379464925,"367","[ { ""name"": ""Jeff Howe"", ""votes"": 195, ""votes_pct"": 53.130000, ""party"": ""R"" }, { ""name"": ""Alissa Brickman"", ""votes"": 172, ""votes_pct"": 46.870000, ""party"": ""DFL"" }, { ""name"": ""WRITE-IN"", ""votes"": 0, ""votes_pct"": 0, ""party"": ""WI"" } ]"
"730060","7","12",12A,Stearns,Crow Lake Twp,35.0378108621927,R,"68.06",-68.06,4.10984580533204,"144","[ { ""name"": ""Torrey Westrom"", ""votes"": 119, ""votes_pct"": 82.640000, ""party"": ""R"" }, { ""name"": ""Kari Dorry"", ""votes"": 21, ""votes_pct"": 14.580000, ""party"": ""DFL"" }, { ""name"": ""Ashley Klingbeil"", ""votes"": 4, ""votes_pct"": 2.780000, ""party"": ""WTP"" }, { ""name"": ""WRITE-IN"", ""votes"": 0, ""votes_pct"": 0, ""party"": ""WI"" } ]"
"730065","7","12",12A,Stearns,Crow River Twp,34.2779371397506,R,"51.88",-51.88,3.88004679096531,"133","[ { ""name"": ""Torrey Westrom"", ""votes"": 100, ""votes_pct"": 75.190000, ""party"": ""R"" }, { ""name"": ""Kari Dorry"", ""votes"": 31, ""votes_pct"": 23.310000, ""party"": ""DFL"" }, { ""name"": ""Ashley Klingbeil"", ""votes"": 2, ""votes_pct"": 1.500000, ""party"": ""WTP"" }, { ""name"": ""WRITE-IN"", ""votes"": 0, ""votes_pct"": 0, ""party"": ""WI"" } ]"
"730070","7","13",13A,Stearns,Eden Lake Twp,38.5435657231525,R,"52.15",-52.15,22.3383587855965,"861","[ { ""name"": ""Jeff Howe"", ""votes"": 654, ""votes_pct"": 75.960000, ""party"": ""R"" }, { ""name"": ""Alissa Brickman"", ""votes"": 205, ""votes_pct"": 23.810000, ""party"": ""DFL"" }, { ""name"": ""WRITE-IN"", ""votes"": 2, ""votes_pct"": 0.230000, ""party"": ""WI"" } ]"
"730075","7","13",13A,Stearns,Eden Valley,0.624740098209084,R,"53.99",-53.99,260.908496936991,"163","[ { ""name"": ""Jeff Howe"", ""votes"": 125, ""votes_pct"": 76.690000, ""party"": ""R"" }, { ""name"": ""Alissa Brickman"", ""votes"": 37, ""votes_pct"": 22.700000, ""party"": ""DFL"" }, { ""name"": ""WRITE-IN"", ""votes"": 1, ""votes_pct"": 0.610000, ""party"": ""WI"" } ]"
"730080","7","12",12A,Stearns,Elrosa,0.15013432395124,R,"89.36",-89.36,626.105993127386,"94","[ { ""name"": ""Torrey Westrom"", ""votes"": 88, ""votes_pct"": 93.620000, ""party"": ""R"" }, { ""name"": ""Kari Dorry"", ""votes"": 4, ""votes_pct"": 4.260000, ""party"": ""DFL"" }, { ""name"": ""Ashley Klingbeil"", ""votes"": 2, ""votes_pct"": 2.130000, ""party"": ""WTP"" }, { ""name"": ""WRITE-IN"", ""votes"": 0, ""votes_pct"": 0, ""party"": ""WI"" } ]"
"730085","6","13",13A,Stearns,Fair Haven Twp,35.7682906756504,R,"51.18",-51.18,22.6737141943463,"811","[ { ""name"": ""Jeff Howe"", ""votes"": 613, ""votes_pct"": 75.590000, ""party"": ""R"" }, { ""name"": ""Alissa Brickman"", ""votes"": 198, ""votes_pct"": 24.410000, ""party"": ""DFL"" }, { ""name"": ""WRITE-IN"", ""votes"": 0, ""votes_pct"": 0, ""party"": ""WI"" } ]"
"730090","7","13",13A,Stearns,Farming Twp,38.9540273127291,R,"75.70",-75.7,12.8869858813279,"502","[ { ""name"": ""Jeff Howe"", ""votes"": 441, ""votes_pct"": 87.850000, ""party"": ""R"" }, { ""name"": ""Alissa Brickman"", ""votes"": 61, ""votes_pct"": 12.150000, ""party"": ""DFL"" }, { ""name"": ""WRITE-IN"", ""votes"": 0, ""votes_pct"": 0, ""party"": ""WI"" } ]"
"730095","7","12",12A,Stearns,Freeport,1.16728334593556,R,"67.29",-67.29,277.567568429855,"324","[ { ""name"": ""Torrey Westrom"", ""votes"": 267, ""votes_pct"": 82.410000, ""party"": ""R"" }, { ""name"": ""Kari Dorry"", ""votes"": 49, ""votes_pct"": 15.120000, ""party"": ""DFL"" }, { ""name"": ""Ashley Klingbeil"", ""votes"": 8, ""votes_pct"": 2.470000, ""party"": ""WTP"" }, { ""name"": ""WRITE-IN"", ""votes"": 0, ""votes_pct"": 0, ""party"": ""WI"" } ]"
"730100","7","12",12A,Stearns,Getty Twp,36.1602816385239,R,"82.23",-82.23,4.20350708325414,"152","[ { ""name"": ""Torrey Westrom"", ""votes"": 136, ""votes_pct"": 89.470000, ""party"": ""R"" }, { ""name"": ""Kari Dorry"", ""votes"": 11, ""votes_pct"": 7.240000, ""party"": ""DFL"" }, { ""name"": ""Ashley Klingbeil"", ""votes"": 5, ""votes_pct"": 3.290000, ""party"": ""WTP"" }, { ""name"": ""WRITE-IN"", ""votes"": 0, ""votes_pct"": 0, ""party"": ""WI"" } ]"
"730105","7","12",12B,Stearns,Greenwald,0.707501070393975,R,"78.00",-78,141.342542343172,"100","[ { ""name"": ""Torrey Westrom"", ""votes"": 88, ""votes_pct"": 88, ""party"": ""R"" }, { ""name"": ""Kari Dorry"", ""votes"": 10, ""votes_pct"": 10, ""party"": ""DFL"" }, { ""name"": ""Ashley Klingbeil"", ""votes"": 2, ""votes_pct"": 2, ""party"": ""WTP"" }, { ""name"": ""WRITE-IN"", ""votes"": 0, ""votes_pct"": 0, ""party"": ""WI"" } ]"
"730110","7","12",12B,Stearns,Grove Twp,33.8599191455296,R,"80.09",-80.09,6.52689095476407,"221","[ { ""name"": ""Torrey Westrom"", ""votes"": 196, ""votes_pct"": 88.690000, ""party"": ""R"" }, { ""name"": ""Kari Dorry"", ""votes"": 19, ""votes_pct"": 8.600000, ""party"": ""DFL"" }, { ""name"": ""Ashley Klingbeil"", ""votes"": 6, ""votes_pct"": 2.710000, ""party"": ""WTP"" }, { ""name"": ""WRITE-IN"", ""votes"": 0, ""votes_pct"": 0, ""party"": ""WI"" } ]"
"730115","7","13",13B,Stearns,Holding Twp,41.4984886690374,R,"72.40",-72.4,15.0125949156512,"623","[ { ""name"": ""Jeff Howe"", ""votes"": 537, ""votes_pct"": 86.200000, ""party"": ""R"" }, { ""name"": ""Alissa Brickman"", ""votes"": 86, ""votes_pct"": 13.800000, ""party"": ""DFL"" }, { ""name"": ""WRITE-IN"", ""votes"": 0, ""votes_pct"": 0, ""party"": ""WI"" } ]"
"730120","7","13",13B,Stearns,Holdingford,0.890746330291389,R,"59.81",-59.81,360.37195897848,"321","[ { ""name"": ""Jeff Howe"", ""votes"": 256, ""votes_pct"": 79.750000, ""party"": ""R"" }, { ""name"": ""Alissa Brickman"", ""votes"": 64, ""votes_pct"": 19.940000, ""party"": ""DFL"" }, { ""name"": ""WRITE-IN"", ""votes"": 1, ""votes_pct"": 0.310000, ""party"": ""WI"" } ]"
"730125","7","13",13A,Stearns,Kimball,1.50444956210878,R,"45.76",-45.76,203.39664931743,"306","[ { ""name"": ""Jeff Howe"", ""votes"": 223, ""votes_pct"": 72.880000, ""party"": ""R"" }, { ""name"": ""Alissa Brickman"", ""votes"": 83, ""votes_pct"": 27.120000, ""party"": ""DFL"" }, { ""name"": ""WRITE-IN"", ""votes"": 0, ""votes_pct"": 0, ""party"": ""WI"" } ]"
"730130","7","13",13A,Stearns,Krain Twp,44.1178784832357,R,"77.16",-77.16,11.3106073355185,"499","[ { ""name"": ""Jeff Howe"", ""votes"": 442, ""votes_pct"": 88.580000, ""party"": ""R"" }, { ""name"": ""Alissa Brickman"", ""votes"": 57, ""votes_pct"": 11.420000, ""party"": ""DFL"" }, { ""name"": ""WRITE-IN"", ""votes"": 0, ""votes_pct"": 0, ""party"": ""WI"" } ]"
"730135","7","12",12A,Stearns,Lake George Twp,35.3725116796923,R,"86.16",-86.16,3.67517017669498,"130","[ { ""name"": ""Torrey Westrom"", ""votes"": 119, ""votes_pct"": 91.540000, ""party"": ""R"" }, { ""name"": ""Kari Dorry"", ""votes"": 7, ""votes_pct"": 5.380000, ""party"": ""DFL"" }, { ""name"": ""Ashley Klingbeil"", ""votes"": 4, ""votes_pct"": 3.080000, ""party"": ""WTP"" }, { ""name"": ""WRITE-IN"", ""votes"": 0, ""votes_pct"": 0, ""party"": ""WI"" } ]"
"730137","7","12",12A,Stearns,Lake Henry,0.191155833002277,R,"77.14",-77.14,183.096688446766,"35","[ { ""name"": ""Torrey Westrom"", ""votes"": 30, ""votes_pct"": 85.710000, ""party"": ""R"" }, { ""name"": ""Kari Dorry"", ""votes"": 3, ""votes_pct"": 8.570000, ""party"": ""DFL"" }, { ""name"": ""Ashley Klingbeil"", ""votes"": 2, ""votes_pct"": 5.710000, ""party"": ""WTP"" }, { ""name"": ""WRITE-IN"", ""votes"": 0, ""votes_pct"": 0, ""party"": ""WI"" } ]"
"730140","7","12",12A,Stearns,Lake Henry Twp,35.5139090258624,R,"78.27",-78.27,3.8858014728681,"138","[ { ""name"": ""Torrey Westrom"", ""votes"": 122, ""votes_pct"": 88.410000, ""party"": ""R"" }, { ""name"": ""Kari Dorry"", ""votes"": 14, ""votes_pct"": 10.140000, ""party"": ""DFL"" }, { ""name"": ""Ashley Klingbeil"", ""votes"": 2, ""votes_pct"": 1.450000, ""party"": ""WTP"" }, { ""name"": ""WRITE-IN"", ""votes"": 0, ""votes_pct"": 0, ""party"": ""WI"" } ]"
"730145","6","13",13B,Stearns,Le Sauk Twp,10.020742155271,R,"36.64",-36.64,80.3333712739594,"805","[ { ""name"": ""Jeff Howe"", ""votes"": 550, ""votes_pct"": 68.320000, ""party"": ""R"" }, { ""name"": ""Alissa Brickman"", ""votes"": 255, ""votes_pct"": 31.680000, ""party"": ""DFL"" }, { ""name"": ""WRITE-IN"", ""votes"": 0, ""votes_pct"": 0, ""party"": ""WI"" } ]"
"730150","7","13",13A,Stearns,Luxemburg Twp,35.8026996125156,R,"75.92",-75.92,9.04959691605879,"324","[ { ""name"": ""Jeff Howe"", ""votes"": 285, ""votes_pct"": 87.960000, ""party"": ""R"" }, { ""name"": ""Alissa Brickman"", ""votes"": 39, ""votes_pct"": 12.040000, ""party"": ""DFL"" }, { ""name"": ""WRITE-IN"", ""votes"": 0, ""votes_pct"": 0, ""party"": ""WI"" } ]"
"730155","6","13",13A,Stearns,Lynden Twp,25.3891187226706,R,"45.36",-45.36,38.2053434227263,"970","[ { ""name"": ""Jeff Howe"", ""votes"": 704, ""votes_pct"": 72.580000, ""party"": ""R"" }, { ""name"": ""Alissa Brickman"", ""votes"": 264, ""votes_pct"": 27.220000, ""party"": ""DFL"" }, { ""name"": ""WRITE-IN"", ""votes"": 2, ""votes_pct"": 0.210000, ""party"": ""WI"" } ]"
"730160","7","13",13A,Stearns,Maine Prairie Twp,65.0601278483013,R,"60.14",-60.14,15.6931754327418,"1021","[ { ""name"": ""Jeff Howe"", ""votes"": 817, ""votes_pct"": 80.020000, ""party"": ""R"" }, { ""name"": ""Alissa Brickman"", ""votes"": 203, ""votes_pct"": 19.880000, ""party"": ""DFL"" }, { ""name"": ""WRITE-IN"", ""votes"": 1, ""votes_pct"": 0.100000, ""party"": ""WI"" } ]"
"730165","7","12",12B,Stearns,Meire Grove,0.380796274697553,R,"55.77",-55.77,136.55595775274,"52","[ { ""name"": ""Torrey Westrom"", ""votes"": 40, ""votes_pct"": 76.920000, ""party"": ""R"" }, { ""name"": ""Kari Dorry"", ""votes"": 11, ""votes_pct"": 21.150000, ""party"": ""DFL"" }, { ""name"": ""Ashley Klingbeil"", ""votes"": 1, ""votes_pct"": 1.920000, ""party"": ""WTP"" }, { ""name"": ""WRITE-IN"", ""votes"": 0, ""votes_pct"": 0, ""party"": ""WI"" } ]"
"730170","7","12",12B,Stearns,Melrose,3.29224339058729,R,"49.57",-49.57,351.735841678895,"1158","[ { ""name"": ""Torrey Westrom"", ""votes"": 840, ""votes_pct"": 72.540000, ""party"": ""R"" }, { ""name"": ""Kari Dorry"", ""votes"": 266, ""votes_pct"": 22.970000, ""party"": ""DFL"" }, { ""name"": ""Ashley Klingbeil"", ""votes"": 51, ""votes_pct"": 4.400000, ""party"": ""WTP"" }, { ""name"": ""WRITE-IN"", ""votes"": 1, ""votes_pct"": 0.090000, ""party"": ""WI"" } ]"
"730180","7","12",12B,Stearns,Melrose Twp,39.9667063541031,R,"58.52",-58.52,9.10758061409858,"364","[ { ""name"": ""Torrey Westrom"", ""votes"": 286, ""votes_pct"": 78.570000, ""party"": ""R"" }, { ""name"": ""Kari Dorry"", ""votes"": 73, ""votes_pct"": 20.050000, ""party"": ""DFL"" }, { ""name"": ""Ashley Klingbeil"", ""votes"": 5, ""votes_pct"": 1.370000, ""party"": ""WTP"" }, { ""name"": ""WRITE-IN"", ""votes"": 0, ""votes_pct"": 0, ""party"": ""WI"" } ]"
"730185","7","12",12A,Stearns,Millwood Twp,41.4069199324209,R,"73.16",-73.16,13.40355672206,"555","[ { ""name"": ""Torrey Westrom"", ""votes"": 476, ""votes_pct"": 85.770000, ""party"": ""R"" }, { ""name"": ""Kari Dorry"", ""votes"": 70, ""votes_pct"": 12.610000, ""party"": ""DFL"" }, { ""name"": ""Ashley Klingbeil"", ""votes"": 9, ""votes_pct"": 1.620000, ""party"": ""WTP"" }, { ""name"": ""WRITE-IN"", ""votes"": 0, ""votes_pct"": 0, ""party"": ""WI"" } ]"
"730190","7","13",13A,Stearns,Munson Twp,37.6115792370704,R,"56.03",-56.03,21.8283841480076,"821","[ { ""name"": ""Jeff Howe"", ""votes"": 640, ""votes_pct"": 77.950000, ""party"": ""R"" }, { ""name"": ""Alissa Brickman"", ""votes"": 180, ""votes_pct"": 21.920000, ""party"": ""DFL"" }, { ""name"": ""WRITE-IN"", ""votes"": 1, ""votes_pct"": 0.120000, ""party"": ""WI"" } ]"
"730195","7","12",12A,Stearns,New Munich,0.528022671942051,R,"73.28",-73.28,248.095407566849,"131","[ { ""name"": ""Torrey Westrom"", ""votes"": 111, ""votes_pct"": 84.730000, ""party"": ""R"" }, { ""name"": ""Kari Dorry"", ""votes"": 15, ""votes_pct"": 11.450000, ""party"": ""DFL"" }, { ""name"": ""Ashley Klingbeil"", ""votes"": 5, ""votes_pct"": 3.820000, ""party"": ""WTP"" }, { ""name"": ""WRITE-IN"", ""votes"": 0, ""votes_pct"": 0, ""party"": ""WI"" } ]"
"730200","7","12",12A,Stearns,North Fork Twp,34.80613992286,R,"65.17",-65.17,2.55702011763581,"89","[ { ""name"": ""Torrey Westrom"", ""votes"": 71, ""votes_pct"": 79.780000, ""party"": ""R"" }, { ""name"": ""Kari Dorry"", ""votes"": 13, ""votes_pct"": 14.610000, ""party"": ""DFL"" }, { ""name"": ""Ashley Klingbeil"", ""votes"": 5, ""votes_pct"": 5.620000, ""party"": ""WTP"" }, { ""name"": ""WRITE-IN"", ""votes"": 0, ""votes_pct"": 0, ""party"": ""WI"" } ]"
"730205","7","12",12A,Stearns,Oak Twp,34.2456203321446,R,"77.19",-77.19,8.3222320762718,"285","[ { ""name"": ""Torrey Westrom"", ""votes"": 250, ""votes_pct"": 87.720000, ""party"": ""R"" }, { ""name"": ""Kari Dorry"", ""votes"": 30, ""votes_pct"": 10.530000, ""party"": ""DFL"" }, { ""name"": ""Ashley Klingbeil"", ""votes"": 4, ""votes_pct"": 1.400000, ""party"": ""WTP"" }, { ""name"": ""WRITE-IN"", ""votes"": 1, ""votes_pct"": 0.350000, ""party"": ""WI"" } ]"
"730210","7","13",13A,Stearns,Paynesville,2.24906146186679,R,"41.18",-41.18,456.634919682256,"1027","[ { ""name"": ""Jeff Howe"", ""votes"": 725, ""votes_pct"": 70.590000, ""party"": ""R"" }, { ""name"": ""Alissa Brickman"", ""votes"": 302, ""votes_pct"": 29.410000, ""party"": ""DFL"" }, { ""name"": ""WRITE-IN"", ""votes"": 0, ""votes_pct"": 0, ""party"": ""WI"" } ]"
"730215","7","13",13A,Stearns,Paynesville Twp,33.536306530185,R,"47.63",-47.63,25.8525785843363,"867","[ { ""name"": ""Jeff Howe"", ""votes"": 639, ""votes_pct"": 73.700000, ""party"": ""R"" }, { ""name"": ""Alissa Brickman"", ""votes"": 226, ""votes_pct"": 26.070000, ""party"": ""DFL"" }, { ""name"": ""WRITE-IN"", ""votes"": 2, ""votes_pct"": 0.230000, ""party"": ""WI"" } ]"
"730225","7","12",12A,Stearns,Raymond Twp,36.1348579002797,R,"65.94",-65.94,2.51834392848949,"91","[ { ""name"": ""Torrey Westrom"", ""votes"": 75, ""votes_pct"": 82.420000, ""party"": ""R"" }, { ""name"": ""Kari Dorry"", ""votes"": 15, ""votes_pct"": 16.480000, ""party"": ""DFL"" }, { ""name"": ""Ashley Klingbeil"", ""votes"": 1, ""votes_pct"": 1.100000, ""party"": ""WTP"" }, { ""name"": ""WRITE-IN"", ""votes"": 0, ""votes_pct"": 0, ""party"": ""WI"" } ]"
"730230","7","13",13A,Stearns,Richmond,1.2156731201635,R,"56.80",-56.8,598.02259994218,"727","[ { ""name"": ""Jeff Howe"", ""votes"": 570, ""votes_pct"": 78.400000, ""party"": ""R"" }, { ""name"": ""Alissa Brickman"", ""votes"": 157, ""votes_pct"": 21.600000, ""party"": ""DFL"" }, { ""name"": ""WRITE-IN"", ""votes"": 0, ""votes_pct"": 0, ""party"": ""WI"" } ]"
"730235","6","13",13A,Stearns,Rockville,30.3909237884667,R,"56.52",-56.52,40.867464531346,"1242","[ { ""name"": ""Jeff Howe"", ""votes"": 971, ""votes_pct"": 78.180000, ""party"": ""R"" }, { ""name"": ""Alissa Brickman"", ""votes"": 269, ""votes_pct"": 21.660000, ""party"": ""DFL"" }, { ""name"": ""WRITE-IN"", ""votes"": 2, ""votes_pct"": 0.160000, ""party"": ""WI"" } ]"
"730245","7","13",13A,Stearns,Roscoe,0.634009162380165,R,"79.48",-79.48,61.5133066115136,"39","[ { ""name"": ""Jeff Howe"", ""votes"": 35, ""votes_pct"": 89.740000, ""party"": ""R"" }, { ""name"": ""Alissa Brickman"", ""votes"": 4, ""votes_pct"": 10.260000, ""party"": ""DFL"" }, { ""name"": ""WRITE-IN"", ""votes"": 0, ""votes_pct"": 0, ""party"": ""WI"" } ]"
"730250","7","13",13A,Stearns,Saint Anthony,0.49641635238624,R,"72.98",-72.98,74.5342086781459,"37","[ { ""name"": ""Jeff Howe"", ""votes"": 32, ""votes_pct"": 86.490000, ""party"": ""R"" }, { ""name"": ""Alissa Brickman"", ""votes"": 5, ""votes_pct"": 13.510000, ""party"": ""DFL"" }, { ""name"": ""WRITE-IN"", ""votes"": 0, ""votes_pct"": 0, ""party"": ""WI"" } ]"
"730255","6","14",14A,Stearns,Saint Augusta,29.8131628466915,R,"45.91",-45.91,61.4493674965219,"1832","[ { ""name"": ""Tama Theis"", ""votes"": 1336, ""votes_pct"": 72.930000, ""party"": ""R"" }, { ""name"": ""Aric Putnam"", ""votes"": 495, ""votes_pct"": 27.020000, ""party"": ""DFL"" }, { ""name"": ""WRITE-IN"", ""votes"": 1, ""votes_pct"": 0.050000, ""party"": ""WI"" } ]"
"730260","6","14",14A,Stearns,Saint Cloud W-1 P-1,0.176778482016708,DFL,"65.04",65.04,808.921981729001,"143","[ { ""name"": ""Aric Putnam"", ""votes"": 118, ""votes_pct"": 82.520000, ""party"": ""DFL"" }, { ""name"": ""Tama Theis"", ""votes"": 25, ""votes_pct"": 17.480000, ""party"": ""R"" }, { ""name"": ""WRITE-IN"", ""votes"": 0, ""votes_pct"": 0, ""party"": ""WI"" } ]"
"730265","6","14",14A,Stearns,Saint Cloud W-1 P-2,0.154541051676168,DFL,"74.78",74.78,2821.25684580957,"436","[ { ""name"": ""Aric Putnam"", ""votes"": 381, ""votes_pct"": 87.390000, ""party"": ""DFL"" }, { ""name"": ""Tama Theis"", ""votes"": 55, ""votes_pct"": 12.610000, ""party"": ""R"" }, { ""name"": ""WRITE-IN"", ""votes"": 0, ""votes_pct"": 0, ""party"": ""WI"" } ]"
"730270","6","14",14A,Stearns,Saint Cloud W-1 P-3,1.67646510569924,DFL,"8.08",8.08,620.352905923576,"1040","[ { ""name"": ""Aric Putnam"", ""votes"": 562, ""votes_pct"": 54.040000, ""party"": ""DFL"" }, { ""name"": ""Tama Theis"", ""votes"": 478, ""votes_pct"": 45.960000, ""party"": ""R"" }, { ""name"": ""WRITE-IN"", ""votes"": 0, ""votes_pct"": 0, ""party"": ""WI"" } ]"
"730275","6","14",14A,Stearns,Saint Cloud W-1 P-4,0.50928484588839,DFL,"15.42",15.42,1400.00238718325,"713","[ { ""name"": ""Aric Putnam"", ""votes"": 410, ""votes_pct"": 57.500000, ""party"": ""DFL"" }, { ""name"": ""Tama Theis"", ""votes"": 300, ""votes_pct"": 42.080000, ""party"": ""R"" }, { ""name"": ""WRITE-IN"", ""votes"": 3, ""votes_pct"": 0.420000, ""party"": ""WI"" } ]"
"730280","6","14",14A,Stearns,Saint Cloud W-1 P-5,0.473384246329566,DFL,"40.31",40.31,1404.77847574385,"665","[ { ""name"": ""Aric Putnam"", ""votes"": 466, ""votes_pct"": 70.080000, ""party"": ""DFL"" }, { ""name"": ""Tama Theis"", ""votes"": 198, ""votes_pct"": 29.770000, ""party"": ""R"" }, { ""name"": ""WRITE-IN"", ""votes"": 1, ""votes_pct"": 0.150000, ""party"": ""WI"" } ]"
"730285","6","14",14B,Stearns,Saint Cloud W-1 P-6,0.368421603597333,DFL,"32.69",32.69,697.570385369932,"257","[ { ""name"": ""Aric Putnam"", ""votes"": 170, ""votes_pct"": 66.150000, ""party"": ""DFL"" }, { ""name"": ""Tama Theis"", ""votes"": 86, ""votes_pct"": 33.460000, ""party"": ""R"" }, { ""name"": ""WRITE-IN"", ""votes"": 1, ""votes_pct"": 0.390000, ""party"": ""WI"" } ]"
"730290","6","14",14B,Stearns,Saint Cloud W-1 P-7,0.531767080093392,DFL,"2.02",2.02,1113.26936578329,"592","[ { ""name"": ""Aric Putnam"", ""votes"": 301, ""votes_pct"": 50.840000, ""party"": ""DFL"" }, { ""name"": ""Tama Theis"", ""votes"": 289, ""votes_pct"": 48.820000, ""party"": ""R"" }, { ""name"": ""WRITE-IN"", ""votes"": 2, ""votes_pct"": 0.340000, ""party"": ""WI"" } ]"
"730295","6","14",14B,Stearns,Saint Cloud W-2 P-2,1.30555541205718,DFL,"21.62",21.62,991.915002642018,"1295","[ { ""name"": ""Aric Putnam"", ""votes"": 787, ""votes_pct"": 60.770000, ""party"": ""DFL"" }, { ""name"": ""Tama Theis"", ""votes"": 507, ""votes_pct"": 39.150000, ""party"": ""R"" }, { ""name"": ""WRITE-IN"", ""votes"": 1, ""votes_pct"": 0.080000, ""party"": ""WI"" } ]"
"730305","6","14",14B,Stearns,Saint Cloud W-3 P-1,1.18645192862797,R,"9.10",-9.1,1196.00294437631,"1419","[ { ""name"": ""Tama Theis"", ""votes"": 773, ""votes_pct"": 54.480000, ""party"": ""R"" }, { ""name"": ""Aric Putnam"", ""votes"": 644, ""votes_pct"": 45.380000, ""party"": ""DFL"" }, { ""name"": ""WRITE-IN"", ""votes"": 2, ""votes_pct"": 0.140000, ""party"": ""WI"" } ]"
"730307","6","14",14B,Stearns,Saint Cloud W-3 P-2,1.64442971166131,DFL,"9.75",9.75,748.587787772556,"1231","[ { ""name"": ""Aric Putnam"", ""votes"": 674, ""votes_pct"": 54.750000, ""party"": ""DFL"" }, { ""name"": ""Tama Theis"", ""votes"": 554, ""votes_pct"": 45, ""party"": ""R"" }, { ""name"": ""WRITE-IN"", ""votes"": 3, ""votes_pct"": 0.240000, ""party"": ""WI"" } ]"
"730310","6","14",14B,Stearns,Saint Cloud W-3 P-3,1.33255556530024,R,"9.56",-9.56,1193.19602229251,"1590","[ { ""name"": ""Tama Theis"", ""votes"": 870, ""votes_pct"": 54.720000, ""party"": ""R"" }, { ""name"": ""Aric Putnam"", ""votes"": 718, ""votes_pct"": 45.160000, ""party"": ""DFL"" }, { ""name"": ""WRITE-IN"", ""votes"": 2, ""votes_pct"": 0.130000, ""party"": ""WI"" } ]"
"730312","6","14",14B,Stearns,Saint Cloud W-3 P-4,1.67239976581092,DFL,"6.00",6,449.055312822203,"751","[ { ""name"": ""Aric Putnam"", ""votes"": 398, ""votes_pct"": 53, ""party"": ""DFL"" }, { ""name"": ""Tama Theis"", ""votes"": 353, ""votes_pct"": 47, ""party"": ""R"" }, { ""name"": ""WRITE-IN"", ""votes"": 0, ""votes_pct"": 0, ""party"": ""WI"" } ]"
"730315","6","14",14B,Stearns,Saint Cloud W-3 P-5,0.364482313956318,DFL,"10.47",10.47,1887.60873616067,"688","[ { ""name"": ""Aric Putnam"", ""votes"": 379, ""votes_pct"": 55.090000, ""party"": ""DFL"" }, { ""name"": ""Tama Theis"", ""votes"": 307, ""votes_pct"": 44.620000, ""party"": ""R"" }, { ""name"": ""WRITE-IN"", ""votes"": 2, ""votes_pct"": 0.290000, ""party"": ""WI"" } ]"
"730317","6","14",14B,Stearns,Saint Cloud W-3 P-6,0.466088132177811,DFL,"9.20",9.2,1748.59633561551,"815","[ { ""name"": ""Aric Putnam"", ""votes"": 445, ""votes_pct"": 54.600000, ""party"": ""DFL"" }, { ""name"": ""Tama Theis"", ""votes"": 370, ""votes_pct"": 45.400000, ""party"": ""R"" }, { ""name"": ""WRITE-IN"", ""votes"": 0, ""votes_pct"": 0, ""party"": ""WI"" } ]"
"730320","6","14",14B,Stearns,Saint Cloud W-3 P-7,0.37118659155242,DFL,"24.50",24.5,2055.5699407376,"763","[ { ""name"": ""Aric Putnam"", ""votes"": 475, ""votes_pct"": 62.250000, ""party"": ""DFL"" }, { ""name"": ""Tama Theis"", ""votes"": 288, ""votes_pct"": 37.750000, ""party"": ""R"" }, { ""name"": ""WRITE-IN"", ""votes"": 0, ""votes_pct"": 0, ""party"": ""WI"" } ]"
"730330","6","14",14B,Stearns,Saint Cloud W-4 P-1,0.798225037662195,DFL,"6.74",6.74,1077.39040924941,"860","[ { ""name"": ""Aric Putnam"", ""votes"": 459, ""votes_pct"": 53.370000, ""party"": ""DFL"" }, { ""name"": ""Tama Theis"", ""votes"": 401, ""votes_pct"": 46.630000, ""party"": ""R"" }, { ""name"": ""WRITE-IN"", ""votes"": 0, ""votes_pct"": 0, ""party"": ""WI"" } ]"
"730335","6","14",14A,Stearns,Saint Cloud W-4 P-2,0.978923615971158,DFL,"39.28",39.28,767.169151655369,"751","[ { ""name"": ""Aric Putnam"", ""votes"": 523, ""votes_pct"": 69.640000, ""party"": ""DFL"" }, { ""name"": ""Tama Theis"", ""votes"": 228, ""votes_pct"": 30.360000, ""party"": ""R"" }, { ""name"": ""WRITE-IN"", ""votes"": 0, ""votes_pct"": 0, ""party"": ""WI"" } ]"
"730340","6","14",14A,Stearns,Saint Cloud W-4 P-3,0.833900540639166,DFL,"11.26",11.26,1395.84991647544,"1164","[ { ""name"": ""Aric Putnam"", ""votes"": 646, ""votes_pct"": 55.500000, ""party"": ""DFL"" }, { ""name"": ""Tama Theis"", ""votes"": 515, ""votes_pct"": 44.240000, ""party"": ""R"" }, { ""name"": ""WRITE-IN"", ""votes"": 3, ""votes_pct"": 0.260000, ""party"": ""WI"" } ]"
"730345","6","14",14A,Stearns,Saint Cloud W-4 P-4,1.4026748457253,DFL,"2.67",2.67,746.431008719356,"1047","[ { ""name"": ""Aric Putnam"", ""votes"": 537, ""votes_pct"": 51.290000, ""party"": ""DFL"" }, { ""name"": ""Tama Theis"", ""votes"": 509, ""votes_pct"": 48.620000, ""party"": ""R"" }, { ""name"": ""WRITE-IN"", ""votes"": 1, ""votes_pct"": 0.100000, ""party"": ""WI"" } ]"
"730350","6","14",14A,Stearns,Saint Cloud W-4 P-5,3.17490064359425,DFL,"10.17",10.17,411.666425731158,"1307","[ { ""name"": ""Aric Putnam"", ""votes"": 719, ""votes_pct"": 55.010000, ""party"": ""DFL"" }, { ""name"": ""Tama Theis"", ""votes"": 586, ""votes_pct"": 44.840000, ""party"": ""R"" }, { ""name"": ""WRITE-IN"", ""votes"": 2, ""votes_pct"": 0.150000, ""party"": ""WI"" } ]"
"730355","6","14",14A,Stearns,Saint Cloud W-4 P-6,6.67721007842031,R,"17.67",-17.67,128.796307125244,"860","[ { ""name"": ""Tama Theis"", ""votes"": 505, ""votes_pct"": 58.720000, ""party"": ""R"" }, { ""name"": ""Aric Putnam"", ""votes"": 353, ""votes_pct"": 41.050000, ""party"": ""DFL"" }, { ""name"": ""WRITE-IN"", ""votes"": 2, ""votes_pct"": 0.230000, ""party"": ""WI"" } ]"
"730360","6","14",14A,Stearns,Saint Cloud W-4 P-7,6.56719111280232,DFL,"1.08",1.08,126.08130108866,"828","[ { ""name"": ""Aric Putnam"", ""votes"": 418, ""votes_pct"": 50.480000, ""party"": ""DFL"" }, { ""name"": ""Tama Theis"", ""votes"": 409, ""votes_pct"": 49.400000, ""party"": ""R"" }, { ""name"": ""WRITE-IN"", ""votes"": 1, ""votes_pct"": 0.120000, ""party"": ""WI"" } ]"
"730380","6","13",13A,Stearns,Saint Joseph P-1,3.216408271075,DFL,"1.62",1.62,230.381200876697,"741","[ { ""name"": ""Alissa Brickman"", ""votes"": 376, ""votes_pct"": 50.740000, ""party"": ""DFL"" }, { ""name"": ""Jeff Howe"", ""votes"": 364, ""votes_pct"": 49.120000, ""party"": ""R"" }, { ""name"": ""WRITE-IN"", ""votes"": 1, ""votes_pct"": 0.140000, ""party"": ""WI"" } ]"
"730385","6","14",14A,Stearns,Saint Joseph P-2,2.08825179184651,DFL,"3.71",3.71,669.938369243756,"1399","[ { ""name"": ""Aric Putnam"", ""votes"": 725, ""votes_pct"": 51.820000, ""party"": ""DFL"" }, { ""name"": ""Tama Theis"", ""votes"": 673, ""votes_pct"": 48.110000, ""party"": ""R"" }, { ""name"": ""WRITE-IN"", ""votes"": 1, ""votes_pct"": 0.070000, ""party"": ""WI"" } ]"
"730387","6","13",13A,Stearns,Saint Joseph P-3,3.98136381094881,R,"31.88",-31.88,126.840958018266,"505","[ { ""name"": ""Jeff Howe"", ""votes"": 333, ""votes_pct"": 65.940000, ""party"": ""R"" }, { ""name"": ""Alissa Brickman"", ""votes"": 172, ""votes_pct"": 34.060000, ""party"": ""DFL"" }, { ""name"": ""WRITE-IN"", ""votes"": 0, ""votes_pct"": 0, ""party"": ""WI"" } ]"
"730390","6","13",13A,Stearns,Saint Joseph Twp P-1,20.0560507959369,R,"39.14",-39.14,26.8746826323952,"539","[ { ""name"": ""Jeff Howe"", ""votes"": 375, ""votes_pct"": 69.570000, ""party"": ""R"" }, { ""name"": ""Alissa Brickman"", ""votes"": 164, ""votes_pct"": 30.430000, ""party"": ""DFL"" }, { ""name"": ""WRITE-IN"", ""votes"": 0, ""votes_pct"": 0, ""party"": ""WI"" } ]"
"730395","6","14",14A,Stearns,Saint Joseph Twp P-2,1.17500524351868,R,"55.56",-55.56,7.6595402868574,"9","[ { ""name"": ""Tama Theis"", ""votes"": 7, ""votes_pct"": 77.780000, ""party"": ""R"" }, { ""name"": ""Aric Putnam"", ""votes"": 2, ""votes_pct"": 22.220000, ""party"": ""DFL"" }, { ""name"": ""WRITE-IN"", ""votes"": 0, ""votes_pct"": 0, ""party"": ""WI"" } ]"
"730399","7","12",12A,Stearns,Saint Martin,0.875640693010941,R,"76.22",-76.22,163.308993222193,"143","[ { ""name"": ""Torrey Westrom"", ""votes"": 125, ""votes_pct"": 87.410000, ""party"": ""R"" }, { ""name"": ""Kari Dorry"", ""votes"": 16, ""votes_pct"": 11.190000, ""party"": ""DFL"" }, { ""name"": ""Ashley Klingbeil"", ""votes"": 2, ""votes_pct"": 1.400000, ""party"": ""WTP"" }, { ""name"": ""WRITE-IN"", ""votes"": 0, ""votes_pct"": 0, ""party"": ""WI"" } ]"
"730400","7","12",12A,Stearns,Saint Martin Twp,34.7180506052351,R,"80.28",-80.28,6.1351370911327,"213","[ { ""name"": ""Torrey Westrom"", ""votes"": 190, ""votes_pct"": 89.200000, ""party"": ""R"" }, { ""name"": ""Kari Dorry"", ""votes"": 19, ""votes_pct"": 8.920000, ""party"": ""DFL"" }, { ""name"": ""Ashley Klingbeil"", ""votes"": 4, ""votes_pct"": 1.880000, ""party"": ""WTP"" }, { ""name"": ""WRITE-IN"", ""votes"": 0, ""votes_pct"": 0, ""party"": ""WI"" } ]"
"730404","7","12",12A,Stearns,Saint Rosa,0.371217498235798,R,"72.00",-72,67.3459632663111,"25","[ { ""name"": ""Torrey Westrom"", ""votes"": 21, ""votes_pct"": 84, ""party"": ""R"" }, { ""name"": ""Kari Dorry"", ""votes"": 3, ""votes_pct"": 12, ""party"": ""DFL"" }, { ""name"": ""Ashley Klingbeil"", ""votes"": 1, ""votes_pct"": 4, ""party"": ""WTP"" }, { ""name"": ""WRITE-IN"", ""votes"": 0, ""votes_pct"": 0, ""party"": ""WI"" } ]"
"730405","7","13",13B,Stearns,Saint Stephen,3.71692191544116,R,"75.30",-75.3,108.961126763926,"405","[ { ""name"": ""Jeff Howe"", ""votes"": 355, ""votes_pct"": 87.650000, ""party"": ""R"" }, { ""name"": ""Alissa Brickman"", ""votes"": 50, ""votes_pct"": 12.350000, ""party"": ""DFL"" }, { ""name"": ""WRITE-IN"", ""votes"": 0, ""votes_pct"": 0, ""party"": ""WI"" } ]"
"730410","6","13",13B,Stearns,Saint Wendel Twp P-1,9.72454960150245,R,"34.76",-34.76,67.1496394958087,"653","[ { ""name"": ""Jeff Howe"", ""votes"": 440, ""votes_pct"": 67.380000, ""party"": ""R"" }, { ""name"": ""Alissa Brickman"", ""votes"": 213, ""votes_pct"": 32.620000, ""party"": ""DFL"" }, { ""name"": ""WRITE-IN"", ""votes"": 0, ""votes_pct"": 0, ""party"": ""WI"" } ]"
"730411","7","13",13B,Stearns,Saint Wendel Twp P-2,26.3359917488854,R,"59.77",-59.77,22.3648308222502,"589","[ { ""name"": ""Jeff Howe"", ""votes"": 470, ""votes_pct"": 79.800000, ""party"": ""R"" }, { ""name"": ""Alissa Brickman"", ""votes"": 118, ""votes_pct"": 20.030000, ""party"": ""DFL"" }, { ""name"": ""WRITE-IN"", ""votes"": 1, ""votes_pct"": 0.170000, ""party"": ""WI"" } ]"
"730414","6","13",13B,Stearns,Sartell P-7,1.28297746765059,R,"25.92",-25.92,1064.71082652873,"1366","[ { ""name"": ""Jeff Howe"", ""votes"": 860, ""votes_pct"": 62.960000, ""party"": ""R"" }, { ""name"": ""Alissa Brickman"", ""votes"": 506, ""votes_pct"": 37.040000, ""party"": ""DFL"" }, { ""name"": ""WRITE-IN"", ""votes"": 0, ""votes_pct"": 0, ""party"": ""WI"" } ]"
"730415","6","13",13B,Stearns,Sartell P-5,0.800945661404889,R,"19.72",-19.72,1051.2573331418,"842","[ { ""name"": ""Jeff Howe"", ""votes"": 503, ""votes_pct"": 59.740000, ""party"": ""R"" }, { ""name"": ""Alissa Brickman"", ""votes"": 337, ""votes_pct"": 40.020000, ""party"": ""DFL"" }, { ""name"": ""WRITE-IN"", ""votes"": 2, ""votes_pct"": 0.240000, ""party"": ""WI"" } ]"
"730416","6","13",13B,Stearns,Sartell P-1,2.68854958748633,R,"18.29",-18.29,538.952306010746,"1449","[ { ""name"": ""Jeff Howe"", ""votes"": 856, ""votes_pct"": 59.080000, ""party"": ""R"" }, { ""name"": ""Alissa Brickman"", ""votes"": 591, ""votes_pct"": 40.790000, ""party"": ""DFL"" }, { ""name"": ""WRITE-IN"", ""votes"": 2, ""votes_pct"": 0.140000, ""party"": ""WI"" } ]"
"730417","6","13",13B,Stearns,Sartell P-6,1.34052744489593,R,"27.71",-27.71,716.136028139679,"960","[ { ""name"": ""Jeff Howe"", ""votes"": 612, ""votes_pct"": 63.750000, ""party"": ""R"" }, { ""name"": ""Alissa Brickman"", ""votes"": 346, ""votes_pct"": 36.040000, ""party"": ""DFL"" }, { ""name"": ""WRITE-IN"", ""votes"": 2, ""votes_pct"": 0.210000, ""party"": ""WI"" } ]"
"730418","6","13",13B,Stearns,Sartell P-3,0.881798636999709,R,"17.42",-17.42,1139.71598257339,"1005","[ { ""name"": ""Jeff Howe"", ""votes"": 590, ""votes_pct"": 58.710000, ""party"": ""R"" }, { ""name"": ""Alissa Brickman"", ""votes"": 415, ""votes_pct"": 41.290000, ""party"": ""DFL"" }, { ""name"": ""WRITE-IN"", ""votes"": 0, ""votes_pct"": 0, ""party"": ""WI"" } ]"
"730419","6","13",13B,Stearns,Sartell P-4,2.35928526756179,R,"21.18",-21.18,642.143627491761,"1515","[ { ""name"": ""Jeff Howe"", ""votes"": 918, ""votes_pct"": 60.590000, ""party"": ""R"" }, { ""name"": ""Alissa Brickman"", ""votes"": 597, ""votes_pct"": 39.410000, ""party"": ""DFL"" }, { ""name"": ""WRITE-IN"", ""votes"": 0, ""votes_pct"": 0, ""party"": ""WI"" } ]"
"730420","7","12",12B,Stearns,Sauk Centre,4.35726639983349,R,"46.55",-46.55,388.546360182315,"1693","[ { ""name"": ""Torrey Westrom"", ""votes"": 1216, ""votes_pct"": 71.830000, ""party"": ""R"" }, { ""name"": ""Kari Dorry"", ""votes"": 428, ""votes_pct"": 25.280000, ""party"": ""DFL"" }, { ""name"": ""Ashley Klingbeil"", ""votes"": 49, ""votes_pct"": 2.890000, ""party"": ""WTP"" }, { ""name"": ""WRITE-IN"", ""votes"": 0, ""votes_pct"": 0, ""party"": ""WI"" } ]"
"730430","7","12",12B,Stearns,Sauk Centre Twp,37.7614244969547,R,"68.64",-68.64,14.6975387553178,"555","[ { ""name"": ""Torrey Westrom"", ""votes"": 465, ""votes_pct"": 83.780000, ""party"": ""R"" }, { ""name"": ""Kari Dorry"", ""votes"": 84, ""votes_pct"": 15.140000, ""party"": ""DFL"" }, { ""name"": ""Ashley Klingbeil"", ""votes"": 6, ""votes_pct"": 1.080000, ""party"": ""WTP"" }, { ""name"": ""WRITE-IN"", ""votes"": 0, ""votes_pct"": 0, ""party"": ""WI"" } ]"
"730434","7","12",12A,Stearns,Spring Hill,0.720955137121362,R,"75.00",-75,38.8373680390138,"28","[ { ""name"": ""Torrey Westrom"", ""votes"": 24, ""votes_pct"": 85.710000, ""party"": ""R"" }, { ""name"": ""Kari Dorry"", ""votes"": 3, ""votes_pct"": 10.710000, ""party"": ""DFL"" }, { ""name"": ""Ashley Klingbeil"", ""votes"": 1, ""votes_pct"": 3.570000, ""party"": ""WTP"" }, { ""name"": ""WRITE-IN"", ""votes"": 0, ""votes_pct"": 0, ""party"": ""WI"" } ]"
"730435","7","12",12A,Stearns,Spring Hill Twp,34.9476694656933,R,"81.46",-81.46,5.0933296188673,"178","[ { ""name"": ""Torrey Westrom"", ""votes"": 160, ""votes_pct"": 89.890000, ""party"": ""R"" }, { ""name"": ""Kari Dorry"", ""votes"": 15, ""votes_pct"": 8.430000, ""party"": ""DFL"" }, { ""name"": ""Ashley Klingbeil"", ""votes"": 3, ""votes_pct"": 1.690000, ""party"": ""WTP"" }, { ""name"": ""WRITE-IN"", ""votes"": 0, ""votes_pct"": 0, ""party"": ""WI"" } ]"
"730440","6","14",14A,Stearns,Waite Park P-1,0.962797392043344,R,"7.85",-7.85,688.618400381118,"663","[ { ""name"": ""Tama Theis"", ""votes"": 356, ""votes_pct"": 53.700000, ""party"": ""R"" }, { ""name"": ""Aric Putnam"", ""votes"": 304, ""votes_pct"": 45.850000, ""party"": ""DFL"" }, { ""name"": ""WRITE-IN"", ""votes"": 3, ""votes_pct"": 0.450000, ""party"": ""WI"" } ]"
"730441","6","14",14A,Stearns,Waite Park P-2,1.23694119908845,DFL,"10.62",10.62,936.1803138689,"1158","[ { ""name"": ""Aric Putnam"", ""votes"": 639, ""votes_pct"": 55.180000, ""party"": ""DFL"" }, { ""name"": ""Tama Theis"", ""votes"": 516, ""votes_pct"": 44.560000, ""party"": ""R"" }, { ""name"": ""WRITE-IN"", ""votes"": 3, ""votes_pct"": 0.260000, ""party"": ""WI"" } ]"
"730442","6","14",14A,Stearns,Waite Park P-3,6.44304313868787,R,"7.62",-7.62,63.1689081136411,"407","[ { ""name"": ""Tama Theis"", ""votes"": 219, ""votes_pct"": 53.810000, ""party"": ""R"" }, { ""name"": ""Aric Putnam"", ""votes"": 188, ""votes_pct"": 46.190000, ""party"": ""DFL"" }, { ""name"": ""WRITE-IN"", ""votes"": 0, ""votes_pct"": 0, ""party"": ""WI"" } ]"
"730443","6","14",14A,Stearns,Waite Park P-4,3.89874060403542,R,"48.52",-48.52,25.9058014517455,"101","[ { ""name"": ""Tama Theis"", ""votes"": 75, ""votes_pct"": 74.260000, ""party"": ""R"" }, { ""name"": ""Aric Putnam"", ""votes"": 26, ""votes_pct"": 25.740000, ""party"": ""DFL"" }, { ""name"": ""WRITE-IN"", ""votes"": 0, ""votes_pct"": 0, ""party"": ""WI"" } ]"
"730445","7","13",13A,Stearns,Wakefield Twp,32.2659826147187,R,"50.03",-50.03,50.0527140079499,"1615","[ { ""name"": ""Jeff Howe"", ""votes"": 1211, ""votes_pct"": 74.980000, ""party"": ""R"" }, { ""name"": ""Alissa Brickman"", ""votes"": 403, ""votes_pct"": 24.950000, ""party"": ""DFL"" }, { ""name"": ""WRITE-IN"", ""votes"": 1, ""votes_pct"": 0.060000, ""party"": ""WI"" } ]"
"730450","7","12",12A,Stearns,Zion Twp,35.4538120673108,R,"77.50",-77.5,4.51291386371181,"160","[ { ""name"": ""Torrey Westrom"", ""votes"": 141, ""votes_pct"": 88.130000, ""party"": ""R"" }, { ""name"": ""Kari Dorry"", ""votes"": 17, ""votes_pct"": 10.630000, ""party"": ""DFL"" }, { ""name"": ""Ashley Klingbeil"", ""votes"": 2, ""votes_pct"": 1.250000, ""party"": ""WTP"" }, { ""name"": ""WRITE-IN"", ""votes"": 0, ""votes_pct"": 0, ""party"": ""WI"" } ]"
"740005","1","23",23A,Steele,Aurora Twp,36.0167430746109,R,"52.19",-52.19,7.60757293996274,"274","[ { ""name"": ""Gene Dornink"", ""votes"": 208, ""votes_pct"": 75.910000, ""party"": ""R"" }, { ""name"": ""Brandon Lawhead"", ""votes"": 65, ""votes_pct"": 23.720000, ""party"": ""DFL"" }, { ""name"": ""WRITE-IN"", ""votes"": 1, ""votes_pct"": 0.360000, ""party"": ""WI"" } ]"
"740010","1","23",23A,Steele,Berlin Twp,35.3147317365457,R,"48.52",-48.52,7.70216809316773,"272","[ { ""name"": ""Gene Dornink"", ""votes"": 202, ""votes_pct"": 74.260000, ""party"": ""R"" }, { ""name"": ""Brandon Lawhead"", ""votes"": 70, ""votes_pct"": 25.740000, ""party"": ""DFL"" }, { ""name"": ""WRITE-IN"", ""votes"": 0, ""votes_pct"": 0, ""party"": ""WI"" } ]"
"740015","1","23",23B,Steele,Blooming Prairie,1.35064598658818,R,"27.13",-27.13,635.99196868003,"859","[ { ""name"": ""Gene Dornink"", ""votes"": 545, ""votes_pct"": 63.450000, ""party"": ""R"" }, { ""name"": ""Brandon Lawhead"", ""votes"": 312, ""votes_pct"": 36.320000, ""party"": ""DFL"" }, { ""name"": ""WRITE-IN"", ""votes"": 2, ""votes_pct"": 0.230000, ""party"": ""WI"" } ]"
"740020","1","23",23B,Steele,Blooming Prairie Twp,34.8294073066969,R,"42.26",-42.26,6.86201742956579,"239","[ { ""name"": ""Gene Dornink"", ""votes"": 170, ""votes_pct"": 71.130000, ""party"": ""R"" }, { ""name"": ""Brandon Lawhead"", ""votes"": 69, ""votes_pct"": 28.870000, ""party"": ""DFL"" }, { ""name"": ""WRITE-IN"", ""votes"": 0, ""votes_pct"": 0, ""party"": ""WI"" } ]"
"740025","1","19",19B,Steele,Clinton Falls Twp,15.3695907233283,R,"55.36",-55.36,15.1598051109031,"233","[ { ""name"": ""John R. Jasinski"", ""votes"": 181, ""votes_pct"": 77.680000, ""party"": ""R"" }, { ""name"": ""Kate E. Falvey"", ""votes"": 52, ""votes_pct"": 22.320000, ""party"": ""DFL"" }, { ""name"": ""WRITE-IN"", ""votes"": 0, ""votes_pct"": 0, ""party"": ""WI"" } ]"
"740030","1","19",19B,Steele,Deerfield Twp,35.8145291873269,R,"61.20",-61.2,8.34856709789731,"299","[ { ""name"": ""John R. Jasinski"", ""votes"": 241, ""votes_pct"": 80.600000, ""party"": ""R"" }, { ""name"": ""Kate E. Falvey"", ""votes"": 58, ""votes_pct"": 19.400000, ""party"": ""DFL"" }, { ""name"": ""WRITE-IN"", ""votes"": 0, ""votes_pct"": 0, ""party"": ""WI"" } ]"
"740035","1","23",23A,Steele,Ellendale,0.833768741122317,R,"44.72",-44.72,329.827668556906,"275","[ { ""name"": ""Gene Dornink"", ""votes"": 199, ""votes_pct"": 72.360000, ""party"": ""R"" }, { ""name"": ""Brandon Lawhead"", ""votes"": 76, ""votes_pct"": 27.640000, ""party"": ""DFL"" }, { ""name"": ""WRITE-IN"", ""votes"": 0, ""votes_pct"": 0, ""party"": ""WI"" } ]"
"740040","1","19",19B,Steele,Havana Twp,35.9523827307473,R,"59.24",-59.24,8.73377440242534,"314","[ { ""name"": ""John R. Jasinski"", ""votes"": 250, ""votes_pct"": 79.620000, ""party"": ""R"" }, { ""name"": ""Kate E. Falvey"", ""votes"": 64, ""votes_pct"": 20.380000, ""party"": ""DFL"" }, { ""name"": ""WRITE-IN"", ""votes"": 0, ""votes_pct"": 0, ""party"": ""WI"" } ]"
"740045","1","23",23A,Steele,Lemond Twp,36.0889755412586,R,"46.52",-46.52,7.5646370091025,"273","[ { ""name"": ""Gene Dornink"", ""votes"": 200, ""votes_pct"": 73.260000, ""party"": ""R"" }, { ""name"": ""Brandon Lawhead"", ""votes"": 73, ""votes_pct"": 26.740000, ""party"": ""DFL"" }, { ""name"": ""WRITE-IN"", ""votes"": 0, ""votes_pct"": 0, ""party"": ""WI"" } ]"
"740050","1","19",19B,Steele,Medford,1.17774321148727,R,"44.42",-44.42,479.731060632912,"565","[ { ""name"": ""John R. Jasinski"", ""votes"": 408, ""votes_pct"": 72.210000, ""party"": ""R"" }, { ""name"": ""Kate E. Falvey"", ""votes"": 157, ""votes_pct"": 27.790000, ""party"": ""DFL"" }, { ""name"": ""WRITE-IN"", ""votes"": 0, ""votes_pct"": 0, ""party"": ""WI"" } ]"
"740055","1","19",19B,Steele,Medford Twp,16.6263128330528,R,"49.81",-49.81,15.4574259837749,"257","[ { ""name"": ""John R. Jasinski"", ""votes"": 192, ""votes_pct"": 74.710000, ""party"": ""R"" }, { ""name"": ""Kate E. Falvey"", ""votes"": 64, ""votes_pct"": 24.900000, ""party"": ""DFL"" }, { ""name"": ""WRITE-IN"", ""votes"": 1, ""votes_pct"": 0.390000, ""party"": ""WI"" } ]"
"740060","1","19",19B,Steele,Meriden Twp,36.0464858093855,R,"49.84",-49.84,8.73871593657496,"315","[ { ""name"": ""John R. Jasinski"", ""votes"": 236, ""votes_pct"": 74.920000, ""party"": ""R"" }, { ""name"": ""Kate E. Falvey"", ""votes"": 79, ""votes_pct"": 25.080000, ""party"": ""DFL"" }, { ""name"": ""WRITE-IN"", ""votes"": 0, ""votes_pct"": 0, ""party"": ""WI"" } ]"
"740065","1","19",19B,Steele,Merton Twp,35.8837627785952,R,"59.38",-59.38,5.35060944373785,"192","[ { ""name"": ""John R. Jasinski"", ""votes"": 153, ""votes_pct"": 79.690000, ""party"": ""R"" }, { ""name"": ""Kate E. Falvey"", ""votes"": 39, ""votes_pct"": 20.310000, ""party"": ""DFL"" }, { ""name"": ""WRITE-IN"", ""votes"": 0, ""votes_pct"": 0, ""party"": ""WI"" } ]"
"740070","1","19",19B,Steele,Owatonna W-1 P-1,0.825161981238738,R,"10.83",-10.83,1387.60634400669,"1145","[ { ""name"": ""John R. Jasinski"", ""votes"": 634, ""votes_pct"": 55.370000, ""party"": ""R"" }, { ""name"": ""Kate E. Falvey"", ""votes"": 510, ""votes_pct"": 44.540000, ""party"": ""DFL"" }, { ""name"": ""WRITE-IN"", ""votes"": 1, ""votes_pct"": 0.090000, ""party"": ""WI"" } ]"
"740075","1","19",19B,Steele,Owatonna W-1 P-2,0.882358143938271,R,"30.56",-30.56,1524.32434521066,"1345","[ { ""name"": ""John R. Jasinski"", ""votes"": 878, ""votes_pct"": 65.280000, ""party"": ""R"" }, { ""name"": ""Kate E. Falvey"", ""votes"": 467, ""votes_pct"": 34.720000, ""party"": ""DFL"" }, { ""name"": ""WRITE-IN"", ""votes"": 0, ""votes_pct"": 0, ""party"": ""WI"" } ]"
"740085","1","19",19B,Steele,Owatonna W-2 P-1,0.840686474660175,R,"19.14",-19.14,1056.27963190314,"888","[ { ""name"": ""John R. Jasinski"", ""votes"": 529, ""votes_pct"": 59.570000, ""party"": ""R"" }, { ""name"": ""Kate E. Falvey"", ""votes"": 359, ""votes_pct"": 40.430000, ""party"": ""DFL"" }, { ""name"": ""WRITE-IN"", ""votes"": 0, ""votes_pct"": 0, ""party"": ""WI"" } ]"
"740090","1","19",19B,Steele,Owatonna W-2 P-2,1.57544855346879,R,"25.64",-25.64,893.71372800457,"1408","[ { ""name"": ""John R. Jasinski"", ""votes"": 884, ""votes_pct"": 62.780000, ""party"": ""R"" }, { ""name"": ""Kate E. Falvey"", ""votes"": 523, ""votes_pct"": 37.140000, ""party"": ""DFL"" }, { ""name"": ""WRITE-IN"", ""votes"": 1, ""votes_pct"": 0.070000, ""party"": ""WI"" } ]"
"740100","1","19",19B,Steele,Owatonna W-3 P-1,1.71127379175538,R,"21.90",-21.9,442.944900840479,"758","[ { ""name"": ""John R. Jasinski"", ""votes"": 462, ""votes_pct"": 60.950000, ""party"": ""R"" }, { ""name"": ""Kate E. Falvey"", ""votes"": 296, ""votes_pct"": 39.050000, ""party"": ""DFL"" }, { ""name"": ""WRITE-IN"", ""votes"": 0, ""votes_pct"": 0, ""party"": ""WI"" } ]"
"740105","1","19",19B,Steele,Owatonna W-3 P-2,5.75885849920524,R,"21.64",-21.64,144.473075717145,"832","[ { ""name"": ""John R. Jasinski"", ""votes"": 506, ""votes_pct"": 60.820000, ""party"": ""R"" }, { ""name"": ""Kate E. Falvey"", ""votes"": 326, ""votes_pct"": 39.180000, ""party"": ""DFL"" }, { ""name"": ""WRITE-IN"", ""votes"": 0, ""votes_pct"": 0, ""party"": ""WI"" } ]"
"740115","1","19",19B,Steele,Owatonna W-4 P-1,0.69267771701271,R,"16.67",-16.67,1637.1249892238,"1134","[ { ""name"": ""John R. Jasinski"", ""votes"": 661, ""votes_pct"": 58.290000, ""party"": ""R"" }, { ""name"": ""Kate E. Falvey"", ""votes"": 472, ""votes_pct"": 41.620000, ""party"": ""DFL"" }, { ""name"": ""WRITE-IN"", ""votes"": 1, ""votes_pct"": 0.090000, ""party"": ""WI"" } ]"
"740120","1","19",19B,Steele,Owatonna W-4 P-2,1.31942019280243,R,"22.64",-22.64,864.015880777646,"1140","[ { ""name"": ""John R. Jasinski"", ""votes"": 699, ""votes_pct"": 61.320000, ""party"": ""R"" }, { ""name"": ""Kate E. Falvey"", ""votes"": 441, ""votes_pct"": 38.680000, ""party"": ""DFL"" }, { ""name"": ""WRITE-IN"", ""votes"": 0, ""votes_pct"": 0, ""party"": ""WI"" } ]"
"740130","1","19",19B,Steele,Owatonna W-5 P-1,0.926977459948254,R,"20.68",-20.68,1158.60422330005,"1074","[ { ""name"": ""John R. Jasinski"", ""votes"": 648, ""votes_pct"": 60.340000, ""party"": ""R"" }, { ""name"": ""Kate E. Falvey"", ""votes"": 426, ""votes_pct"": 39.660000, ""party"": ""DFL"" }, { ""name"": ""WRITE-IN"", ""votes"": 0, ""votes_pct"": 0, ""party"": ""WI"" } ]"
"740135","1","19",19B,Steele,Owatonna W-5 P-2,0.664701080209452,R,"33.87",-33.87,1967.80182693225,"1308","[ { ""name"": ""John R. Jasinski"", ""votes"": 875, ""votes_pct"": 66.900000, ""party"": ""R"" }, { ""name"": ""Kate E. Falvey"", ""votes"": 432, ""votes_pct"": 33.030000, ""party"": ""DFL"" }, { ""name"": ""WRITE-IN"", ""votes"": 1, ""votes_pct"": 0.080000, ""party"": ""WI"" } ]"
"740145","1","19",19B,Steele,Owatonna Twp,23.3499788215036,R,"60.22",-60.22,15.9314919659548,"372","[ { ""name"": ""John R. Jasinski"", ""votes"": 298, ""votes_pct"": 80.110000, ""party"": ""R"" }, { ""name"": ""Kate E. Falvey"", ""votes"": 74, ""votes_pct"": 19.890000, ""party"": ""DFL"" }, { ""name"": ""WRITE-IN"", ""votes"": 0, ""votes_pct"": 0, ""party"": ""WI"" } ]"
"740150","1","23",23A,Steele,Somerset Twp,36.0039763209684,R,"37.80",-37.8,11.6098287665121,"418","[ { ""name"": ""Gene Dornink"", ""votes"": 288, ""votes_pct"": 68.900000, ""party"": ""R"" }, { ""name"": ""Brandon Lawhead"", ""votes"": 130, ""votes_pct"": 31.100000, ""party"": ""DFL"" }, { ""name"": ""WRITE-IN"", ""votes"": 0, ""votes_pct"": 0, ""party"": ""WI"" } ]"
"740155","1","23",23A,Steele,Summit Twp,36.0521551195463,R,"49.52",-49.52,5.71394412669421,"206","[ { ""name"": ""Gene Dornink"", ""votes"": 154, ""votes_pct"": 74.760000, ""party"": ""R"" }, { ""name"": ""Brandon Lawhead"", ""votes"": 52, ""votes_pct"": 25.240000, ""party"": ""DFL"" }, { ""name"": ""WRITE-IN"", ""votes"": 0, ""votes_pct"": 0, ""party"": ""WI"" } ]"
"750005","7","12",12A,Stevens,Alberta,0.265079383085989,R,"70.58",-70.58,128.26346434106,"34","[ { ""name"": ""Torrey Westrom"", ""votes"": 29, ""votes_pct"": 85.290000, ""party"": ""R"" }, { ""name"": ""Kari Dorry"", ""votes"": 5, ""votes_pct"": 14.710000, ""party"": ""DFL"" }, { ""name"": ""Ashley Klingbeil"", ""votes"": 0, ""votes_pct"": 0, ""party"": ""WTP"" }, { ""name"": ""WRITE-IN"", ""votes"": 0, ""votes_pct"": 0, ""party"": ""WI"" } ]"
"750010","7","12",12A,Stevens,Baker Twp,35.6569102609691,R,"52.38",-52.38,1.76683844839358,"63","[ { ""name"": ""Torrey Westrom"", ""votes"": 47, ""votes_pct"": 74.600000, ""party"": ""R"" }, { ""name"": ""Kari Dorry"", ""votes"": 14, ""votes_pct"": 22.220000, ""party"": ""DFL"" }, { ""name"": ""Ashley Klingbeil"", ""votes"": 2, ""votes_pct"": 3.170000, ""party"": ""WTP"" }, { ""name"": ""WRITE-IN"", ""votes"": 0, ""votes_pct"": 0, ""party"": ""WI"" } ]"
"750015","7","12",12A,Stevens,Chokio,0.439979419587708,R,"48.04",-48.04,463.658050622373,"204","[ { ""name"": ""Torrey Westrom"", ""votes"": 147, ""votes_pct"": 72.060000, ""party"": ""R"" }, { ""name"": ""Kari Dorry"", ""votes"": 49, ""votes_pct"": 24.020000, ""party"": ""DFL"" }, { ""name"": ""Ashley Klingbeil"", ""votes"": 8, ""votes_pct"": 3.920000, ""party"": ""WTP"" }, { ""name"": ""WRITE-IN"", ""votes"": 0, ""votes_pct"": 0, ""party"": ""WI"" } ]"
"750020","7","12",12A,Stevens,Darnen Twp,33.2037067604685,R,"70.87",-70.87,4.54768502472672,"151","[ { ""name"": ""Torrey Westrom"", ""votes"": 127, ""votes_pct"": 84.110000, ""party"": ""R"" }, { ""name"": ""Kari Dorry"", ""votes"": 20, ""votes_pct"": 13.240000, ""party"": ""DFL"" }, { ""name"": ""Ashley Klingbeil"", ""votes"": 4, ""votes_pct"": 2.650000, ""party"": ""WTP"" }, { ""name"": ""WRITE-IN"", ""votes"": 0, ""votes_pct"": 0, ""party"": ""WI"" } ]"
"750025","7","12",12A,Stevens,Donnelly,3.1121157679622,R,"31.69",-31.69,32.4538055556122,"101","[ { ""name"": ""Torrey Westrom"", ""votes"": 64, ""votes_pct"": 63.370000, ""party"": ""R"" }, { ""name"": ""Kari Dorry"", ""votes"": 32, ""votes_pct"": 31.680000, ""party"": ""DFL"" }, { ""name"": ""Ashley Klingbeil"", ""votes"": 5, ""votes_pct"": 4.950000, ""party"": ""WTP"" }, { ""name"": ""WRITE-IN"", ""votes"": 0, ""votes_pct"": 0, ""party"": ""WI"" } ]"
"750030","7","12",12A,Stevens,Donnelly Twp,33.9905698956896,R,"46.94",-46.94,1.44157630043778,"49","[ { ""name"": ""Torrey Westrom"", ""votes"": 36, ""votes_pct"": 73.470000, ""party"": ""R"" }, { ""name"": ""Kari Dorry"", ""votes"": 13, ""votes_pct"": 26.530000, ""party"": ""DFL"" }, { ""name"": ""Ashley Klingbeil"", ""votes"": 0, ""votes_pct"": 0, ""party"": ""WTP"" }, { ""name"": ""WRITE-IN"", ""votes"": 0, ""votes_pct"": 0, ""party"": ""WI"" } ]"
"750035","7","12",12A,Stevens,Eldorado Twp,36.0849071537826,R,"75.44",-75.44,1.57960777776381,"57","[ { ""name"": ""Torrey Westrom"", ""votes"": 50, ""votes_pct"": 87.720000, ""party"": ""R"" }, { ""name"": ""Kari Dorry"", ""votes"": 7, ""votes_pct"": 12.280000, ""party"": ""DFL"" }, { ""name"": ""Ashley Klingbeil"", ""votes"": 0, ""votes_pct"": 0, ""party"": ""WTP"" }, { ""name"": ""WRITE-IN"", ""votes"": 0, ""votes_pct"": 0, ""party"": ""WI"" } ]"
"750040","7","12",12A,Stevens,Everglade Twp,36.063974333673,R,"44.68",-44.68,1.30323961427945,"47","[ { ""name"": ""Torrey Westrom"", ""votes"": 33, ""votes_pct"": 70.210000, ""party"": ""R"" }, { ""name"": ""Kari Dorry"", ""votes"": 12, ""votes_pct"": 25.530000, ""party"": ""DFL"" }, { ""name"": ""Ashley Klingbeil"", ""votes"": 2, ""votes_pct"": 4.260000, ""party"": ""WTP"" }, { ""name"": ""WRITE-IN"", ""votes"": 0, ""votes_pct"": 0, ""party"": ""WI"" } ]"
"750045","7","12",12A,Stevens,Framnas Twp,36.086691240068,R,"44.16",-44.16,5.4590762752243,"197","[ { ""name"": ""Torrey Westrom"", ""votes"": 139, ""votes_pct"": 70.560000, ""party"": ""R"" }, { ""name"": ""Kari Dorry"", ""votes"": 52, ""votes_pct"": 26.400000, ""party"": ""DFL"" }, { ""name"": ""Ashley Klingbeil"", ""votes"": 6, ""votes_pct"": 3.050000, ""party"": ""WTP"" }, { ""name"": ""WRITE-IN"", ""votes"": 0, ""votes_pct"": 0, ""party"": ""WI"" } ]"
"750050","7","12",12A,Stevens,Hancock,0.90968771706813,R,"58.24",-58.24,300.102985758523,"273","[ { ""name"": ""Torrey Westrom"", ""votes"": 213, ""votes_pct"": 78.020000, ""party"": ""R"" }, { ""name"": ""Kari Dorry"", ""votes"": 54, ""votes_pct"": 19.780000, ""party"": ""DFL"" }, { ""name"": ""Ashley Klingbeil"", ""votes"": 6, ""votes_pct"": 2.200000, ""party"": ""WTP"" }, { ""name"": ""WRITE-IN"", ""votes"": 0, ""votes_pct"": 0, ""party"": ""WI"" } ]"
"750055","7","12",12A,Stevens,Hodges Twp,35.4983770949465,R,"81.59",-81.59,4.59175921096417,"163","[ { ""name"": ""Torrey Westrom"", ""votes"": 146, ""votes_pct"": 89.570000, ""party"": ""R"" }, { ""name"": ""Kari Dorry"", ""votes"": 13, ""votes_pct"": 7.980000, ""party"": ""DFL"" }, { ""name"": ""Ashley Klingbeil"", ""votes"": 4, ""votes_pct"": 2.450000, ""party"": ""WTP"" }, { ""name"": ""WRITE-IN"", ""votes"": 0, ""votes_pct"": 0, ""party"": ""WI"" } ]"
"750060","7","12",12A,Stevens,Horton Twp,35.8862378654251,R,"83.33",-83.33,2.50792519231199,"90","[ { ""name"": ""Torrey Westrom"", ""votes"": 81, ""votes_pct"": 90, ""party"": ""R"" }, { ""name"": ""Kari Dorry"", ""votes"": 6, ""votes_pct"": 6.670000, ""party"": ""DFL"" }, { ""name"": ""Ashley Klingbeil"", ""votes"": 3, ""votes_pct"": 3.330000, ""party"": ""WTP"" }, { ""name"": ""WRITE-IN"", ""votes"": 0, ""votes_pct"": 0, ""party"": ""WI"" } ]"
"750065","7","12",12A,Stevens,Moore Twp,35.4086372805937,R,"77.67",-77.67,2.90889477569505,"103","[ { ""name"": ""Torrey Westrom"", ""votes"": 91, ""votes_pct"": 88.350000, ""party"": ""R"" }, { ""name"": ""Kari Dorry"", ""votes"": 11, ""votes_pct"": 10.680000, ""party"": ""DFL"" }, { ""name"": ""WRITE-IN"", ""votes"": 1, ""votes_pct"": 0.970000, ""party"": ""WI"" }, { ""name"": ""Ashley Klingbeil"", ""votes"": 0, ""votes_pct"": 0, ""party"": ""WTP"" } ]"
"750070","7","12",12A,Stevens,Morris P-1,1.46009776973089,R,"12.35",-12.35,404.767415067642,"591","[ { ""name"": ""Torrey Westrom"", ""votes"": 325, ""votes_pct"": 54.990000, ""party"": ""R"" }, { ""name"": ""Kari Dorry"", ""votes"": 252, ""votes_pct"": 42.640000, ""party"": ""DFL"" }, { ""name"": ""Ashley Klingbeil"", ""votes"": 14, ""votes_pct"": 2.370000, ""party"": ""WTP"" }, { ""name"": ""WRITE-IN"", ""votes"": 0, ""votes_pct"": 0, ""party"": ""WI"" } ]"
"750075","7","12",12A,Stevens,Morris P-2,1.58886013465565,DFL,"11.19",11.19,360.006515063057,"572","[ { ""name"": ""Kari Dorry"", ""votes"": 309, ""votes_pct"": 54.020000, ""party"": ""DFL"" }, { ""name"": ""Torrey Westrom"", ""votes"": 245, ""votes_pct"": 42.830000, ""party"": ""R"" }, { ""name"": ""Ashley Klingbeil"", ""votes"": 18, ""votes_pct"": 3.150000, ""party"": ""WTP"" }, { ""name"": ""WRITE-IN"", ""votes"": 0, ""votes_pct"": 0, ""party"": ""WI"" } ]"
"750080","7","12",12A,Stevens,Morris P-3,1.8601689038524,R,"14.21",-14.21,404.801950210296,"753","[ { ""name"": ""Torrey Westrom"", ""votes"": 423, ""votes_pct"": 56.180000, ""party"": ""R"" }, { ""name"": ""Kari Dorry"", ""votes"": 316, ""votes_pct"": 41.970000, ""party"": ""DFL"" }, { ""name"": ""Ashley Klingbeil"", ""votes"": 14, ""votes_pct"": 1.860000, ""party"": ""WTP"" }, { ""name"": ""WRITE-IN"", ""votes"": 0, ""votes_pct"": 0, ""party"": ""WI"" } ]"
"750085","7","12",12A,Stevens,Morris Twp P-1,33.5814606631776,R,"63.24",-63.24,5.5089920553353,"185","[ { ""name"": ""Torrey Westrom"", ""votes"": 150, ""votes_pct"": 81.080000, ""party"": ""R"" }, { ""name"": ""Kari Dorry"", ""votes"": 33, ""votes_pct"": 17.840000, ""party"": ""DFL"" }, { ""name"": ""Ashley Klingbeil"", ""votes"": 2, ""votes_pct"": 1.080000, ""party"": ""WTP"" }, { ""name"": ""WRITE-IN"", ""votes"": 0, ""votes_pct"": 0, ""party"": ""WI"" } ]"
"750086","7","12",12A,Stevens,Morris Twp P-2,0.149921764547584,even,"0.00",0,0,"0","[ { ""name"": ""Torrey Westrom"", ""votes"": 0, ""votes_pct"": 0, ""party"": ""R"" }, { ""name"": ""Kari Dorry"", ""votes"": 0, ""votes_pct"": 0, ""party"": ""DFL"" }, { ""name"": ""Ashley Klingbeil"", ""votes"": 0, ""votes_pct"": 0, ""party"": ""WTP"" }, { ""name"": ""WRITE-IN"", ""votes"": 0, ""votes_pct"": 0, ""party"": ""WI"" } ]"
"750090","7","12",12A,Stevens,Pepperton Twp,36.0636925751131,R,"53.03",-53.03,1.83009545854285,"66","[ { ""name"": ""Torrey Westrom"", ""votes"": 50, ""votes_pct"": 75.760000, ""party"": ""R"" }, { ""name"": ""Kari Dorry"", ""votes"": 15, ""votes_pct"": 22.730000, ""party"": ""DFL"" }, { ""name"": ""Ashley Klingbeil"", ""votes"": 1, ""votes_pct"": 1.520000, ""party"": ""WTP"" }, { ""name"": ""WRITE-IN"", ""votes"": 0, ""votes_pct"": 0, ""party"": ""WI"" } ]"
"750095","7","12",12A,Stevens,Rendsville Twp,35.0603830377286,R,"68.83",-68.83,2.19621103161195,"77","[ { ""name"": ""Torrey Westrom"", ""votes"": 64, ""votes_pct"": 83.120000, ""party"": ""R"" }, { ""name"": ""Kari Dorry"", ""votes"": 11, ""votes_pct"": 14.290000, ""party"": ""DFL"" }, { ""name"": ""Ashley Klingbeil"", ""votes"": 2, ""votes_pct"": 2.600000, ""party"": ""WTP"" }, { ""name"": ""WRITE-IN"", ""votes"": 0, ""votes_pct"": 0, ""party"": ""WI"" } ]"
"750100","7","12",12A,Stevens,Scott Twp,35.5112792488397,R,"42.03",-42.03,1.94304461735927,"69","[ { ""name"": ""Torrey Westrom"", ""votes"": 48, ""votes_pct"": 69.570000, ""party"": ""R"" }, { ""name"": ""Kari Dorry"", ""votes"": 19, ""votes_pct"": 27.540000, ""party"": ""DFL"" }, { ""name"": ""Ashley Klingbeil"", ""votes"": 2, ""votes_pct"": 2.900000, ""party"": ""WTP"" }, { ""name"": ""WRITE-IN"", ""votes"": 0, ""votes_pct"": 0, ""party"": ""WI"" } ]"
"750105","7","12",12A,Stevens,Stevens Twp,35.9220319621406,R,"63.64",-63.64,0.918656272974195,"33","[ { ""name"": ""Torrey Westrom"", ""votes"": 27, ""votes_pct"": 81.820000, ""party"": ""R"" }, { ""name"": ""Kari Dorry"", ""votes"": 6, ""votes_pct"": 18.180000, ""party"": ""DFL"" }, { ""name"": ""Ashley Klingbeil"", ""votes"": 0, ""votes_pct"": 0, ""party"": ""WTP"" }, { ""name"": ""WRITE-IN"", ""votes"": 0, ""votes_pct"": 0, ""party"": ""WI"" } ]"
"750110","7","12",12A,Stevens,Swan Lake Twp,35.9903199019607,R,"67.50",-67.5,3.33422987978116,"120","[ { ""name"": ""Torrey Westrom"", ""votes"": 98, ""votes_pct"": 81.670000, ""party"": ""R"" }, { ""name"": ""Kari Dorry"", ""votes"": 17, ""votes_pct"": 14.170000, ""party"": ""DFL"" }, { ""name"": ""Ashley Klingbeil"", ""votes"": 5, ""votes_pct"": 4.170000, ""party"": ""WTP"" }, { ""name"": ""WRITE-IN"", ""votes"": 0, ""votes_pct"": 0, ""party"": ""WI"" } ]"
"750115","7","12",12A,Stevens,Synnes Twp,35.8967370661614,R,"79.48",-79.48,1.08644972182622,"39","[ { ""name"": ""Torrey Westrom"", ""votes"": 35, ""votes_pct"": 89.740000, ""party"": ""R"" }, { ""name"": ""Kari Dorry"", ""votes"": 4, ""votes_pct"": 10.260000, ""party"": ""DFL"" }, { ""name"": ""Ashley Klingbeil"", ""votes"": 0, ""votes_pct"": 0, ""party"": ""WTP"" }, { ""name"": ""WRITE-IN"", ""votes"": 0, ""votes_pct"": 0, ""party"": ""WI"" } ]"
"760005","7","12",12A,Swift,Appleton,2.07095996287967,R,"14.07",-14.07,257.368567984706,"533","[ { ""name"": ""Torrey Westrom"", ""votes"": 284, ""votes_pct"": 53.280000, ""party"": ""R"" }, { ""name"": ""Kari Dorry"", ""votes"": 209, ""votes_pct"": 39.210000, ""party"": ""DFL"" }, { ""name"": ""Ashley Klingbeil"", ""votes"": 38, ""votes_pct"": 7.130000, ""party"": ""WTP"" }, { ""name"": ""WRITE-IN"", ""votes"": 2, ""votes_pct"": 0.380000, ""party"": ""WI"" } ]"
"760010","7","12",12A,Swift,Appleton Twp,31.9394985141375,R,"29.62",-29.62,3.38139310334492,"108","[ { ""name"": ""Torrey Westrom"", ""votes"": 70, ""votes_pct"": 64.810000, ""party"": ""R"" }, { ""name"": ""Kari Dorry"", ""votes"": 38, ""votes_pct"": 35.190000, ""party"": ""DFL"" }, { ""name"": ""Ashley Klingbeil"", ""votes"": 0, ""votes_pct"": 0, ""party"": ""WTP"" }, { ""name"": ""WRITE-IN"", ""votes"": 0, ""votes_pct"": 0, ""party"": ""WI"" } ]"
"760015","7","12",12A,Swift,Benson P-1,1.39254803280965,R,"21.11",-21.11,438.764039447334,"611","[ { ""name"": ""Torrey Westrom"", ""votes"": 355, ""votes_pct"": 58.100000, ""party"": ""R"" }, { ""name"": ""Kari Dorry"", ""votes"": 226, ""votes_pct"": 36.990000, ""party"": ""DFL"" }, { ""name"": ""Ashley Klingbeil"", ""votes"": 30, ""votes_pct"": 4.910000, ""party"": ""WTP"" }, { ""name"": ""WRITE-IN"", ""votes"": 0, ""votes_pct"": 0, ""party"": ""WI"" } ]"
"760020","7","12",12A,Swift,Benson P-2,1.73359274626266,R,"19.08",-19.08,323.605414945017,"561","[ { ""name"": ""Torrey Westrom"", ""votes"": 312, ""votes_pct"": 55.620000, ""party"": ""R"" }, { ""name"": ""Kari Dorry"", ""votes"": 205, ""votes_pct"": 36.540000, ""party"": ""DFL"" }, { ""name"": ""Ashley Klingbeil"", ""votes"": 44, ""votes_pct"": 7.840000, ""party"": ""WTP"" }, { ""name"": ""WRITE-IN"", ""votes"": 0, ""votes_pct"": 0, ""party"": ""WI"" } ]"
"760025","7","12",12A,Swift,Benson Twp,36.0502139959662,R,"31.38",-31.38,3.80025483386394,"137","[ { ""name"": ""Torrey Westrom"", ""votes"": 88, ""votes_pct"": 64.230000, ""party"": ""R"" }, { ""name"": ""Kari Dorry"", ""votes"": 45, ""votes_pct"": 32.850000, ""party"": ""DFL"" }, { ""name"": ""Ashley Klingbeil"", ""votes"": 4, ""votes_pct"": 2.920000, ""party"": ""WTP"" }, { ""name"": ""WRITE-IN"", ""votes"": 0, ""votes_pct"": 0, ""party"": ""WI"" } ]"
"760030","7","12",12A,Swift,Camp Lake Twp,35.7022699764974,R,"2.36",-2.36,2.38080099825459,"85","[ { ""name"": ""Torrey Westrom"", ""votes"": 41, ""votes_pct"": 48.240000, ""party"": ""R"" }, { ""name"": ""Kari Dorry"", ""votes"": 39, ""votes_pct"": 45.880000, ""party"": ""DFL"" }, { ""name"": ""Ashley Klingbeil"", ""votes"": 5, ""votes_pct"": 5.880000, ""party"": ""WTP"" }, { ""name"": ""WRITE-IN"", ""votes"": 0, ""votes_pct"": 0, ""party"": ""WI"" } ]"
"760035","7","12",12A,Swift,Cashel Twp,35.8796811992405,R,"57.53",-57.53,2.03457772087299,"73","[ { ""name"": ""Torrey Westrom"", ""votes"": 57, ""votes_pct"": 78.080000, ""party"": ""R"" }, { ""name"": ""Kari Dorry"", ""votes"": 15, ""votes_pct"": 20.550000, ""party"": ""DFL"" }, { ""name"": ""Ashley Klingbeil"", ""votes"": 1, ""votes_pct"": 1.370000, ""party"": ""WTP"" }, { ""name"": ""WRITE-IN"", ""votes"": 0, ""votes_pct"": 0, ""party"": ""WI"" } ]"
"760040","7","12",12A,Swift,Clontarf,2.10117532959477,even,"0.00",0,23.796205531141,"50","[ { ""name"": ""Torrey Westrom"", ""votes"": 21, ""votes_pct"": 42, ""party"": ""R"" }, { ""name"": ""Kari Dorry"", ""votes"": 21, ""votes_pct"": 42, ""party"": ""DFL"" }, { ""name"": ""Ashley Klingbeil"", ""votes"": 8, ""votes_pct"": 16, ""party"": ""WTP"" }, { ""name"": ""WRITE-IN"", ""votes"": 0, ""votes_pct"": 0, ""party"": ""WI"" } ]"
"760045","7","12",12A,Swift,Clontarf Twp,33.889192767839,DFL,"2.44",2.44,1.20982521716803,"41","[ { ""name"": ""Kari Dorry"", ""votes"": 19, ""votes_pct"": 46.340000, ""party"": ""DFL"" }, { ""name"": ""Torrey Westrom"", ""votes"": 18, ""votes_pct"": 43.900000, ""party"": ""R"" }, { ""name"": ""Ashley Klingbeil"", ""votes"": 4, ""votes_pct"": 9.760000, ""party"": ""WTP"" }, { ""name"": ""WRITE-IN"", ""votes"": 0, ""votes_pct"": 0, ""party"": ""WI"" } ]"
"760050","7","12",12A,Swift,Danvers,0.694978312650336,R,"32.36",-32.36,48.9223899237074,"34","[ { ""name"": ""Torrey Westrom"", ""votes"": 22, ""votes_pct"": 64.710000, ""party"": ""R"" }, { ""name"": ""Kari Dorry"", ""votes"": 11, ""votes_pct"": 32.350000, ""party"": ""DFL"" }, { ""name"": ""Ashley Klingbeil"", ""votes"": 1, ""votes_pct"": 2.940000, ""party"": ""WTP"" }, { ""name"": ""WRITE-IN"", ""votes"": 0, ""votes_pct"": 0, ""party"": ""WI"" } ]"
"760055","7","12",12A,Swift,DeGraff,0.808654688630217,R,"46.52",-46.52,53.1747365155798,"43","[ { ""name"": ""Torrey Westrom"", ""votes"": 28, ""votes_pct"": 65.120000, ""party"": ""R"" }, { ""name"": ""Ashley Klingbeil"", ""votes"": 8, ""votes_pct"": 18.600000, ""party"": ""WTP"" }, { ""name"": ""Kari Dorry"", ""votes"": 7, ""votes_pct"": 16.280000, ""party"": ""DFL"" }, { ""name"": ""WRITE-IN"", ""votes"": 0, ""votes_pct"": 0, ""party"": ""WI"" } ]"
"760060","7","12",12A,Swift,Dublin Twp,34.9036054218423,R,"28.95",-28.95,2.17742548603417,"76","[ { ""name"": ""Torrey Westrom"", ""votes"": 48, ""votes_pct"": 63.160000, ""party"": ""R"" }, { ""name"": ""Kari Dorry"", ""votes"": 26, ""votes_pct"": 34.210000, ""party"": ""DFL"" }, { ""name"": ""Ashley Klingbeil"", ""votes"": 2, ""votes_pct"": 2.630000, ""party"": ""WTP"" }, { ""name"": ""WRITE-IN"", ""votes"": 0, ""votes_pct"": 0, ""party"": ""WI"" } ]"
"760065","7","12",12A,Swift,Edison Twp,35.7673267488151,R,"46.29",-46.29,1.50975778478577,"54","[ { ""name"": ""Torrey Westrom"", ""votes"": 39, ""votes_pct"": 72.220000, ""party"": ""R"" }, { ""name"": ""Kari Dorry"", ""votes"": 14, ""votes_pct"": 25.930000, ""party"": ""DFL"" }, { ""name"": ""Ashley Klingbeil"", ""votes"": 1, ""votes_pct"": 1.850000, ""party"": ""WTP"" }, { ""name"": ""WRITE-IN"", ""votes"": 0, ""votes_pct"": 0, ""party"": ""WI"" } ]"
"760070","7","12",12A,Swift,Fairfield Twp,35.9434152799851,R,"61.76",-61.76,1.89186251418533,"68","[ { ""name"": ""Torrey Westrom"", ""votes"": 54, ""votes_pct"": 79.410000, ""party"": ""R"" }, { ""name"": ""Kari Dorry"", ""votes"": 12, ""votes_pct"": 17.650000, ""party"": ""DFL"" }, { ""name"": ""Ashley Klingbeil"", ""votes"": 2, ""votes_pct"": 2.940000, ""party"": ""WTP"" }, { ""name"": ""WRITE-IN"", ""votes"": 0, ""votes_pct"": 0, ""party"": ""WI"" } ]"
"760075","7","12",12A,Swift,Hayes Twp,35.8660533169224,R,"41.50",-41.5,2.95544087506241,"106","[ { ""name"": ""Torrey Westrom"", ""votes"": 75, ""votes_pct"": 70.750000, ""party"": ""R"" }, { ""name"": ""Kari Dorry"", ""votes"": 31, ""votes_pct"": 29.250000, ""party"": ""DFL"" }, { ""name"": ""Ashley Klingbeil"", ""votes"": 0, ""votes_pct"": 0, ""party"": ""WTP"" }, { ""name"": ""WRITE-IN"", ""votes"": 0, ""votes_pct"": 0, ""party"": ""WI"" } ]"
"760080","7","12",12A,Swift,Hegbert Twp,35.6541577430653,R,"41.31",-41.31,1.2901721120855,"46","[ { ""name"": ""Torrey Westrom"", ""votes"": 32, ""votes_pct"": 69.570000, ""party"": ""R"" }, { ""name"": ""Kari Dorry"", ""votes"": 13, ""votes_pct"": 28.260000, ""party"": ""DFL"" }, { ""name"": ""Ashley Klingbeil"", ""votes"": 1, ""votes_pct"": 2.170000, ""party"": ""WTP"" }, { ""name"": ""WRITE-IN"", ""votes"": 0, ""votes_pct"": 0, ""party"": ""WI"" } ]"
"760085","7","12",12A,Swift,Holloway,1.38967577329581,R,"36.36",-36.36,31.6620616445287,"44","[ { ""name"": ""Torrey Westrom"", ""votes"": 29, ""votes_pct"": 65.910000, ""party"": ""R"" }, { ""name"": ""Kari Dorry"", ""votes"": 13, ""votes_pct"": 29.550000, ""party"": ""DFL"" }, { ""name"": ""Ashley Klingbeil"", ""votes"": 2, ""votes_pct"": 4.550000, ""party"": ""WTP"" }, { ""name"": ""WRITE-IN"", ""votes"": 0, ""votes_pct"": 0, ""party"": ""WI"" } ]"
"760090","7","12",12A,Swift,Kerkhoven,0.846110716305426,R,"34.49",-34.49,342.744742988596,"290","[ { ""name"": ""Torrey Westrom"", ""votes"": 188, ""votes_pct"": 64.830000, ""party"": ""R"" }, { ""name"": ""Kari Dorry"", ""votes"": 88, ""votes_pct"": 30.340000, ""party"": ""DFL"" }, { ""name"": ""Ashley Klingbeil"", ""votes"": 14, ""votes_pct"": 4.830000, ""party"": ""WTP"" }, { ""name"": ""WRITE-IN"", ""votes"": 0, ""votes_pct"": 0, ""party"": ""WI"" } ]"
"760095","7","12",12A,Swift,Kerkhoven Twp,35.8937039081907,R,"27.87",-27.87,3.39892478948545,"122","[ { ""name"": ""Torrey Westrom"", ""votes"": 76, ""votes_pct"": 62.300000, ""party"": ""R"" }, { ""name"": ""Kari Dorry"", ""votes"": 42, ""votes_pct"": 34.430000, ""party"": ""DFL"" }, { ""name"": ""Ashley Klingbeil"", ""votes"": 4, ""votes_pct"": 3.280000, ""party"": ""WTP"" }, { ""name"": ""WRITE-IN"", ""votes"": 0, ""votes_pct"": 0, ""party"": ""WI"" } ]"
"760100","7","12",12A,Swift,Kildare Twp,35.0656584753875,R,"28.57",-28.57,1.59700408989343,"56","[ { ""name"": ""Torrey Westrom"", ""votes"": 33, ""votes_pct"": 58.930000, ""party"": ""R"" }, { ""name"": ""Kari Dorry"", ""votes"": 17, ""votes_pct"": 30.360000, ""party"": ""DFL"" }, { ""name"": ""Ashley Klingbeil"", ""votes"": 6, ""votes_pct"": 10.710000, ""party"": ""WTP"" }, { ""name"": ""WRITE-IN"", ""votes"": 0, ""votes_pct"": 0, ""party"": ""WI"" } ]"
"760105","7","12",12A,Swift,Marysland Twp,35.2281290129168,R,"10.81",-10.81,1.050297050588,"37","[ { ""name"": ""Torrey Westrom"", ""votes"": 20, ""votes_pct"": 54.050000, ""party"": ""R"" }, { ""name"": ""Kari Dorry"", ""votes"": 16, ""votes_pct"": 43.240000, ""party"": ""DFL"" }, { ""name"": ""Ashley Klingbeil"", ""votes"": 1, ""votes_pct"": 2.700000, ""party"": ""WTP"" }, { ""name"": ""WRITE-IN"", ""votes"": 0, ""votes_pct"": 0, ""party"": ""WI"" } ]"
"760110","7","12",12A,Swift,Moyer Twp,34.7882464030702,R,"25.00",-25,1.37977636020664,"48","[ { ""name"": ""Torrey Westrom"", ""votes"": 30, ""votes_pct"": 62.500000, ""party"": ""R"" }, { ""name"": ""Kari Dorry"", ""votes"": 18, ""votes_pct"": 37.500000, ""party"": ""DFL"" }, { ""name"": ""Ashley Klingbeil"", ""votes"": 0, ""votes_pct"": 0, ""party"": ""WTP"" }, { ""name"": ""WRITE-IN"", ""votes"": 0, ""votes_pct"": 0, ""party"": ""WI"" } ]"
"760115","7","12",12A,Swift,Murdock,0.587294443689525,R,"16.67",-16.67,163.461447714208,"96","[ { ""name"": ""Torrey Westrom"", ""votes"": 53, ""votes_pct"": 55.210000, ""party"": ""R"" }, { ""name"": ""Kari Dorry"", ""votes"": 37, ""votes_pct"": 38.540000, ""party"": ""DFL"" }, { ""name"": ""Ashley Klingbeil"", ""votes"": 6, ""votes_pct"": 6.250000, ""party"": ""WTP"" }, { ""name"": ""WRITE-IN"", ""votes"": 0, ""votes_pct"": 0, ""party"": ""WI"" } ]"
"760120","7","12",12A,Swift,Pillsbury Twp,34.6960441432648,R,"52.07",-52.07,3.48742927292732,"121","[ { ""name"": ""Torrey Westrom"", ""votes"": 90, ""votes_pct"": 74.380000, ""party"": ""R"" }, { ""name"": ""Kari Dorry"", ""votes"": 27, ""votes_pct"": 22.310000, ""party"": ""DFL"" }, { ""name"": ""Ashley Klingbeil"", ""votes"": 4, ""votes_pct"": 3.310000, ""party"": ""WTP"" }, { ""name"": ""WRITE-IN"", ""votes"": 0, ""votes_pct"": 0, ""party"": ""WI"" } ]"
"760125","7","12",12A,Swift,Shible Twp,36.054855789085,R,"45.84",-45.84,1.33130472857227,"48","[ { ""name"": ""Torrey Westrom"", ""votes"": 35, ""votes_pct"": 72.920000, ""party"": ""R"" }, { ""name"": ""Kari Dorry"", ""votes"": 13, ""votes_pct"": 27.080000, ""party"": ""DFL"" }, { ""name"": ""Ashley Klingbeil"", ""votes"": 0, ""votes_pct"": 0, ""party"": ""WTP"" }, { ""name"": ""WRITE-IN"", ""votes"": 0, ""votes_pct"": 0, ""party"": ""WI"" } ]"
"760130","7","12",12A,Swift,Six Mile Grove Twp,35.9542739291264,R,"38.03",-38.03,1.97473046291955,"71","[ { ""name"": ""Torrey Westrom"", ""votes"": 47, ""votes_pct"": 66.200000, ""party"": ""R"" }, { ""name"": ""Kari Dorry"", ""votes"": 20, ""votes_pct"": 28.170000, ""party"": ""DFL"" }, { ""name"": ""Ashley Klingbeil"", ""votes"": 4, ""votes_pct"": 5.630000, ""party"": ""WTP"" }, { ""name"": ""WRITE-IN"", ""votes"": 0, ""votes_pct"": 0, ""party"": ""WI"" } ]"
"760135","7","12",12A,Swift,Swenoda Twp,35.7662342450041,R,"44.45",-44.45,1.50980390135824,"54","[ { ""name"": ""Torrey Westrom"", ""votes"": 37, ""votes_pct"": 68.520000, ""party"": ""R"" }, { ""name"": ""Kari Dorry"", ""votes"": 13, ""votes_pct"": 24.070000, ""party"": ""DFL"" }, { ""name"": ""Ashley Klingbeil"", ""votes"": 4, ""votes_pct"": 7.410000, ""party"": ""WTP"" }, { ""name"": ""WRITE-IN"", ""votes"": 0, ""votes_pct"": 0, ""party"": ""WI"" } ]"
"760140","7","12",12A,Swift,Tara Twp,35.9038494828328,R,"57.50",-57.5,1.11408666692205,"40","[ { ""name"": ""Torrey Westrom"", ""votes"": 31, ""votes_pct"": 77.500000, ""party"": ""R"" }, { ""name"": ""Kari Dorry"", ""votes"": 8, ""votes_pct"": 20, ""party"": ""DFL"" }, { ""name"": ""Ashley Klingbeil"", ""votes"": 1, ""votes_pct"": 2.500000, ""party"": ""WTP"" }, { ""name"": ""WRITE-IN"", ""votes"": 0, ""votes_pct"": 0, ""party"": ""WI"" } ]"
"760145","7","12",12A,Swift,Torning Twp,33.5223365313365,R,"49.15",-49.15,5.28006154447323,"177","[ { ""name"": ""Torrey Westrom"", ""votes"": 129, ""votes_pct"": 72.880000, ""party"": ""R"" }, { ""name"": ""Kari Dorry"", ""votes"": 42, ""votes_pct"": 23.730000, ""party"": ""DFL"" }, { ""name"": ""Ashley Klingbeil"", ""votes"": 6, ""votes_pct"": 3.390000, ""party"": ""WTP"" }, { ""name"": ""WRITE-IN"", ""votes"": 0, ""votes_pct"": 0, ""party"": ""WI"" } ]"
"760150","7","12",12A,Swift,West Bank Twp,36.1031312601145,DFL,"2.73",2.73,2.02198528083485,"73","[ { ""name"": ""Kari Dorry"", ""votes"": 37, ""votes_pct"": 50.680000, ""party"": ""DFL"" }, { ""name"": ""Torrey Westrom"", ""votes"": 35, ""votes_pct"": 47.950000, ""party"": ""R"" }, { ""name"": ""Ashley Klingbeil"", ""votes"": 1, ""votes_pct"": 1.370000, ""party"": ""WTP"" }, { ""name"": ""WRITE-IN"", ""votes"": 0, ""votes_pct"": 0, ""party"": ""WI"" } ]"
"770005","7","5",5B,Todd,Bartlett Twp,35.967364333063,R,"59.56",-59.56,4.94893087944099,"178","[ { ""name"": ""Paul J. Utke"", ""votes"": 142, ""votes_pct"": 79.780000, ""party"": ""R"" }, { ""name"": ""A. John Peters"", ""votes"": 36, ""votes_pct"": 20.220000, ""party"": ""DFL"" }, { ""name"": ""WRITE-IN"", ""votes"": 0, ""votes_pct"": 0, ""party"": ""WI"" } ]"
"770010","7","5",5B,Todd,Bertha,1.08506249566615,R,"31.64",-31.64,145.613732509481,"158","[ { ""name"": ""Paul J. Utke"", ""votes"": 104, ""votes_pct"": 65.820000, ""party"": ""R"" }, { ""name"": ""A. John Peters"", ""votes"": 54, ""votes_pct"": 34.180000, ""party"": ""DFL"" }, { ""name"": ""WRITE-IN"", ""votes"": 0, ""votes_pct"": 0, ""party"": ""WI"" } ]"
"770015","7","5",5B,Todd,Bertha Twp,35.3356792289186,R,"42.86",-42.86,4.16010115576597,"147","[ { ""name"": ""Paul J. Utke"", ""votes"": 105, ""votes_pct"": 71.430000, ""party"": ""R"" }, { ""name"": ""A. John Peters"", ""votes"": 42, ""votes_pct"": 28.570000, ""party"": ""DFL"" }, { ""name"": ""WRITE-IN"", ""votes"": 0, ""votes_pct"": 0, ""party"": ""WI"" } ]"
"770020","7","5",5B,Todd,Birchdale Twp,35.8978927592142,R,"55.98",-55.98,14.6805274486406,"527","[ { ""name"": ""Paul J. Utke"", ""votes"": 411, ""votes_pct"": 77.990000, ""party"": ""R"" }, { ""name"": ""A. John Peters"", ""votes"": 116, ""votes_pct"": 22.010000, ""party"": ""DFL"" }, { ""name"": ""WRITE-IN"", ""votes"": 0, ""votes_pct"": 0, ""party"": ""WI"" } ]"
"770025","7","5",5B,Todd,Browerville,1.09444073041532,R,"40.08",-40.08,243.960218749058,"267","[ { ""name"": ""Paul J. Utke"", ""votes"": 187, ""votes_pct"": 70.040000, ""party"": ""R"" }, { ""name"": ""A. John Peters"", ""votes"": 80, ""votes_pct"": 29.960000, ""party"": ""DFL"" }, { ""name"": ""WRITE-IN"", ""votes"": 0, ""votes_pct"": 0, ""party"": ""WI"" } ]"
"770030","7","5",5B,Todd,Bruce Twp,36.0401352516048,R,"48.90",-48.9,7.6026351756768,"274","[ { ""name"": ""Paul J. Utke"", ""votes"": 204, ""votes_pct"": 74.450000, ""party"": ""R"" }, { ""name"": ""A. John Peters"", ""votes"": 70, ""votes_pct"": 25.550000, ""party"": ""DFL"" }, { ""name"": ""WRITE-IN"", ""votes"": 0, ""votes_pct"": 0, ""party"": ""WI"" } ]"
"770035","7","5",5B,Todd,Burleene Twp,35.8889538547168,R,"59.10",-59.1,4.90401589058491,"176","[ { ""name"": ""Paul J. Utke"", ""votes"": 140, ""votes_pct"": 79.550000, ""party"": ""R"" }, { ""name"": ""A. John Peters"", ""votes"": 36, ""votes_pct"": 20.450000, ""party"": ""DFL"" }, { ""name"": ""WRITE-IN"", ""votes"": 0, ""votes_pct"": 0, ""party"": ""WI"" } ]"
"770040","7","5",5B,Todd,Burnhamville Twp,34.9603361226405,R,"50.12",-50.12,12.8431259477859,"449","[ { ""name"": ""Paul J. Utke"", ""votes"": 337, ""votes_pct"": 75.060000, ""party"": ""R"" }, { ""name"": ""A. John Peters"", ""votes"": 112, ""votes_pct"": 24.940000, ""party"": ""DFL"" }, { ""name"": ""WRITE-IN"", ""votes"": 0, ""votes_pct"": 0, ""party"": ""WI"" } ]"
"770045","7","5",5B,Todd,Burtrum,0.566196760304604,R,"65.38",-65.38,91.8408645998343,"52","[ { ""name"": ""Paul J. Utke"", ""votes"": 43, ""votes_pct"": 82.690000, ""party"": ""R"" }, { ""name"": ""A. John Peters"", ""votes"": 9, ""votes_pct"": 17.310000, ""party"": ""DFL"" }, { ""name"": ""WRITE-IN"", ""votes"": 0, ""votes_pct"": 0, ""party"": ""WI"" } ]"
"770050","7","5",5B,Todd,Clarissa,1.01453317227662,R,"22.96",-22.96,253.318478905218,"257","[ { ""name"": ""Paul J. Utke"", ""votes"": 158, ""votes_pct"": 61.480000, ""party"": ""R"" }, { ""name"": ""A. John Peters"", ""votes"": 99, ""votes_pct"": 38.520000, ""party"": ""DFL"" }, { ""name"": ""WRITE-IN"", ""votes"": 0, ""votes_pct"": 0, ""party"": ""WI"" } ]"
"770055","7","5",5B,Todd,Eagle Bend,1.35267732193523,R,"38.10",-38.1,155.247668157518,"210","[ { ""name"": ""Paul J. Utke"", ""votes"": 145, ""votes_pct"": 69.050000, ""party"": ""R"" }, { ""name"": ""A. John Peters"", ""votes"": 65, ""votes_pct"": 30.950000, ""party"": ""DFL"" }, { ""name"": ""WRITE-IN"", ""votes"": 0, ""votes_pct"": 0, ""party"": ""WI"" } ]"
"770060","7","5",5B,Todd,Eagle Valley Twp,35.1643669702311,R,"41.44",-41.44,5.14725603202891,"181","[ { ""name"": ""Paul J. Utke"", ""votes"": 128, ""votes_pct"": 70.720000, ""party"": ""R"" }, { ""name"": ""A. John Peters"", ""votes"": 53, ""votes_pct"": 29.280000, ""party"": ""DFL"" }, { ""name"": ""WRITE-IN"", ""votes"": 0, ""votes_pct"": 0, ""party"": ""WI"" } ]"
"770065","7","5",5B,Todd,Fawn Lake Twp,35.6555938819766,R,"55.75",-55.75,8.04922787010636,"287","[ { ""name"": ""Paul J. Utke"", ""votes"": 223, ""votes_pct"": 77.700000, ""party"": ""R"" }, { ""name"": ""A. John Peters"", ""votes"": 63, ""votes_pct"": 21.950000, ""party"": ""DFL"" }, { ""name"": ""WRITE-IN"", ""votes"": 1, ""votes_pct"": 0.350000, ""party"": ""WI"" } ]"
"770070","7","5",5B,Todd,Germania Twp,36.4404599507777,R,"50.00",-50,4.17118774585489,"152","[ { ""name"": ""Paul J. Utke"", ""votes"": 114, ""votes_pct"": 75, ""party"": ""R"" }, { ""name"": ""A. John Peters"", ""votes"": 38, ""votes_pct"": 25, ""party"": ""DFL"" }, { ""name"": ""WRITE-IN"", ""votes"": 0, ""votes_pct"": 0, ""party"": ""WI"" } ]"
"770075","7","5",5B,Todd,Gordon Twp,34.9774869032117,R,"48.46",-48.46,11.092849554162,"388","[ { ""name"": ""Paul J. Utke"", ""votes"": 288, ""votes_pct"": 74.230000, ""party"": ""R"" }, { ""name"": ""A. John Peters"", ""votes"": 100, ""votes_pct"": 25.770000, ""party"": ""DFL"" }, { ""name"": ""WRITE-IN"", ""votes"": 0, ""votes_pct"": 0, ""party"": ""WI"" } ]"
"770080","7","5",5B,Todd,Grey Eagle,0.354444116960548,R,"35.58",-35.58,420.376563949529,"149","[ { ""name"": ""Paul J. Utke"", ""votes"": 101, ""votes_pct"": 67.790000, ""party"": ""R"" }, { ""name"": ""A. John Peters"", ""votes"": 48, ""votes_pct"": 32.210000, ""party"": ""DFL"" }, { ""name"": ""WRITE-IN"", ""votes"": 0, ""votes_pct"": 0, ""party"": ""WI"" } ]"
"770085","7","5",5B,Todd,Grey Eagle Twp,29.2085367826695,R,"56.78",-56.78,12.119744396441,"354","[ { ""name"": ""Paul J. Utke"", ""votes"": 277, ""votes_pct"": 78.250000, ""party"": ""R"" }, { ""name"": ""A. John Peters"", ""votes"": 76, ""votes_pct"": 21.470000, ""party"": ""DFL"" }, { ""name"": ""WRITE-IN"", ""votes"": 1, ""votes_pct"": 0.280000, ""party"": ""WI"" } ]"
"770090","7","5",5B,Todd,Hartford Twp,34.9146910878609,R,"37.04",-37.04,8.73557778966122,"305","[ { ""name"": ""Paul J. Utke"", ""votes"": 209, ""votes_pct"": 68.520000, ""party"": ""R"" }, { ""name"": ""A. John Peters"", ""votes"": 96, ""votes_pct"": 31.480000, ""party"": ""DFL"" }, { ""name"": ""WRITE-IN"", ""votes"": 0, ""votes_pct"": 0, ""party"": ""WI"" } ]"
"770095","7","5",5B,Todd,Hewitt,2.03341726833745,R,"51.81",-51.81,54.0961275940856,"110","[ { ""name"": ""Paul J. Utke"", ""votes"": 83, ""votes_pct"": 75.450000, ""party"": ""R"" }, { ""name"": ""A. John Peters"", ""votes"": 26, ""votes_pct"": 23.640000, ""party"": ""DFL"" }, { ""name"": ""WRITE-IN"", ""votes"": 1, ""votes_pct"": 0.910000, ""party"": ""WI"" } ]"
"770100","7","5",5B,Todd,Iona Twp,36.251545947607,R,"37.41",-37.41,3.83431923705796,"139","[ { ""name"": ""Paul J. Utke"", ""votes"": 95, ""votes_pct"": 68.350000, ""party"": ""R"" }, { ""name"": ""A. John Peters"", ""votes"": 43, ""votes_pct"": 30.940000, ""party"": ""DFL"" }, { ""name"": ""WRITE-IN"", ""votes"": 1, ""votes_pct"": 0.720000, ""party"": ""WI"" } ]"
"770105","7","5",5B,Todd,Kandota Twp,24.1922397992804,R,"57.57",-57.57,18.0223081292774,"436","[ { ""name"": ""Paul J. Utke"", ""votes"": 343, ""votes_pct"": 78.670000, ""party"": ""R"" }, { ""name"": ""A. John Peters"", ""votes"": 92, ""votes_pct"": 21.100000, ""party"": ""DFL"" }, { ""name"": ""WRITE-IN"", ""votes"": 1, ""votes_pct"": 0.230000, ""party"": ""WI"" } ]"
"770110","7","5",5B,Todd,Leslie Twp,36.2206373617202,R,"42.54",-42.54,10.1875623091596,"369","[ { ""name"": ""Paul J. Utke"", ""votes"": 263, ""votes_pct"": 71.270000, ""party"": ""R"" }, { ""name"": ""A. John Peters"", ""votes"": 106, ""votes_pct"": 28.730000, ""party"": ""DFL"" }, { ""name"": ""WRITE-IN"", ""votes"": 0, ""votes_pct"": 0, ""party"": ""WI"" } ]"
"770115","7","5",5B,Todd,Little Elk Twp,35.7986115113527,R,"45.08",-45.08,3.96663429124808,"142","[ { ""name"": ""Paul J. Utke"", ""votes"": 103, ""votes_pct"": 72.540000, ""party"": ""R"" }, { ""name"": ""A. John Peters"", ""votes"": 39, ""votes_pct"": 27.460000, ""party"": ""DFL"" }, { ""name"": ""WRITE-IN"", ""votes"": 0, ""votes_pct"": 0, ""party"": ""WI"" } ]"
"770120","7","5",5B,Todd,Little Sauk Twp,35.7665051436908,R,"66.27",-66.27,11.5191573329517,"412","[ { ""name"": ""Paul J. Utke"", ""votes"": 341, ""votes_pct"": 82.770000, ""party"": ""R"" }, { ""name"": ""A. John Peters"", ""votes"": 68, ""votes_pct"": 16.500000, ""party"": ""DFL"" }, { ""name"": ""WRITE-IN"", ""votes"": 3, ""votes_pct"": 0.730000, ""party"": ""WI"" } ]"
"770126","7","5",5B,Todd,Long Prairie,2.81788932552484,R,"33.63",-33.63,310.161223183318,"874","[ { ""name"": ""Paul J. Utke"", ""votes"": 583, ""votes_pct"": 66.700000, ""party"": ""R"" }, { ""name"": ""A. John Peters"", ""votes"": 289, ""votes_pct"": 33.070000, ""party"": ""DFL"" }, { ""name"": ""WRITE-IN"", ""votes"": 2, ""votes_pct"": 0.230000, ""party"": ""WI"" } ]"
"770135","7","5",5B,Todd,Long Prairie Twp,33.2067847887418,R,"58.00",-58,13.1900755459016,"438","[ { ""name"": ""Paul J. Utke"", ""votes"": 346, ""votes_pct"": 79, ""party"": ""R"" }, { ""name"": ""A. John Peters"", ""votes"": 92, ""votes_pct"": 21, ""party"": ""DFL"" }, { ""name"": ""WRITE-IN"", ""votes"": 0, ""votes_pct"": 0, ""party"": ""WI"" } ]"
"770140","7","5",5B,Todd,Moran Twp,35.9994186238658,R,"60.30",-60.3,7.55567757473943,"272","[ { ""name"": ""Paul J. Utke"", ""votes"": 218, ""votes_pct"": 80.150000, ""party"": ""R"" }, { ""name"": ""A. John Peters"", ""votes"": 54, ""votes_pct"": 19.850000, ""party"": ""DFL"" }, { ""name"": ""WRITE-IN"", ""votes"": 0, ""votes_pct"": 0, ""party"": ""WI"" } ]"
"770145","7","5",5B,Todd,Osakis,0.404056889861625,R,"42.86",-42.86,207.891517525582,"84","[ { ""name"": ""Paul J. Utke"", ""votes"": 60, ""votes_pct"": 71.430000, ""party"": ""R"" }, { ""name"": ""A. John Peters"", ""votes"": 24, ""votes_pct"": 28.570000, ""party"": ""DFL"" }, { ""name"": ""WRITE-IN"", ""votes"": 0, ""votes_pct"": 0, ""party"": ""WI"" } ]"
"770150","7","5",5B,Todd,Reynolds Twp,36.119833010517,R,"49.64",-49.64,7.58586009852869,"274","[ { ""name"": ""Paul J. Utke"", ""votes"": 205, ""votes_pct"": 74.820000, ""party"": ""R"" }, { ""name"": ""A. John Peters"", ""votes"": 69, ""votes_pct"": 25.180000, ""party"": ""DFL"" }, { ""name"": ""WRITE-IN"", ""votes"": 0, ""votes_pct"": 0, ""party"": ""WI"" } ]"
"770155","7","5",5B,Todd,Round Prairie Twp,36.0822739776127,R,"53.64",-53.64,8.00947302210804,"289","[ { ""name"": ""Paul J. Utke"", ""votes"": 222, ""votes_pct"": 76.820000, ""party"": ""R"" }, { ""name"": ""A. John Peters"", ""votes"": 67, ""votes_pct"": 23.180000, ""party"": ""DFL"" }, { ""name"": ""WRITE-IN"", ""votes"": 0, ""votes_pct"": 0, ""party"": ""WI"" } ]"
"770160","7","5",5B,Todd,Staples,2.23785368886994,R,"32.21",-32.21,332.90826996657,"745","[ { ""name"": ""Paul J. Utke"", ""votes"": 492, ""votes_pct"": 66.040000, ""party"": ""R"" }, { ""name"": ""A. John Peters"", ""votes"": 252, ""votes_pct"": 33.830000, ""party"": ""DFL"" }, { ""name"": ""WRITE-IN"", ""votes"": 1, ""votes_pct"": 0.130000, ""party"": ""WI"" } ]"
"770165","7","5",5B,Todd,Staples Twp,33.7908818742195,R,"61.84",-61.84,8.37504037489809,"283","[ { ""name"": ""Paul J. Utke"", ""votes"": 229, ""votes_pct"": 80.920000, ""party"": ""R"" }, { ""name"": ""A. John Peters"", ""votes"": 54, ""votes_pct"": 19.080000, ""party"": ""DFL"" }, { ""name"": ""WRITE-IN"", ""votes"": 0, ""votes_pct"": 0, ""party"": ""WI"" } ]"
"770170","7","5",5B,Todd,Stowe Prairie Twp,33.9482231194649,R,"60.84",-60.84,7.06958944965785,"240","[ { ""name"": ""Paul J. Utke"", ""votes"": 193, ""votes_pct"": 80.420000, ""party"": ""R"" }, { ""name"": ""A. John Peters"", ""votes"": 47, ""votes_pct"": 19.580000, ""party"": ""DFL"" }, { ""name"": ""WRITE-IN"", ""votes"": 0, ""votes_pct"": 0, ""party"": ""WI"" } ]"
"770173","7","5",5B,Todd,Swanville,0.0479640902045877,R,"100.00",-100,20.8489308508629,"1","[ { ""name"": ""Paul J. Utke"", ""votes"": 1, ""votes_pct"": 100, ""party"": ""R"" }, { ""name"": ""A. John Peters"", ""votes"": 0, ""votes_pct"": 0, ""party"": ""DFL"" }, { ""name"": ""WRITE-IN"", ""votes"": 0, ""votes_pct"": 0, ""party"": ""WI"" } ]"
"770175","7","5",5B,Todd,Turtle Creek Twp,35.7313835608587,R,"28.58",-28.58,4.70174908603407,"168","[ { ""name"": ""Paul J. Utke"", ""votes"": 108, ""votes_pct"": 64.290000, ""party"": ""R"" }, { ""name"": ""A. John Peters"", ""votes"": 60, ""votes_pct"": 35.710000, ""party"": ""DFL"" }, { ""name"": ""WRITE-IN"", ""votes"": 0, ""votes_pct"": 0, ""party"": ""WI"" } ]"
"770180","7","5",5B,Todd,Villard Twp,31.5720702822225,R,"60.58",-60.58,10.9273797035179,"345","[ { ""name"": ""Paul J. Utke"", ""votes"": 277, ""votes_pct"": 80.290000, ""party"": ""R"" }, { ""name"": ""A. John Peters"", ""votes"": 68, ""votes_pct"": 19.710000, ""party"": ""DFL"" }, { ""name"": ""WRITE-IN"", ""votes"": 0, ""votes_pct"": 0, ""party"": ""WI"" } ]"
"770185","7","5",5B,Todd,Ward Twp,36.2561281505924,R,"53.57",-53.57,6.95054913070972,"252","[ { ""name"": ""Paul J. Utke"", ""votes"": 193, ""votes_pct"": 76.590000, ""party"": ""R"" }, { ""name"": ""A. John Peters"", ""votes"": 58, ""votes_pct"": 23.020000, ""party"": ""DFL"" }, { ""name"": ""WRITE-IN"", ""votes"": 1, ""votes_pct"": 0.400000, ""party"": ""WI"" } ]"
"770188","7","5",5B,Todd,West Union,0.437717002494915,R,"65.00",-65,91.3832448180139,"40","[ { ""name"": ""Paul J. Utke"", ""votes"": 33, ""votes_pct"": 82.500000, ""party"": ""R"" }, { ""name"": ""A. John Peters"", ""votes"": 7, ""votes_pct"": 17.500000, ""party"": ""DFL"" }, { ""name"": ""WRITE-IN"", ""votes"": 0, ""votes_pct"": 0, ""party"": ""WI"" } ]"
"770190","7","5",5B,Todd,West Union Twp,29.5672050680549,R,"60.96",-60.96,4.93790331767752,"146","[ { ""name"": ""Paul J. Utke"", ""votes"": 117, ""votes_pct"": 80.140000, ""party"": ""R"" }, { ""name"": ""A. John Peters"", ""votes"": 28, ""votes_pct"": 19.180000, ""party"": ""DFL"" }, { ""name"": ""WRITE-IN"", ""votes"": 1, ""votes_pct"": 0.680000, ""party"": ""WI"" } ]"
"770195","7","5",5B,Todd,Wykeham Twp,34.9536227015933,R,"39.02",-39.02,4.69193140293651,"164","[ { ""name"": ""Paul J. Utke"", ""votes"": 114, ""votes_pct"": 69.510000, ""party"": ""R"" }, { ""name"": ""A. John Peters"", ""votes"": 50, ""votes_pct"": 30.490000, ""party"": ""DFL"" }, { ""name"": ""WRITE-IN"", ""votes"": 0, ""votes_pct"": 0, ""party"": ""WI"" } ]"
"780005","7","9",9A,Traverse,Arthur Twp,36.4278025507711,R,"48.58",-48.58,0.960804592899034,"35","[ { ""name"": ""Jordan Rasmusson"", ""votes"": 26, ""votes_pct"": 74.290000, ""party"": ""R"" }, { ""name"": ""Cornel Walker"", ""votes"": 9, ""votes_pct"": 25.710000, ""party"": ""DFL"" }, { ""name"": ""WRITE-IN"", ""votes"": 0, ""votes_pct"": 0, ""party"": ""WI"" } ]"
"780010","7","9",9A,Traverse,Browns Valley,0.791429624357229,R,"16.23",-16.23,194.584578666831,"154","[ { ""name"": ""Jordan Rasmusson"", ""votes"": 89, ""votes_pct"": 57.790000, ""party"": ""R"" }, { ""name"": ""Cornel Walker"", ""votes"": 64, ""votes_pct"": 41.560000, ""party"": ""DFL"" }, { ""name"": ""WRITE-IN"", ""votes"": 1, ""votes_pct"": 0.650000, ""party"": ""WI"" } ]"
"780015","7","9",9A,Traverse,Clifton Twp,38.346500713847,R,"68.42",-68.42,0.990963954796482,"38","[ { ""name"": ""Jordan Rasmusson"", ""votes"": 31, ""votes_pct"": 81.580000, ""party"": ""R"" }, { ""name"": ""Cornel Walker"", ""votes"": 5, ""votes_pct"": 13.160000, ""party"": ""DFL"" }, { ""name"": ""WRITE-IN"", ""votes"": 2, ""votes_pct"": 5.260000, ""party"": ""WI"" } ]"
"780020","7","9",9A,Traverse,Croke Twp,35.849442320406,R,"65.91",-65.91,1.22735521536843,"44","[ { ""name"": ""Jordan Rasmusson"", ""votes"": 34, ""votes_pct"": 77.270000, ""party"": ""R"" }, { ""name"": ""Cornel Walker"", ""votes"": 5, ""votes_pct"": 11.360000, ""party"": ""DFL"" }, { ""name"": ""WRITE-IN"", ""votes"": 5, ""votes_pct"": 11.360000, ""party"": ""WI"" } ]"
"780025","7","9",9A,Traverse,Dollymount Twp,38.4109936281958,R,"42.43",-42.43,0.859129037885034,"33","[ { ""name"": ""Jordan Rasmusson"", ""votes"": 21, ""votes_pct"": 63.640000, ""party"": ""R"" }, { ""name"": ""Cornel Walker"", ""votes"": 7, ""votes_pct"": 21.210000, ""party"": ""DFL"" }, { ""name"": ""WRITE-IN"", ""votes"": 5, ""votes_pct"": 15.150000, ""party"": ""WI"" } ]"
"780027","7","9",9A,Traverse,Dumont,0.431305789245903,R,"47.82",-47.82,106.652869372393,"46","[ { ""name"": ""Jordan Rasmusson"", ""votes"": 34, ""votes_pct"": 73.910000, ""party"": ""R"" }, { ""name"": ""Cornel Walker"", ""votes"": 12, ""votes_pct"": 26.090000, ""party"": ""DFL"" }, { ""name"": ""WRITE-IN"", ""votes"": 0, ""votes_pct"": 0, ""party"": ""WI"" } ]"
"780030","7","9",9A,Traverse,Folsom Twp,21.767088928063,R,"45.76",-45.76,2.71051403313443,"59","[ { ""name"": ""Jordan Rasmusson"", ""votes"": 43, ""votes_pct"": 72.880000, ""party"": ""R"" }, { ""name"": ""Cornel Walker"", ""votes"": 16, ""votes_pct"": 27.120000, ""party"": ""DFL"" }, { ""name"": ""WRITE-IN"", ""votes"": 0, ""votes_pct"": 0, ""party"": ""WI"" } ]"
"780035","7","9",9A,Traverse,Lake Valley Twp,62.089373037978,R,"33.84",-33.84,2.14207349007451,"133","[ { ""name"": ""Jordan Rasmusson"", ""votes"": 88, ""votes_pct"": 66.170000, ""party"": ""R"" }, { ""name"": ""Cornel Walker"", ""votes"": 43, ""votes_pct"": 32.330000, ""party"": ""DFL"" }, { ""name"": ""WRITE-IN"", ""votes"": 2, ""votes_pct"": 1.500000, ""party"": ""WI"" } ]"
"780040","7","9",9A,Traverse,Leonardsville Twp,38.5184475005487,R,"67.31",-67.31,1.35000248904786,"52","[ { ""name"": ""Jordan Rasmusson"", ""votes"": 43, ""votes_pct"": 82.690000, ""party"": ""R"" }, { ""name"": ""Cornel Walker"", ""votes"": 8, ""votes_pct"": 15.380000, ""party"": ""DFL"" }, { ""name"": ""WRITE-IN"", ""votes"": 1, ""votes_pct"": 1.920000, ""party"": ""WI"" } ]"
"780045","7","9",9A,Traverse,Monson Twp,54.2465905606911,R,"57.89",-57.89,1.05075728098024,"57","[ { ""name"": ""Jordan Rasmusson"", ""votes"": 44, ""votes_pct"": 77.190000, ""party"": ""R"" }, { ""name"": ""Cornel Walker"", ""votes"": 11, ""votes_pct"": 19.300000, ""party"": ""DFL"" }, { ""name"": ""WRITE-IN"", ""votes"": 2, ""votes_pct"": 3.510000, ""party"": ""WI"" } ]"
"780050","7","9",9A,Traverse,Parnell Twp,36.5020912228916,R,"50.00",-50,1.09582762685429,"40","[ { ""name"": ""Jordan Rasmusson"", ""votes"": 30, ""votes_pct"": 75, ""party"": ""R"" }, { ""name"": ""Cornel Walker"", ""votes"": 10, ""votes_pct"": 25, ""party"": ""DFL"" }, { ""name"": ""WRITE-IN"", ""votes"": 0, ""votes_pct"": 0, ""party"": ""WI"" } ]"
"780055","7","9",9A,Traverse,Redpath Twp,38.9544745377645,R,"19.04",-19.04,0.539090829723335,"21","[ { ""name"": ""Jordan Rasmusson"", ""votes"": 12, ""votes_pct"": 57.140000, ""party"": ""R"" }, { ""name"": ""Cornel Walker"", ""votes"": 8, ""votes_pct"": 38.100000, ""party"": ""DFL"" }, { ""name"": ""WRITE-IN"", ""votes"": 1, ""votes_pct"": 4.760000, ""party"": ""WI"" } ]"
"780060","7","9",9A,Traverse,Tara Twp,36.43500083226,R,"72.72",-72.72,1.20762999848876,"44","[ { ""name"": ""Jordan Rasmusson"", ""votes"": 38, ""votes_pct"": 86.360000, ""party"": ""R"" }, { ""name"": ""Cornel Walker"", ""votes"": 6, ""votes_pct"": 13.640000, ""party"": ""DFL"" }, { ""name"": ""WRITE-IN"", ""votes"": 0, ""votes_pct"": 0, ""party"": ""WI"" } ]"
"780065","7","9",9A,Traverse,Taylor Twp,52.3556790616431,R,"85.00",-85,0.764004988893456,"40","[ { ""name"": ""Jordan Rasmusson"", ""votes"": 37, ""votes_pct"": 92.500000, ""party"": ""R"" }, { ""name"": ""Cornel Walker"", ""votes"": 3, ""votes_pct"": 7.500000, ""party"": ""DFL"" }, { ""name"": ""WRITE-IN"", ""votes"": 0, ""votes_pct"": 0, ""party"": ""WI"" } ]"
"780070","7","9",9A,Traverse,Tintah,0.754470201169971,R,"19.23",-19.23,34.4612682643812,"26","[ { ""name"": ""Jordan Rasmusson"", ""votes"": 15, ""votes_pct"": 57.690000, ""party"": ""R"" }, { ""name"": ""WRITE-IN"", ""votes"": 10, ""votes_pct"": 38.460000, ""party"": ""WI"" }, { ""name"": ""Cornel Walker"", ""votes"": 1, ""votes_pct"": 3.850000, ""party"": ""DFL"" } ]"
"780075","7","9",9A,Traverse,Tintah Twp,35.009801467345,R,"52.94",-52.94,0.485578303431871,"17","[ { ""name"": ""Jordan Rasmusson"", ""votes"": 12, ""votes_pct"": 70.590000, ""party"": ""R"" }, { ""name"": ""WRITE-IN"", ""votes"": 3, ""votes_pct"": 17.650000, ""party"": ""WI"" }, { ""name"": ""Cornel Walker"", ""votes"": 2, ""votes_pct"": 11.760000, ""party"": ""DFL"" } ]"
"780080","7","9",9A,Traverse,Walls Twp,36.3483816090724,R,"35.72",-35.72,1.15548473248991,"42","[ { ""name"": ""Jordan Rasmusson"", ""votes"": 28, ""votes_pct"": 66.670000, ""party"": ""R"" }, { ""name"": ""Cornel Walker"", ""votes"": 13, ""votes_pct"": 30.950000, ""party"": ""DFL"" }, { ""name"": ""WRITE-IN"", ""votes"": 1, ""votes_pct"": 2.380000, ""party"": ""WI"" } ]"
"780085","7","9",9A,Traverse,Wheaton P-1,0.798776796365262,R,"7.84",-7.84,399.360624208879,"319","[ { ""name"": ""Jordan Rasmusson"", ""votes"": 167, ""votes_pct"": 52.350000, ""party"": ""R"" }, { ""name"": ""Cornel Walker"", ""votes"": 142, ""votes_pct"": 44.510000, ""party"": ""DFL"" }, { ""name"": ""WRITE-IN"", ""votes"": 10, ""votes_pct"": 3.130000, ""party"": ""WI"" } ]"
"780090","7","9",9A,Traverse,Wheaton P-2,0.955199835888012,R,"24.91",-24.91,306.742096252152,"293","[ { ""name"": ""Jordan Rasmusson"", ""votes"": 179, ""votes_pct"": 61.090000, ""party"": ""R"" }, { ""name"": ""Cornel Walker"", ""votes"": 106, ""votes_pct"": 36.180000, ""party"": ""DFL"" }, { ""name"": ""WRITE-IN"", ""votes"": 8, ""votes_pct"": 2.730000, ""party"": ""WI"" } ]"
"780095","7","9",9A,Traverse,Windsor Twp,21.7329554906135,R,"34.79",-34.79,2.11660121513926,"46","[ { ""name"": ""Jordan Rasmusson"", ""votes"": 30, ""votes_pct"": 65.220000, ""party"": ""R"" }, { ""name"": ""Cornel Walker"", ""votes"": 14, ""votes_pct"": 30.430000, ""party"": ""DFL"" }, { ""name"": ""WRITE-IN"", ""votes"": 2, ""votes_pct"": 4.350000, ""party"": ""WI"" } ]"
"790005","1","20",20A,Wabasha,Bellechester,0.0638326544584014,R,"73.34",-73.34,234.989444309812,"15","[ { ""name"": ""Steve Drazkowski"", ""votes"": 13, ""votes_pct"": 86.670000, ""party"": ""R"" }, { ""name"": ""Bradley Robert Drenckhahn"", ""votes"": 2, ""votes_pct"": 13.330000, ""party"": ""DFL"" }, { ""name"": ""WRITE-IN"", ""votes"": 0, ""votes_pct"": 0, ""party"": ""WI"" } ]"
"790010","1","20",20A,Wabasha,Chester Twp,35.4691063212057,R,"53.30",-53.3,6.39993570585918,"227","[ { ""name"": ""Steve Drazkowski"", ""votes"": 174, ""votes_pct"": 76.650000, ""party"": ""R"" }, { ""name"": ""Bradley Robert Drenckhahn"", ""votes"": 53, ""votes_pct"": 23.350000, ""party"": ""DFL"" }, { ""name"": ""WRITE-IN"", ""votes"": 0, ""votes_pct"": 0, ""party"": ""WI"" } ]"
"790015","1","20",20B,Wabasha,Elgin,0.877154920840341,R,"47.42",-47.42,550.643892571761,"483","[ { ""name"": ""Steve Drazkowski"", ""votes"": 356, ""votes_pct"": 73.710000, ""party"": ""R"" }, { ""name"": ""Bradley Robert Drenckhahn"", ""votes"": 127, ""votes_pct"": 26.290000, ""party"": ""DFL"" }, { ""name"": ""WRITE-IN"", ""votes"": 0, ""votes_pct"": 0, ""party"": ""WI"" } ]"
"790020","1","20",20B,Wabasha,Elgin Twp,34.4814463833454,R,"30.80",-30.8,9.88937633905937,"341","[ { ""name"": ""Steve Drazkowski"", ""votes"": 223, ""votes_pct"": 65.400000, ""party"": ""R"" }, { ""name"": ""Bradley Robert Drenckhahn"", ""votes"": 118, ""votes_pct"": 34.600000, ""party"": ""DFL"" }, { ""name"": ""WRITE-IN"", ""votes"": 0, ""votes_pct"": 0, ""party"": ""WI"" } ]"
"790025","1","20",20A,Wabasha,Gillford Twp,35.4435431802052,R,"61.14",-61.14,6.9688292376465,"247","[ { ""name"": ""Steve Drazkowski"", ""votes"": 199, ""votes_pct"": 80.570000, ""party"": ""R"" }, { ""name"": ""Bradley Robert Drenckhahn"", ""votes"": 48, ""votes_pct"": 19.430000, ""party"": ""DFL"" }, { ""name"": ""WRITE-IN"", ""votes"": 0, ""votes_pct"": 0, ""party"": ""WI"" } ]"
"790030","1","20",20A,Wabasha,Glasgow Twp,35.5375795904544,R,"45.32",-45.32,3.91135247819005,"139","[ { ""name"": ""Steve Drazkowski"", ""votes"": 101, ""votes_pct"": 72.660000, ""party"": ""R"" }, { ""name"": ""Bradley Robert Drenckhahn"", ""votes"": 38, ""votes_pct"": 27.340000, ""party"": ""DFL"" }, { ""name"": ""WRITE-IN"", ""votes"": 0, ""votes_pct"": 0, ""party"": ""WI"" } ]"
"790035","1","20",20B,Wabasha,Greenfield Twp,37.8173656622876,R,"35.35",-35.35,21.3922885910256,"809","[ { ""name"": ""Steve Drazkowski"", ""votes"": 547, ""votes_pct"": 67.610000, ""party"": ""R"" }, { ""name"": ""Bradley Robert Drenckhahn"", ""votes"": 261, ""votes_pct"": 32.260000, ""party"": ""DFL"" }, { ""name"": ""WRITE-IN"", ""votes"": 1, ""votes_pct"": 0.120000, ""party"": ""WI"" } ]"
"790040","1","20",20B,Wabasha,Hammond,0.172297481750222,R,"29.42",-29.42,197.333122078298,"34","[ { ""name"": ""Steve Drazkowski"", ""votes"": 22, ""votes_pct"": 64.710000, ""party"": ""R"" }, { ""name"": ""Bradley Robert Drenckhahn"", ""votes"": 12, ""votes_pct"": 35.290000, ""party"": ""DFL"" }, { ""name"": ""WRITE-IN"", ""votes"": 0, ""votes_pct"": 0, ""party"": ""WI"" } ]"
"790045","1","20",20B,Wabasha,Highland Twp,35.7677192257971,R,"35.06",-35.06,6.45833743386672,"231","[ { ""name"": ""Steve Drazkowski"", ""votes"": 156, ""votes_pct"": 67.530000, ""party"": ""R"" }, { ""name"": ""Bradley Robert Drenckhahn"", ""votes"": 75, ""votes_pct"": 32.470000, ""party"": ""DFL"" }, { ""name"": ""WRITE-IN"", ""votes"": 0, ""votes_pct"": 0, ""party"": ""WI"" } ]"
"790050","1","20",20B,Wabasha,Hyde Park Twp,16.0241950118507,R,"42.62",-42.62,7.61348697452662,"122","[ { ""name"": ""Steve Drazkowski"", ""votes"": 87, ""votes_pct"": 71.310000, ""party"": ""R"" }, { ""name"": ""Bradley Robert Drenckhahn"", ""votes"": 35, ""votes_pct"": 28.690000, ""party"": ""DFL"" }, { ""name"": ""WRITE-IN"", ""votes"": 0, ""votes_pct"": 0, ""party"": ""WI"" } ]"
"790055","1","20",20B,Wabasha,Kellogg,0.317269282452408,R,"27.31",-27.31,784.822274867884,"249","[ { ""name"": ""Steve Drazkowski"", ""votes"": 158, ""votes_pct"": 63.450000, ""party"": ""R"" }, { ""name"": ""Bradley Robert Drenckhahn"", ""votes"": 90, ""votes_pct"": 36.140000, ""party"": ""DFL"" }, { ""name"": ""WRITE-IN"", ""votes"": 1, ""votes_pct"": 0.400000, ""party"": ""WI"" } ]"
"790060","1","20",20A,Wabasha,Lake Twp,29.4430485869992,R,"18.46",-18.46,8.83060730724756,"260","[ { ""name"": ""Steve Drazkowski"", ""votes"": 154, ""votes_pct"": 59.230000, ""party"": ""R"" }, { ""name"": ""Bradley Robert Drenckhahn"", ""votes"": 106, ""votes_pct"": 40.770000, ""party"": ""DFL"" }, { ""name"": ""WRITE-IN"", ""votes"": 0, ""votes_pct"": 0, ""party"": ""WI"" } ]"
"790065","1","20",20A,Wabasha,Lake City P-1,0.452268875240325,R,"9.32",-9.32,1448.25354088748,"655","[ { ""name"": ""Steve Drazkowski"", ""votes"": 358, ""votes_pct"": 54.660000, ""party"": ""R"" }, { ""name"": ""Bradley Robert Drenckhahn"", ""votes"": 297, ""votes_pct"": 45.340000, ""party"": ""DFL"" }, { ""name"": ""WRITE-IN"", ""votes"": 0, ""votes_pct"": 0, ""party"": ""WI"" } ]"
"790070","1","20",20A,Wabasha,Lake City P-2,0.571615658982225,R,"9.04",-9.04,1082.8954565418,"619","[ { ""name"": ""Steve Drazkowski"", ""votes"": 337, ""votes_pct"": 54.440000, ""party"": ""R"" }, { ""name"": ""Bradley Robert Drenckhahn"", ""votes"": 281, ""votes_pct"": 45.400000, ""party"": ""DFL"" }, { ""name"": ""WRITE-IN"", ""votes"": 1, ""votes_pct"": 0.160000, ""party"": ""WI"" } ]"
"790075","1","20",20A,Wabasha,Lake City P-3,2.64481451300137,R,"15.19",-15.19,325.92077658474,"862","[ { ""name"": ""Steve Drazkowski"", ""votes"": 495, ""votes_pct"": 57.420000, ""party"": ""R"" }, { ""name"": ""Bradley Robert Drenckhahn"", ""votes"": 364, ""votes_pct"": 42.230000, ""party"": ""DFL"" }, { ""name"": ""WRITE-IN"", ""votes"": 3, ""votes_pct"": 0.350000, ""party"": ""WI"" } ]"
"790080","1","20",20B,Wabasha,Mazeppa,1.08014211115024,R,"40.04",-40.04,386.060311597273,"417","[ { ""name"": ""Steve Drazkowski"", ""votes"": 292, ""votes_pct"": 70.020000, ""party"": ""R"" }, { ""name"": ""Bradley Robert Drenckhahn"", ""votes"": 125, ""votes_pct"": 29.980000, ""party"": ""DFL"" }, { ""name"": ""WRITE-IN"", ""votes"": 0, ""votes_pct"": 0, ""party"": ""WI"" } ]"
"790085","1","20",20B,Wabasha,Mazeppa Twp,22.0331491252072,R,"35.88",-35.88,17.8367603181329,"393","[ { ""name"": ""Steve Drazkowski"", ""votes"": 267, ""votes_pct"": 67.940000, ""party"": ""R"" }, { ""name"": ""Bradley Robert Drenckhahn"", ""votes"": 126, ""votes_pct"": 32.060000, ""party"": ""DFL"" }, { ""name"": ""WRITE-IN"", ""votes"": 0, ""votes_pct"": 0, ""party"": ""WI"" } ]"
"790090","1","20",20B,Wabasha,Millville,0.159233831157129,R,"68.42",-68.42,477.285508033808,"76","[ { ""name"": ""Steve Drazkowski"", ""votes"": 64, ""votes_pct"": 84.210000, ""party"": ""R"" }, { ""name"": ""Bradley Robert Drenckhahn"", ""votes"": 12, ""votes_pct"": 15.790000, ""party"": ""DFL"" }, { ""name"": ""WRITE-IN"", ""votes"": 0, ""votes_pct"": 0, ""party"": ""WI"" } ]"
"790095","1","20",20B,Wabasha,Minneiska,0.728771968891395,R,"28.20",-28.2,53.5146817725806,"39","[ { ""name"": ""Steve Drazkowski"", ""votes"": 25, ""votes_pct"": 64.100000, ""party"": ""R"" }, { ""name"": ""Bradley Robert Drenckhahn"", ""votes"": 14, ""votes_pct"": 35.900000, ""party"": ""DFL"" }, { ""name"": ""WRITE-IN"", ""votes"": 0, ""votes_pct"": 0, ""party"": ""WI"" } ]"
"790100","1","20",20B,Wabasha,Minneiska Twp,17.8945450779081,R,"35.64",-35.64,4.86181680625158,"87","[ { ""name"": ""Steve Drazkowski"", ""votes"": 59, ""votes_pct"": 67.820000, ""party"": ""R"" }, { ""name"": ""Bradley Robert Drenckhahn"", ""votes"": 28, ""votes_pct"": 32.180000, ""party"": ""DFL"" }, { ""name"": ""WRITE-IN"", ""votes"": 0, ""votes_pct"": 0, ""party"": ""WI"" } ]"
"790105","1","20",20A,Wabasha,Mount Pleasant Twp,35.9851530401778,R,"48.74",-48.74,6.61383876106545,"238","[ { ""name"": ""Steve Drazkowski"", ""votes"": 176, ""votes_pct"": 73.950000, ""party"": ""R"" }, { ""name"": ""Bradley Robert Drenckhahn"", ""votes"": 60, ""votes_pct"": 25.210000, ""party"": ""DFL"" }, { ""name"": ""WRITE-IN"", ""votes"": 2, ""votes_pct"": 0.840000, ""party"": ""WI"" } ]"
"790110","1","20",20B,Wabasha,Oakwood Twp,35.667542034932,R,"44.50",-44.5,5.35500875874595,"191","[ { ""name"": ""Steve Drazkowski"", ""votes"": 138, ""votes_pct"": 72.250000, ""party"": ""R"" }, { ""name"": ""Bradley Robert Drenckhahn"", ""votes"": 53, ""votes_pct"": 27.750000, ""party"": ""DFL"" }, { ""name"": ""WRITE-IN"", ""votes"": 0, ""votes_pct"": 0, ""party"": ""WI"" } ]"
"790115","1","20",20A,Wabasha,Pepin Twp,21.5875077530884,R,"6.04",-6.04,9.95946370739536,"215","[ { ""name"": ""Steve Drazkowski"", ""votes"": 114, ""votes_pct"": 53.020000, ""party"": ""R"" }, { ""name"": ""Bradley Robert Drenckhahn"", ""votes"": 101, ""votes_pct"": 46.980000, ""party"": ""DFL"" }, { ""name"": ""WRITE-IN"", ""votes"": 0, ""votes_pct"": 0, ""party"": ""WI"" } ]"
"790120","1","20",20B,Wabasha,Plainview P-1,1.05960576036229,R,"39.06",-39.06,724.797871745631,"768","[ { ""name"": ""Steve Drazkowski"", ""votes"": 534, ""votes_pct"": 69.530000, ""party"": ""R"" }, { ""name"": ""Bradley Robert Drenckhahn"", ""votes"": 234, ""votes_pct"": 30.470000, ""party"": ""DFL"" }, { ""name"": ""WRITE-IN"", ""votes"": 0, ""votes_pct"": 0, ""party"": ""WI"" } ]"
"790125","1","20",20B,Wabasha,Plainview P-2,1.08749701957139,R,"39.67",-39.67,614.254557004004,"668","[ { ""name"": ""Steve Drazkowski"", ""votes"": 466, ""votes_pct"": 69.760000, ""party"": ""R"" }, { ""name"": ""Bradley Robert Drenckhahn"", ""votes"": 201, ""votes_pct"": 30.090000, ""party"": ""DFL"" }, { ""name"": ""WRITE-IN"", ""votes"": 1, ""votes_pct"": 0.150000, ""party"": ""WI"" } ]"
"790130","1","20",20B,Wabasha,Plainview Twp,33.3892499332263,R,"54.84",-54.84,7.42754031599884,"248","[ { ""name"": ""Steve Drazkowski"", ""votes"": 192, ""votes_pct"": 77.420000, ""party"": ""R"" }, { ""name"": ""Bradley Robert Drenckhahn"", ""votes"": 56, ""votes_pct"": 22.580000, ""party"": ""DFL"" }, { ""name"": ""WRITE-IN"", ""votes"": 0, ""votes_pct"": 0, ""party"": ""WI"" } ]"
"790140","1","20",20A,Wabasha,Wabasha W-1,0.89813415414294,DFL,"7.78",7.78,429.779892257129,"386","[ { ""name"": ""Bradley Robert Drenckhahn"", ""votes"": 208, ""votes_pct"": 53.890000, ""party"": ""DFL"" }, { ""name"": ""Steve Drazkowski"", ""votes"": 178, ""votes_pct"": 46.110000, ""party"": ""R"" }, { ""name"": ""WRITE-IN"", ""votes"": 0, ""votes_pct"": 0, ""party"": ""WI"" } ]"
"790145","1","20",20A,Wabasha,Wabasha W-2,2.93431349018165,R,"11.90",-11.9,163.240908513271,"479","[ { ""name"": ""Steve Drazkowski"", ""votes"": 268, ""votes_pct"": 55.950000, ""party"": ""R"" }, { ""name"": ""Bradley Robert Drenckhahn"", ""votes"": 211, ""votes_pct"": 44.050000, ""party"": ""DFL"" }, { ""name"": ""WRITE-IN"", ""votes"": 0, ""votes_pct"": 0, ""party"": ""WI"" } ]"
"790150","1","20",20A,Wabasha,Wabasha W-3,5.41882448912376,R,"9.35",-9.35,67.173240382779,"364","[ { ""name"": ""Steve Drazkowski"", ""votes"": 198, ""votes_pct"": 54.400000, ""party"": ""R"" }, { ""name"": ""Bradley Robert Drenckhahn"", ""votes"": 164, ""votes_pct"": 45.050000, ""party"": ""DFL"" }, { ""name"": ""WRITE-IN"", ""votes"": 2, ""votes_pct"": 0.550000, ""party"": ""WI"" } ]"
"790155","1","20",20B,Wabasha,Watopa Twp,35.6376284452317,R,"23.58",-23.58,3.45140811457272,"123","[ { ""name"": ""Steve Drazkowski"", ""votes"": 76, ""votes_pct"": 61.790000, ""party"": ""R"" }, { ""name"": ""Bradley Robert Drenckhahn"", ""votes"": 47, ""votes_pct"": 38.210000, ""party"": ""DFL"" }, { ""name"": ""WRITE-IN"", ""votes"": 0, ""votes_pct"": 0, ""party"": ""WI"" } ]"
"790160","1","20",20A,Wabasha,West Albany Twp,35.6772200404663,R,"61.76",-61.76,5.71793429444941,"204","[ { ""name"": ""Steve Drazkowski"", ""votes"": 165, ""votes_pct"": 80.880000, ""party"": ""R"" }, { ""name"": ""Bradley Robert Drenckhahn"", ""votes"": 39, ""votes_pct"": 19.120000, ""party"": ""DFL"" }, { ""name"": ""WRITE-IN"", ""votes"": 0, ""votes_pct"": 0, ""party"": ""WI"" } ]"
"790165","1","20",20B,Wabasha,Zumbro Twp,32.1481595539318,R,"42.31",-42.31,12.1313321014764,"390","[ { ""name"": ""Steve Drazkowski"", ""votes"": 277, ""votes_pct"": 71.030000, ""party"": ""R"" }, { ""name"": ""Bradley Robert Drenckhahn"", ""votes"": 112, ""votes_pct"": 28.720000, ""party"": ""DFL"" }, { ""name"": ""WRITE-IN"", ""votes"": 1, ""votes_pct"": 0.260000, ""party"": ""WI"" } ]"
"790170","1","20",20B,Wabasha,Zumbro Falls,0.60919655879511,R,"55.56",-55.56,132.962011735924,"81","[ { ""name"": ""Steve Drazkowski"", ""votes"": 63, ""votes_pct"": 77.780000, ""party"": ""R"" }, { ""name"": ""Bradley Robert Drenckhahn"", ""votes"": 18, ""votes_pct"": 22.220000, ""party"": ""DFL"" }, { ""name"": ""WRITE-IN"", ""votes"": 0, ""votes_pct"": 0, ""party"": ""WI"" } ]"
"800005","7","5",5B,Wadena,Aldrich,0.495112588539426,R,"65.22",-65.22,46.4540804099722,"23","[ { ""name"": ""Paul J. Utke"", ""votes"": 19, ""votes_pct"": 82.610000, ""party"": ""R"" }, { ""name"": ""A. John Peters"", ""votes"": 4, ""votes_pct"": 17.390000, ""party"": ""DFL"" }, { ""name"": ""WRITE-IN"", ""votes"": 0, ""votes_pct"": 0, ""party"": ""WI"" } ]"
"800010","7","5",5B,Wadena,Aldrich Twp,34.4742047451816,R,"69.16",-69.16,6.58463339989669,"227","[ { ""name"": ""Paul J. Utke"", ""votes"": 192, ""votes_pct"": 84.580000, ""party"": ""R"" }, { ""name"": ""A. John Peters"", ""votes"": 35, ""votes_pct"": 15.420000, ""party"": ""DFL"" }, { ""name"": ""WRITE-IN"", ""votes"": 0, ""votes_pct"": 0, ""party"": ""WI"" } ]"
"800015","7","5",5A,Wadena,Blueberry Twp,31.9878157946233,R,"55.10",-55.1,13.5051421695574,"432","[ { ""name"": ""Paul J. Utke"", ""votes"": 335, ""votes_pct"": 77.550000, ""party"": ""R"" }, { ""name"": ""A. John Peters"", ""votes"": 97, ""votes_pct"": 22.450000, ""party"": ""DFL"" }, { ""name"": ""WRITE-IN"", ""votes"": 0, ""votes_pct"": 0, ""party"": ""WI"" } ]"
"800020","7","5",5B,Wadena,Bullard Twp,30.8920076311275,R,"61.98",-61.98,3.91687071441992,"121","[ { ""name"": ""Paul J. Utke"", ""votes"": 98, ""votes_pct"": 80.990000, ""party"": ""R"" }, { ""name"": ""A. John Peters"", ""votes"": 23, ""votes_pct"": 19.010000, ""party"": ""DFL"" }, { ""name"": ""WRITE-IN"", ""votes"": 0, ""votes_pct"": 0, ""party"": ""WI"" } ]"
"800025","7","5",5A,Wadena,Huntersville Twp,35.8633060026427,R,"33.34",-33.34,1.50571729209853,"54","[ { ""name"": ""Paul J. Utke"", ""votes"": 36, ""votes_pct"": 66.670000, ""party"": ""R"" }, { ""name"": ""A. John Peters"", ""votes"": 18, ""votes_pct"": 33.330000, ""party"": ""DFL"" }, { ""name"": ""WRITE-IN"", ""votes"": 0, ""votes_pct"": 0, ""party"": ""WI"" } ]"
"800030","7","5",5B,Wadena,Leaf River Twp P-1,17.869370092002,R,"78.18",-78.18,6.15578497919375,"110","[ { ""name"": ""Paul J. Utke"", ""votes"": 98, ""votes_pct"": 89.090000, ""party"": ""R"" }, { ""name"": ""A. John Peters"", ""votes"": 12, ""votes_pct"": 10.910000, ""party"": ""DFL"" }, { ""name"": ""WRITE-IN"", ""votes"": 0, ""votes_pct"": 0, ""party"": ""WI"" } ]"
"800032","7","5",5B,Wadena,Leaf River Twp P-2,17.3638181602185,R,"51.06",-51.06,5.4135558857302,"94","[ { ""name"": ""Paul J. Utke"", ""votes"": 71, ""votes_pct"": 75.530000, ""party"": ""R"" }, { ""name"": ""A. John Peters"", ""votes"": 23, ""votes_pct"": 24.470000, ""party"": ""DFL"" }, { ""name"": ""WRITE-IN"", ""votes"": 0, ""votes_pct"": 0, ""party"": ""WI"" } ]"
"800035","7","5",5A,Wadena,Lyons Twp,35.8155865647251,R,"68.42",-68.42,2.65247645262819,"95","[ { ""name"": ""Paul J. Utke"", ""votes"": 80, ""votes_pct"": 84.210000, ""party"": ""R"" }, { ""name"": ""A. John Peters"", ""votes"": 15, ""votes_pct"": 15.790000, ""party"": ""DFL"" }, { ""name"": ""WRITE-IN"", ""votes"": 0, ""votes_pct"": 0, ""party"": ""WI"" } ]"
"800040","7","5",5A,Wadena,Meadow Twp,36.4812093330785,R,"67.80",-67.8,3.23454189587422,"118","[ { ""name"": ""Paul J. Utke"", ""votes"": 99, ""votes_pct"": 83.900000, ""party"": ""R"" }, { ""name"": ""A. John Peters"", ""votes"": 19, ""votes_pct"": 16.100000, ""party"": ""DFL"" }, { ""name"": ""WRITE-IN"", ""votes"": 0, ""votes_pct"": 0, ""party"": ""WI"" } ]"
"800045","7","5",5A,Wadena,Menahga,3.91198763661849,R,"48.30",-48.3,143.405361189977,"561","[ { ""name"": ""Paul J. Utke"", ""votes"": 416, ""votes_pct"": 74.150000, ""party"": ""R"" }, { ""name"": ""A. John Peters"", ""votes"": 145, ""votes_pct"": 25.850000, ""party"": ""DFL"" }, { ""name"": ""WRITE-IN"", ""votes"": 0, ""votes_pct"": 0, ""party"": ""WI"" } ]"
"800050","7","5",5A,Wadena,Nimrod,0.994367026987191,R,"40.00",-40,30.1699464944009,"30","[ { ""name"": ""Paul J. Utke"", ""votes"": 21, ""votes_pct"": 70, ""party"": ""R"" }, { ""name"": ""A. John Peters"", ""votes"": 9, ""votes_pct"": 30, ""party"": ""DFL"" }, { ""name"": ""WRITE-IN"", ""votes"": 0, ""votes_pct"": 0, ""party"": ""WI"" } ]"
"800055","7","5",5A,Wadena,North Germany Twp,35.941960317386,R,"73.68",-73.68,4.22904033774902,"152","[ { ""name"": ""Paul J. Utke"", ""votes"": 132, ""votes_pct"": 86.840000, ""party"": ""R"" }, { ""name"": ""A. John Peters"", ""votes"": 20, ""votes_pct"": 13.160000, ""party"": ""DFL"" }, { ""name"": ""WRITE-IN"", ""votes"": 0, ""votes_pct"": 0, ""party"": ""WI"" } ]"
"800060","7","5",5A,Wadena,Orton Twp,34.7271218880171,R,"57.28",-57.28,2.96598146924295,"103","[ { ""name"": ""Paul J. Utke"", ""votes"": 81, ""votes_pct"": 78.640000, ""party"": ""R"" }, { ""name"": ""A. John Peters"", ""votes"": 22, ""votes_pct"": 21.360000, ""party"": ""DFL"" }, { ""name"": ""WRITE-IN"", ""votes"": 0, ""votes_pct"": 0, ""party"": ""WI"" } ]"
"800065","7","5",5A,Wadena,Red Eye Twp,35.1090610371973,R,"64.98",-64.98,6.18074062903856,"217","[ { ""name"": ""Paul J. Utke"", ""votes"": 179, ""votes_pct"": 82.490000, ""party"": ""R"" }, { ""name"": ""A. John Peters"", ""votes"": 38, ""votes_pct"": 17.510000, ""party"": ""DFL"" }, { ""name"": ""WRITE-IN"", ""votes"": 0, ""votes_pct"": 0, ""party"": ""WI"" } ]"
"800070","7","5",5B,Wadena,Rockwood Twp,34.5349946855885,R,"52.28",-52.28,5.70435877559895,"197","[ { ""name"": ""Paul J. Utke"", ""votes"": 150, ""votes_pct"": 76.140000, ""party"": ""R"" }, { ""name"": ""A. John Peters"", ""votes"": 47, ""votes_pct"": 23.860000, ""party"": ""DFL"" }, { ""name"": ""WRITE-IN"", ""votes"": 0, ""votes_pct"": 0, ""party"": ""WI"" } ]"
"800075","7","5",5B,Wadena,Sebeka,2.47473193361308,R,"42.06",-42.06,101.829210904505,"252","[ { ""name"": ""Paul J. Utke"", ""votes"": 179, ""votes_pct"": 71.030000, ""party"": ""R"" }, { ""name"": ""A. John Peters"", ""votes"": 73, ""votes_pct"": 28.970000, ""party"": ""DFL"" }, { ""name"": ""WRITE-IN"", ""votes"": 0, ""votes_pct"": 0, ""party"": ""WI"" } ]"
"800080","7","5",5A,Wadena,Shell River Twp,36.1094422949617,R,"34.38",-34.38,3.54477920080919,"128","[ { ""name"": ""Paul J. Utke"", ""votes"": 86, ""votes_pct"": 67.190000, ""party"": ""R"" }, { ""name"": ""A. John Peters"", ""votes"": 42, ""votes_pct"": 32.810000, ""party"": ""DFL"" }, { ""name"": ""WRITE-IN"", ""votes"": 0, ""votes_pct"": 0, ""party"": ""WI"" } ]"
"800085","7","5",5B,Wadena,Staples,2.50718785098725,R,"22.58",-22.58,123.644504689959,"310","[ { ""name"": ""Paul J. Utke"", ""votes"": 190, ""votes_pct"": 61.290000, ""party"": ""R"" }, { ""name"": ""A. John Peters"", ""votes"": 120, ""votes_pct"": 38.710000, ""party"": ""DFL"" }, { ""name"": ""WRITE-IN"", ""votes"": 0, ""votes_pct"": 0, ""party"": ""WI"" } ]"
"800090","7","5",5B,Wadena,Thomastown Twp,41.8935743052255,R,"51.82",-51.82,10.5028040050791,"440","[ { ""name"": ""Paul J. Utke"", ""votes"": 334, ""votes_pct"": 75.910000, ""party"": ""R"" }, { ""name"": ""A. John Peters"", ""votes"": 106, ""votes_pct"": 24.090000, ""party"": ""DFL"" }, { ""name"": ""WRITE-IN"", ""votes"": 0, ""votes_pct"": 0, ""party"": ""WI"" } ]"
"800095","7","5",5B,Wadena,Verndale,1.03151525692387,R,"57.08",-57.08,198.73675994996,"205","[ { ""name"": ""Paul J. Utke"", ""votes"": 161, ""votes_pct"": 78.540000, ""party"": ""R"" }, { ""name"": ""A. John Peters"", ""votes"": 44, ""votes_pct"": 21.460000, ""party"": ""DFL"" }, { ""name"": ""WRITE-IN"", ""votes"": 0, ""votes_pct"": 0, ""party"": ""WI"" } ]"
"800100","7","5",5B,Wadena,Wadena P-1,3.23607276777342,R,"41.46",-41.46,131.950061275599,"427","[ { ""name"": ""Paul J. Utke"", ""votes"": 302, ""votes_pct"": 70.730000, ""party"": ""R"" }, { ""name"": ""A. John Peters"", ""votes"": 125, ""votes_pct"": 29.270000, ""party"": ""DFL"" }, { ""name"": ""WRITE-IN"", ""votes"": 0, ""votes_pct"": 0, ""party"": ""WI"" } ]"
"800105","7","5",5B,Wadena,Wadena P-2,1.49417207501948,R,"37.96",-37.96,241.60537198856,"361","[ { ""name"": ""Paul J. Utke"", ""votes"": 249, ""votes_pct"": 68.980000, ""party"": ""R"" }, { ""name"": ""A. John Peters"", ""votes"": 112, ""votes_pct"": 31.020000, ""party"": ""DFL"" }, { ""name"": ""WRITE-IN"", ""votes"": 0, ""votes_pct"": 0, ""party"": ""WI"" } ]"
"800110","7","5",5B,Wadena,Wadena P-3,0.551876337594153,R,"27.78",-27.78,1108.94408458958,"612","[ { ""name"": ""Paul J. Utke"", ""votes"": 391, ""votes_pct"": 63.890000, ""party"": ""R"" }, { ""name"": ""A. John Peters"", ""votes"": 221, ""votes_pct"": 36.110000, ""party"": ""DFL"" }, { ""name"": ""WRITE-IN"", ""votes"": 0, ""votes_pct"": 0, ""party"": ""WI"" } ]"
"800120","7","5",5B,Wadena,Wadena Twp,31.3652454551865,R,"59.95",-59.95,13.9326185291414,"437","[ { ""name"": ""Paul J. Utke"", ""votes"": 349, ""votes_pct"": 79.860000, ""party"": ""R"" }, { ""name"": ""A. John Peters"", ""votes"": 87, ""votes_pct"": 19.910000, ""party"": ""DFL"" }, { ""name"": ""WRITE-IN"", ""votes"": 1, ""votes_pct"": 0.230000, ""party"": ""WI"" } ]"
"800125","7","5",5B,Wadena,Wing River Twp,36.0576510364442,R,"78.86",-78.86,6.29547387239858,"227","[ { ""name"": ""Paul J. Utke"", ""votes"": 203, ""votes_pct"": 89.430000, ""party"": ""R"" }, { ""name"": ""A. John Peters"", ""votes"": 24, ""votes_pct"": 10.570000, ""party"": ""DFL"" }, { ""name"": ""WRITE-IN"", ""votes"": 0, ""votes_pct"": 0, ""party"": ""WI"" } ]"
"810005","1","19",19A,Waseca,Alton Twp,36.1637041562211,R,"65.10",-65.1,5.86223134345409,"212","[ { ""name"": ""John R. Jasinski"", ""votes"": 175, ""votes_pct"": 82.550000, ""party"": ""R"" }, { ""name"": ""Kate E. Falvey"", ""votes"": 37, ""votes_pct"": 17.450000, ""party"": ""DFL"" }, { ""name"": ""WRITE-IN"", ""votes"": 0, ""votes_pct"": 0, ""party"": ""WI"" } ]"
"810010","1","19",19A,Waseca,Blooming Grove Twp,36.021769223716,R,"49.10",-49.1,9.32769287130918,"336","[ { ""name"": ""John R. Jasinski"", ""votes"": 250, ""votes_pct"": 74.400000, ""party"": ""R"" }, { ""name"": ""Kate E. Falvey"", ""votes"": 85, ""votes_pct"": 25.300000, ""party"": ""DFL"" }, { ""name"": ""WRITE-IN"", ""votes"": 1, ""votes_pct"": 0.300000, ""party"": ""WI"" } ]"
"810015","1","23",23A,Waseca,Byron Twp,36.0937409744083,R,"60.34",-60.34,3.35238179067649,"121","[ { ""name"": ""Gene Dornink"", ""votes"": 97, ""votes_pct"": 80.170000, ""party"": ""R"" }, { ""name"": ""Brandon Lawhead"", ""votes"": 24, ""votes_pct"": 19.830000, ""party"": ""DFL"" }, { ""name"": ""WRITE-IN"", ""votes"": 0, ""votes_pct"": 0, ""party"": ""WI"" } ]"
"810020","1","19",19A,Waseca,Elysian,0.032327986885919,R,"100.00",-100,30.9329499399038,"1","[ { ""name"": ""John R. Jasinski"", ""votes"": 1, ""votes_pct"": 100, ""party"": ""R"" }, { ""name"": ""Kate E. Falvey"", ""votes"": 0, ""votes_pct"": 0, ""party"": ""DFL"" }, { ""name"": ""WRITE-IN"", ""votes"": 0, ""votes_pct"": 0, ""party"": ""WI"" } ]"
"810025","1","23",23A,Waseca,Freedom Twp,36.1386544446299,R,"59.22",-59.22,4.95314512260705,"179","[ { ""name"": ""Gene Dornink"", ""votes"": 142, ""votes_pct"": 79.330000, ""party"": ""R"" }, { ""name"": ""Brandon Lawhead"", ""votes"": 36, ""votes_pct"": 20.110000, ""party"": ""DFL"" }, { ""name"": ""WRITE-IN"", ""votes"": 1, ""votes_pct"": 0.560000, ""party"": ""WI"" } ]"
"810030","1","19",19A,Waseca,Iosco Twp,35.8234189479738,R,"37.26",-37.26,8.98853346375563,"322","[ { ""name"": ""John R. Jasinski"", ""votes"": 221, ""votes_pct"": 68.630000, ""party"": ""R"" }, { ""name"": ""Kate E. Falvey"", ""votes"": 101, ""votes_pct"": 31.370000, ""party"": ""DFL"" }, { ""name"": ""WRITE-IN"", ""votes"": 0, ""votes_pct"": 0, ""party"": ""WI"" } ]"
"810035","1","19",19A,Waseca,Janesville,1.3650577827285,R,"31.25",-31.25,726.709163927974,"992","[ { ""name"": ""John R. Jasinski"", ""votes"": 651, ""votes_pct"": 65.630000, ""party"": ""R"" }, { ""name"": ""Kate E. Falvey"", ""votes"": 341, ""votes_pct"": 34.380000, ""party"": ""DFL"" }, { ""name"": ""WRITE-IN"", ""votes"": 0, ""votes_pct"": 0, ""party"": ""WI"" } ]"
"810045","1","19",19A,Waseca,Janesville Twp,34.5692697298463,R,"29.00",-29,8.88071985318635,"307","[ { ""name"": ""John R. Jasinski"", ""votes"": 198, ""votes_pct"": 64.500000, ""party"": ""R"" }, { ""name"": ""Kate E. Falvey"", ""votes"": 109, ""votes_pct"": 35.500000, ""party"": ""DFL"" }, { ""name"": ""WRITE-IN"", ""votes"": 0, ""votes_pct"": 0, ""party"": ""WI"" } ]"
"810050","1","23",23A,Waseca,New Richland,0.590143786330527,R,"33.06",-33.06,809.972096753184,"478","[ { ""name"": ""Gene Dornink"", ""votes"": 318, ""votes_pct"": 66.530000, ""party"": ""R"" }, { ""name"": ""Brandon Lawhead"", ""votes"": 160, ""votes_pct"": 33.470000, ""party"": ""DFL"" }, { ""name"": ""WRITE-IN"", ""votes"": 0, ""votes_pct"": 0, ""party"": ""WI"" } ]"
"810055","1","23",23A,Waseca,New Richland Twp,35.4930803618648,R,"44.98",-44.98,6.4519618377797,"229","[ { ""name"": ""Gene Dornink"", ""votes"": 166, ""votes_pct"": 72.490000, ""party"": ""R"" }, { ""name"": ""Brandon Lawhead"", ""votes"": 63, ""votes_pct"": 27.510000, ""party"": ""DFL"" }, { ""name"": ""WRITE-IN"", ""votes"": 0, ""votes_pct"": 0, ""party"": ""WI"" } ]"
"810060","1","23",23A,Waseca,Otisco Twp,36.0156786098452,R,"65.10",-65.1,8.27417423473284,"298","[ { ""name"": ""Gene Dornink"", ""votes"": 246, ""votes_pct"": 82.550000, ""party"": ""R"" }, { ""name"": ""Brandon Lawhead"", ""votes"": 52, ""votes_pct"": 17.450000, ""party"": ""DFL"" }, { ""name"": ""WRITE-IN"", ""votes"": 0, ""votes_pct"": 0, ""party"": ""WI"" } ]"
"810065","1","19",19B,Waseca,Saint Mary Twp,35.6157781349198,R,"50.62",-50.62,6.8228187821551,"243","[ { ""name"": ""John R. Jasinski"", ""votes"": 183, ""votes_pct"": 75.310000, ""party"": ""R"" }, { ""name"": ""Kate E. Falvey"", ""votes"": 60, ""votes_pct"": 24.690000, ""party"": ""DFL"" }, { ""name"": ""WRITE-IN"", ""votes"": 0, ""votes_pct"": 0, ""party"": ""WI"" } ]"
"810070","1","23",23A,Waseca,Vivian Twp,35.9158148596319,R,"61.84",-61.84,3.64741828946333,"131","[ { ""name"": ""Gene Dornink"", ""votes"": 106, ""votes_pct"": 80.920000, ""party"": ""R"" }, { ""name"": ""Brandon Lawhead"", ""votes"": 25, ""votes_pct"": 19.080000, ""party"": ""DFL"" }, { ""name"": ""WRITE-IN"", ""votes"": 0, ""votes_pct"": 0, ""party"": ""WI"" } ]"
"810075","1","23",23A,Waseca,Waldorf,0.378449294876968,R,"46.16",-46.16,206.104228640081,"78","[ { ""name"": ""Gene Dornink"", ""votes"": 57, ""votes_pct"": 73.080000, ""party"": ""R"" }, { ""name"": ""Brandon Lawhead"", ""votes"": 21, ""votes_pct"": 26.920000, ""party"": ""DFL"" }, { ""name"": ""WRITE-IN"", ""votes"": 0, ""votes_pct"": 0, ""party"": ""WI"" } ]"
"810080","1","19",19B,Waseca,Waseca W-1 P-A,0.918879181463529,R,"22.97",-22.97,696.500707503952,"640","[ { ""name"": ""John R. Jasinski"", ""votes"": 393, ""votes_pct"": 61.410000, ""party"": ""R"" }, { ""name"": ""Kate E. Falvey"", ""votes"": 246, ""votes_pct"": 38.440000, ""party"": ""DFL"" }, { ""name"": ""WRITE-IN"", ""votes"": 1, ""votes_pct"": 0.160000, ""party"": ""WI"" } ]"
"810085","1","19",19B,Waseca,Waseca W-1 P-B,0.62086301608617,R,"24.58",-24.58,674.867062691727,"419","[ { ""name"": ""John R. Jasinski"", ""votes"": 260, ""votes_pct"": 62.050000, ""party"": ""R"" }, { ""name"": ""Kate E. Falvey"", ""votes"": 157, ""votes_pct"": 37.470000, ""party"": ""DFL"" }, { ""name"": ""WRITE-IN"", ""votes"": 2, ""votes_pct"": 0.480000, ""party"": ""WI"" } ]"
"810090","1","19",19B,Waseca,Waseca W-2 P-A,1.94872240959224,R,"26.61",-26.61,557.288197977483,"1086","[ { ""name"": ""John R. Jasinski"", ""votes"": 687, ""votes_pct"": 63.260000, ""party"": ""R"" }, { ""name"": ""Kate E. Falvey"", ""votes"": 398, ""votes_pct"": 36.650000, ""party"": ""DFL"" }, { ""name"": ""WRITE-IN"", ""votes"": 1, ""votes_pct"": 0.090000, ""party"": ""WI"" } ]"
"810095","1","19",19B,Waseca,Waseca W-2 P-B,0.271532262774802,R,"16.22",-16.22,1362.63733899962,"370","[ { ""name"": ""John R. Jasinski"", ""votes"": 215, ""votes_pct"": 58.110000, ""party"": ""R"" }, { ""name"": ""Kate E. Falvey"", ""votes"": 155, ""votes_pct"": 41.890000, ""party"": ""DFL"" }, { ""name"": ""WRITE-IN"", ""votes"": 0, ""votes_pct"": 0, ""party"": ""WI"" } ]"
"810100","1","19",19B,Waseca,Waseca W-3 P-A,1.03209576076807,R,"26.62",-26.62,269.354851136212,"278","[ { ""name"": ""John R. Jasinski"", ""votes"": 176, ""votes_pct"": 63.310000, ""party"": ""R"" }, { ""name"": ""Kate E. Falvey"", ""votes"": 102, ""votes_pct"": 36.690000, ""party"": ""DFL"" }, { ""name"": ""WRITE-IN"", ""votes"": 0, ""votes_pct"": 0, ""party"": ""WI"" } ]"
"810105","1","19",19B,Waseca,Waseca W-3 P-B,0.659275815719664,R,"30.10",-30.1,922.224030524021,"608","[ { ""name"": ""John R. Jasinski"", ""votes"": 395, ""votes_pct"": 64.970000, ""party"": ""R"" }, { ""name"": ""Kate E. Falvey"", ""votes"": 212, ""votes_pct"": 34.870000, ""party"": ""DFL"" }, { ""name"": ""WRITE-IN"", ""votes"": 1, ""votes_pct"": 0.160000, ""party"": ""WI"" } ]"
"810110","1","23",23A,Waseca,Wilton Twp,36.1385480846204,R,"44.32",-44.32,5.36822894892563,"194","[ { ""name"": ""Gene Dornink"", ""votes"": 140, ""votes_pct"": 72.160000, ""party"": ""R"" }, { ""name"": ""Brandon Lawhead"", ""votes"": 54, ""votes_pct"": 27.840000, ""party"": ""DFL"" }, { ""name"": ""WRITE-IN"", ""votes"": 0, ""votes_pct"": 0, ""party"": ""WI"" } ]"
"810115","1","19",19B,Waseca,Woodville Twp P-1,30.7934079676037,R,"49.56",-49.56,25.3625711328104,"781","[ { ""name"": ""John R. Jasinski"", ""votes"": 584, ""votes_pct"": 74.780000, ""party"": ""R"" }, { ""name"": ""Kate E. Falvey"", ""votes"": 197, ""votes_pct"": 25.220000, ""party"": ""DFL"" }, { ""name"": ""WRITE-IN"", ""votes"": 0, ""votes_pct"": 0, ""party"": ""WI"" } ]"
"810120","1","19",19B,Waseca,Woodville Twp P-2,0.0776191581664785,R,"100.00",-100,12.8834172338637,"1","[ { ""name"": ""John R. Jasinski"", ""votes"": 1, ""votes_pct"": 100, ""party"": ""R"" }, { ""name"": ""Kate E. Falvey"", ""votes"": 0, ""votes_pct"": 0, ""party"": ""DFL"" }, { ""name"": ""WRITE-IN"", ""votes"": 0, ""votes_pct"": 0, ""party"": ""WI"" } ]"
"820005","4","41",41A,Washington,Afton W-1 P-1,5.76550466205714,DFL,"16.44",16.44,87.5899040240851,"505","[ { ""name"": ""Judy Seeberger"", ""votes"": 294, ""votes_pct"": 58.220000, ""party"": ""DFL"" }, { ""name"": ""Tom Dippel"", ""votes"": 211, ""votes_pct"": 41.780000, ""party"": ""R"" }, { ""name"": ""WRITE-IN"", ""votes"": 0, ""votes_pct"": 0, ""party"": ""WI"" } ]"
"820010","4","41",41A,Washington,Afton W-2 P-2,9.455745231504,R,"2.20",-2.2,48.1188937371179,"455","[ { ""name"": ""Tom Dippel"", ""votes"": 232, ""votes_pct"": 50.990000, ""party"": ""R"" }, { ""name"": ""Judy Seeberger"", ""votes"": 222, ""votes_pct"": 48.790000, ""party"": ""DFL"" }, { ""name"": ""WRITE-IN"", ""votes"": 1, ""votes_pct"": 0.220000, ""party"": ""WI"" } ]"
"820015","4","41",41A,Washington,Afton W-3 P-3,4.70358654721956,DFL,"13.96",13.96,95.8842779807253,"451","[ { ""name"": ""Judy Seeberger"", ""votes"": 257, ""votes_pct"": 56.980000, ""party"": ""DFL"" }, { ""name"": ""Tom Dippel"", ""votes"": 194, ""votes_pct"": 43.020000, ""party"": ""R"" }, { ""name"": ""WRITE-IN"", ""votes"": 0, ""votes_pct"": 0, ""party"": ""WI"" } ]"
"820020","4","41",41A,Washington,Afton W-4 P-4,6.38270266165389,DFL,"7.30",7.3,70.8163961193952,"452","[ { ""name"": ""Judy Seeberger"", ""votes"": 242, ""votes_pct"": 53.540000, ""party"": ""DFL"" }, { ""name"": ""Tom Dippel"", ""votes"": 209, ""votes_pct"": 46.240000, ""party"": ""R"" }, { ""name"": ""WRITE-IN"", ""votes"": 1, ""votes_pct"": 0.220000, ""party"": ""WI"" } ]"
"820025","4","33",33B,Washington,Bayport,1.78322923563385,DFL,"2.40",2.4,722.285152274426,"1288","[ { ""name"": ""Nancy McLean"", ""votes"": 659, ""votes_pct"": 51.160000, ""party"": ""DFL"" }, { ""name"": ""Karin Housley"", ""votes"": 628, ""votes_pct"": 48.760000, ""party"": ""R"" }, { ""name"": ""WRITE-IN"", ""votes"": 1, ""votes_pct"": 0.080000, ""party"": ""WI"" } ]"
"820030","4","41",41A,Washington,Baytown Twp,9.13841258366322,R,"7.04",-7.04,140.068090413018,"1280","[ { ""name"": ""Tom Dippel"", ""votes"": 685, ""votes_pct"": 53.520000, ""party"": ""R"" }, { ""name"": ""Judy Seeberger"", ""votes"": 595, ""votes_pct"": 46.480000, ""party"": ""DFL"" }, { ""name"": ""WRITE-IN"", ""votes"": 0, ""votes_pct"": 0, ""party"": ""WI"" } ]"
"820035","4","36",36B,Washington,Birchwood Village,0.34949922607417,DFL,"25.12",25.12,1719.60323560905,"601","[ { ""name"": ""Heather Gustafson"", ""votes"": 376, ""votes_pct"": 62.560000, ""party"": ""DFL"" }, { ""name"": ""Roger Chamberlain"", ""votes"": 225, ""votes_pct"": 37.440000, ""party"": ""R"" }, { ""name"": ""WRITE-IN"", ""votes"": 0, ""votes_pct"": 0, ""party"": ""WI"" } ]"
"820040","2","41",41A,Washington,Cottage Grove P-1,4.16662980560541,DFL,"9.43",9.43,1099.44972645209,"4581","[ { ""name"": ""Judy Seeberger"", ""votes"": 2505, ""votes_pct"": 54.680000, ""party"": ""DFL"" }, { ""name"": ""Tom Dippel"", ""votes"": 2073, ""votes_pct"": 45.250000, ""party"": ""R"" }, { ""name"": ""WRITE-IN"", ""votes"": 3, ""votes_pct"": 0.070000, ""party"": ""WI"" } ]"
"820045","2","41",41A,Washington,Cottage Grove P-2,5.6389989061692,DFL,"1.76",1.76,475.438999831499,"2681","[ { ""name"": ""Judy Seeberger"", ""votes"": 1364, ""votes_pct"": 50.880000, ""party"": ""DFL"" }, { ""name"": ""Tom Dippel"", ""votes"": 1317, ""votes_pct"": 49.120000, ""party"": ""R"" }, { ""name"": ""WRITE-IN"", ""votes"": 0, ""votes_pct"": 0, ""party"": ""WI"" } ]"
"820050","2","41",41B,Washington,Cottage Grove P-3,1.25225753632422,DFL,"11.53",11.53,1205.02369219466,"1509","[ { ""name"": ""Judy Seeberger"", ""votes"": 840, ""votes_pct"": 55.670000, ""party"": ""DFL"" }, { ""name"": ""Tom Dippel"", ""votes"": 666, ""votes_pct"": 44.140000, ""party"": ""R"" }, { ""name"": ""WRITE-IN"", ""votes"": 3, ""votes_pct"": 0.200000, ""party"": ""WI"" } ]"
"820055","2","41",41B,Washington,Cottage Grove P-4,1.4762246514148,DFL,"10.05",10.05,1448.96645503786,"2139","[ { ""name"": ""Judy Seeberger"", ""votes"": 1176, ""votes_pct"": 54.980000, ""party"": ""DFL"" }, { ""name"": ""Tom Dippel"", ""votes"": 961, ""votes_pct"": 44.930000, ""party"": ""R"" }, { ""name"": ""WRITE-IN"", ""votes"": 2, ""votes_pct"": 0.090000, ""party"": ""WI"" } ]"
"820060","2","41",41B,Washington,Cottage Grove P-5,8.53378945747614,DFL,"5.43",5.43,332.208805259,"2835","[ { ""name"": ""Judy Seeberger"", ""votes"": 1494, ""votes_pct"": 52.700000, ""party"": ""DFL"" }, { ""name"": ""Tom Dippel"", ""votes"": 1340, ""votes_pct"": 47.270000, ""party"": ""R"" }, { ""name"": ""WRITE-IN"", ""votes"": 1, ""votes_pct"": 0.040000, ""party"": ""WI"" } ]"
"820065","2","53",53B,Washington,Cottage Grove P-6,3.15621393470955,DFL,"10.61",10.61,827.256977509123,"2611","[ { ""name"": ""Matt Klein"", ""votes"": 1441, ""votes_pct"": 55.190000, ""party"": ""DFL"" }, { ""name"": ""Chris Rausch"", ""votes"": 1164, ""votes_pct"": 44.580000, ""party"": ""R"" }, { ""name"": ""WRITE-IN"", ""votes"": 6, ""votes_pct"": 0.230000, ""party"": ""WI"" } ]"
"820070","2","41",41B,Washington,Cottage Grove P-7,13.6063084418247,DFL,"4.41",4.41,79.889413403172,"1087","[ { ""name"": ""Judy Seeberger"", ""votes"": 567, ""votes_pct"": 52.160000, ""party"": ""DFL"" }, { ""name"": ""Tom Dippel"", ""votes"": 519, ""votes_pct"": 47.750000, ""party"": ""R"" }, { ""name"": ""WRITE-IN"", ""votes"": 1, ""votes_pct"": 0.090000, ""party"": ""WI"" } ]"
"820095","4","33",33A,Washington,Dellwood,2.82419091907653,R,"21.06",-21.06,252.107601929693,"712","[ { ""name"": ""Karin Housley"", ""votes"": 431, ""votes_pct"": 60.530000, ""party"": ""R"" }, { ""name"": ""Nancy McLean"", ""votes"": 281, ""votes_pct"": 39.470000, ""party"": ""DFL"" }, { ""name"": ""WRITE-IN"", ""votes"": 0, ""votes_pct"": 0, ""party"": ""WI"" } ]"
"820100","2","41",41B,Washington,Denmark Twp,22.7267480189821,R,"18.24",-18.24,34.9808076076696,"795","[ { ""name"": ""Tom Dippel"", ""votes"": 469, ""votes_pct"": 58.990000, ""party"": ""R"" }, { ""name"": ""Judy Seeberger"", ""votes"": 324, ""votes_pct"": 40.750000, ""party"": ""DFL"" }, { ""name"": ""WRITE-IN"", ""votes"": 2, ""votes_pct"": 0.250000, ""party"": ""WI"" } ]"
"820102","2","41",41A,Washington,Denmark Twp P-2,7.50468917032263,R,"12.08",-12.08,43.0397572330253,"323","[ { ""name"": ""Tom Dippel"", ""votes"": 181, ""votes_pct"": 56.040000, ""party"": ""R"" }, { ""name"": ""Judy Seeberger"", ""votes"": 142, ""votes_pct"": 43.960000, ""party"": ""DFL"" }, { ""name"": ""WRITE-IN"", ""votes"": 0, ""votes_pct"": 0, ""party"": ""WI"" } ]"
"820105","8","33",33B,Washington,Forest Lake P-1,1.8693309224008,R,"15.45",-15.45,287.268558800882,"537","[ { ""name"": ""Karin Housley"", ""votes"": 309, ""votes_pct"": 57.540000, ""party"": ""R"" }, { ""name"": ""Nancy McLean"", ""votes"": 226, ""votes_pct"": 42.090000, ""party"": ""DFL"" }, { ""name"": ""WRITE-IN"", ""votes"": 2, ""votes_pct"": 0.370000, ""party"": ""WI"" } ]"
"820110","8","33",33A,Washington,Forest Lake P-2,2.51710325649268,R,"19.22",-19.22,967.779130123692,"2436","[ { ""name"": ""Karin Housley"", ""votes"": 1452, ""votes_pct"": 59.610000, ""party"": ""R"" }, { ""name"": ""Nancy McLean"", ""votes"": 984, ""votes_pct"": 40.390000, ""party"": ""DFL"" }, { ""name"": ""WRITE-IN"", ""votes"": 0, ""votes_pct"": 0, ""party"": ""WI"" } ]"
"820115","8","33",33B,Washington,Forest Lake P-3,9.54692282090547,R,"28.07",-28.07,202.264125962302,"1931","[ { ""name"": ""Karin Housley"", ""votes"": 1236, ""votes_pct"": 64.010000, ""party"": ""R"" }, { ""name"": ""Nancy McLean"", ""votes"": 694, ""votes_pct"": 35.940000, ""party"": ""DFL"" }, { ""name"": ""WRITE-IN"", ""votes"": 1, ""votes_pct"": 0.050000, ""party"": ""WI"" } ]"
"820120","8","33",33A,Washington,Forest Lake P-4,14.4618676279249,R,"27.50",-27.5,177.570426314881,"2568","[ { ""name"": ""Karin Housley"", ""votes"": 1637, ""votes_pct"": 63.750000, ""party"": ""R"" }, { ""name"": ""Nancy McLean"", ""votes"": 931, ""votes_pct"": 36.250000, ""party"": ""DFL"" }, { ""name"": ""WRITE-IN"", ""votes"": 0, ""votes_pct"": 0, ""party"": ""WI"" } ]"
"820125","8","33",33A,Washington,Forest Lake P-5,7.12577842270866,R,"21.77",-21.77,252.744316924101,"1801","[ { ""name"": ""Karin Housley"", ""votes"": 1096, ""votes_pct"": 60.860000, ""party"": ""R"" }, { ""name"": ""Nancy McLean"", ""votes"": 704, ""votes_pct"": 39.090000, ""party"": ""DFL"" }, { ""name"": ""WRITE-IN"", ""votes"": 1, ""votes_pct"": 0.060000, ""party"": ""WI"" } ]"
"820130","4","41",41A,Washington,Grant P-1,17.2751484085795,R,"12.00",-12,96.4391136097333,"1666","[ { ""name"": ""Tom Dippel"", ""votes"": 933, ""votes_pct"": 56, ""party"": ""R"" }, { ""name"": ""Judy Seeberger"", ""votes"": 733, ""votes_pct"": 44, ""party"": ""DFL"" }, { ""name"": ""WRITE-IN"", ""votes"": 0, ""votes_pct"": 0, ""party"": ""WI"" } ]"
"820132","4","33",33A,Washington,Grant P-2,9.17566565204718,R,"14.64",-14.64,94.4890575657107,"867","[ { ""name"": ""Karin Housley"", ""votes"": 497, ""votes_pct"": 57.320000, ""party"": ""R"" }, { ""name"": ""Nancy McLean"", ""votes"": 370, ""votes_pct"": 42.680000, ""party"": ""DFL"" }, { ""name"": ""WRITE-IN"", ""votes"": 0, ""votes_pct"": 0, ""party"": ""WI"" } ]"
"820135","2","53",53B,Washington,Grey Cloud Island Twp,2.69130973839027,R,"8.28",-8.28,58.3359090038833,"157","[ { ""name"": ""Chris Rausch"", ""votes"": 85, ""votes_pct"": 54.140000, ""party"": ""R"" }, { ""name"": ""Matt Klein"", ""votes"": 72, ""votes_pct"": 45.860000, ""party"": ""DFL"" }, { ""name"": ""WRITE-IN"", ""votes"": 0, ""votes_pct"": 0, ""party"": ""WI"" } ]"
"820140","2","41",41B,Washington,Hastings W-2 P-1,0.424536001556238,DFL,"100.00",100,2.35551283362132,"1","[ { ""name"": ""Judy Seeberger"", ""votes"": 1, ""votes_pct"": 100, ""party"": ""DFL"" }, { ""name"": ""Tom Dippel"", ""votes"": 0, ""votes_pct"": 0, ""party"": ""R"" }, { ""name"": ""WRITE-IN"", ""votes"": 0, ""votes_pct"": 0, ""party"": ""WI"" } ]"
"820145","8","33",33A,Washington,Hugo W-1 P-1,2.76785392861049,R,"4.88",-4.88,644.181393233818,"1783","[ { ""name"": ""Karin Housley"", ""votes"": 935, ""votes_pct"": 52.440000, ""party"": ""R"" }, { ""name"": ""Nancy McLean"", ""votes"": 848, ""votes_pct"": 47.560000, ""party"": ""DFL"" }, { ""name"": ""WRITE-IN"", ""votes"": 0, ""votes_pct"": 0, ""party"": ""WI"" } ]"
"820147","8","33",33A,Washington,Hugo W-1 P-2,1.15413373709291,R,"14.38",-14.38,1078.73113833062,"1245","[ { ""name"": ""Karin Housley"", ""votes"": 712, ""votes_pct"": 57.190000, ""party"": ""R"" }, { ""name"": ""Nancy McLean"", ""votes"": 533, ""votes_pct"": 42.810000, ""party"": ""DFL"" }, { ""name"": ""WRITE-IN"", ""votes"": 0, ""votes_pct"": 0, ""party"": ""WI"" } ]"
"820150","8","33",33A,Washington,Hugo W-2 P-3,2.10391415155865,R,"11.21",-11.21,1009.07159088559,"2123","[ { ""name"": ""Karin Housley"", ""votes"": 1180, ""votes_pct"": 55.580000, ""party"": ""R"" }, { ""name"": ""Nancy McLean"", ""votes"": 942, ""votes_pct"": 44.370000, ""party"": ""DFL"" }, { ""name"": ""WRITE-IN"", ""votes"": 1, ""votes_pct"": 0.050000, ""party"": ""WI"" } ]"
"820155","8","33",33A,Washington,Hugo W-2 P-4,6.38690183502228,R,"24.00",-24,73.744674987377,"471","[ { ""name"": ""Karin Housley"", ""votes"": 292, ""votes_pct"": 62, ""party"": ""R"" }, { ""name"": ""Nancy McLean"", ""votes"": 179, ""votes_pct"": 38, ""party"": ""DFL"" }, { ""name"": ""WRITE-IN"", ""votes"": 0, ""votes_pct"": 0, ""party"": ""WI"" } ]"
"820160","8","33",33A,Washington,Hugo W-3 P-5,14.7675208852057,R,"24.92",-24.92,116.810398536706,"1725","[ { ""name"": ""Karin Housley"", ""votes"": 1077, ""votes_pct"": 62.430000, ""party"": ""R"" }, { ""name"": ""Nancy McLean"", ""votes"": 647, ""votes_pct"": 37.510000, ""party"": ""DFL"" }, { ""name"": ""WRITE-IN"", ""votes"": 1, ""votes_pct"": 0.060000, ""party"": ""WI"" } ]"
"820165","8","33",33A,Washington,Hugo W-3 P-6,8.80043848322067,R,"31.08",-31.08,90.6772999460771,"798","[ { ""name"": ""Karin Housley"", ""votes"": 523, ""votes_pct"": 65.540000, ""party"": ""R"" }, { ""name"": ""Nancy McLean"", ""votes"": 275, ""votes_pct"": 34.460000, ""party"": ""DFL"" }, { ""name"": ""WRITE-IN"", ""votes"": 0, ""votes_pct"": 0, ""party"": ""WI"" } ]"
"820170","4","41",41A,Washington,Lake Elmo P-1,13.3257201308689,DFL,"3.01",3.01,271.805198100303,"3622","[ { ""name"": ""Judy Seeberger"", ""votes"": 1864, ""votes_pct"": 51.460000, ""party"": ""DFL"" }, { ""name"": ""Tom Dippel"", ""votes"": 1755, ""votes_pct"": 48.450000, ""party"": ""R"" }, { ""name"": ""WRITE-IN"", ""votes"": 3, ""votes_pct"": 0.080000, ""party"": ""WI"" } ]"
"820175","4","41",41A,Washington,Lake Elmo P-2,10.8817093397856,DFL,"0.78",0.78,293.795753973245,"3197","[ { ""name"": ""Judy Seeberger"", ""votes"": 1609, ""votes_pct"": 50.330000, ""party"": ""DFL"" }, { ""name"": ""Tom Dippel"", ""votes"": 1584, ""votes_pct"": 49.550000, ""party"": ""R"" }, { ""name"": ""WRITE-IN"", ""votes"": 4, ""votes_pct"": 0.130000, ""party"": ""WI"" } ]"
"820180","4","41",41A,Washington,Lake Saint Croix Beach,0.975488161568778,DFL,"12.24",12.24,636.60434279521,"621","[ { ""name"": ""Judy Seeberger"", ""votes"": 348, ""votes_pct"": 56.040000, ""party"": ""DFL"" }, { ""name"": ""Tom Dippel"", ""votes"": 272, ""votes_pct"": 43.800000, ""party"": ""R"" }, { ""name"": ""WRITE-IN"", ""votes"": 1, ""votes_pct"": 0.160000, ""party"": ""WI"" } ]"
"820185","4","41",41A,Washington,Lakeland,2.96029024852918,R,"0.30",-0.3,335.440080746599,"993","[ { ""name"": ""Tom Dippel"", ""votes"": 497, ""votes_pct"": 50.050000, ""party"": ""R"" }, { ""name"": ""Judy Seeberger"", ""votes"": 494, ""votes_pct"": 49.750000, ""party"": ""DFL"" }, { ""name"": ""WRITE-IN"", ""votes"": 2, ""votes_pct"": 0.200000, ""party"": ""WI"" } ]"
"820190","4","41",41A,Washington,Lakeland Shores,0.693946857434688,DFL,"1.06",1.06,270.914116817215,"188","[ { ""name"": ""Judy Seeberger"", ""votes"": 95, ""votes_pct"": 50.530000, ""party"": ""DFL"" }, { ""name"": ""Tom Dippel"", ""votes"": 93, ""votes_pct"": 49.470000, ""party"": ""R"" }, { ""name"": ""WRITE-IN"", ""votes"": 0, ""votes_pct"": 0, ""party"": ""WI"" } ]"
"820195","4","44",44B,Washington,Landfall,0.0827110187526051,DFL,"14.55",14.55,1910.26543237957,"158","[ { ""name"": ""Tou Xiong"", ""votes"": 90, ""votes_pct"": 56.960000, ""party"": ""DFL"" }, { ""name"": ""Paul Babin"", ""votes"": 67, ""votes_pct"": 42.410000, ""party"": ""R"" }, { ""name"": ""WRITE-IN"", ""votes"": 1, ""votes_pct"": 0.630000, ""party"": ""WI"" } ]"
"820200","4","33",33A,Washington,Mahtomedi P-1,3.5054442843553,DFL,"9.62",9.62,572.537982976134,"2007","[ { ""name"": ""Nancy McLean"", ""votes"": 1100, ""votes_pct"": 54.810000, ""party"": ""DFL"" }, { ""name"": ""Karin Housley"", ""votes"": 907, ""votes_pct"": 45.190000, ""party"": ""R"" }, { ""name"": ""WRITE-IN"", ""votes"": 0, ""votes_pct"": 0, ""party"": ""WI"" } ]"
"820205","4","33",33A,Washington,Mahtomedi P-2,2.20079918771213,DFL,"8.78",8.78,1129.13527680066,"2485","[ { ""name"": ""Nancy McLean"", ""votes"": 1351, ""votes_pct"": 54.370000, ""party"": ""DFL"" }, { ""name"": ""Karin Housley"", ""votes"": 1133, ""votes_pct"": 45.590000, ""party"": ""R"" }, { ""name"": ""WRITE-IN"", ""votes"": 1, ""votes_pct"": 0.040000, ""party"": ""WI"" } ]"
"820210","8","33",33B,Washington,Marine on Saint Croix,3.81915827080316,DFL,"41.62",41.62,126.467657465902,"483","[ { ""name"": ""Nancy McLean"", ""votes"": 342, ""votes_pct"": 70.810000, ""party"": ""DFL"" }, { ""name"": ""Karin Housley"", ""votes"": 141, ""votes_pct"": 29.190000, ""party"": ""R"" }, { ""name"": ""WRITE-IN"", ""votes"": 0, ""votes_pct"": 0, ""party"": ""WI"" } ]"
"820215","8","33",33B,Washington,May Twp,38.2805405678767,R,"11.15",-11.15,46.1592227744763,"1767","[ { ""name"": ""Karin Housley"", ""votes"": 981, ""votes_pct"": 55.520000, ""party"": ""R"" }, { ""name"": ""Nancy McLean"", ""votes"": 784, ""votes_pct"": 44.370000, ""party"": ""DFL"" }, { ""name"": ""WRITE-IN"", ""votes"": 2, ""votes_pct"": 0.110000, ""party"": ""WI"" } ]"
"820220","2","53",53B,Washington,Newport,3.85472311465141,DFL,"12.36",12.36,417.410006411188,"1609","[ { ""name"": ""Matt Klein"", ""votes"": 904, ""votes_pct"": 56.180000, ""party"": ""DFL"" }, { ""name"": ""Chris Rausch"", ""votes"": 705, ""votes_pct"": 43.820000, ""party"": ""R"" }, { ""name"": ""WRITE-IN"", ""votes"": 0, ""votes_pct"": 0, ""party"": ""WI"" } ]"
"820225","4","33",33B,Washington,Oak Park Heights,3.34204678656377,DFL,"5.53",5.53,676.830740100364,"2262","[ { ""name"": ""Nancy McLean"", ""votes"": 1193, ""votes_pct"": 52.740000, ""party"": ""DFL"" }, { ""name"": ""Karin Housley"", ""votes"": 1068, ""votes_pct"": 47.210000, ""party"": ""R"" }, { ""name"": ""WRITE-IN"", ""votes"": 1, ""votes_pct"": 0.040000, ""party"": ""WI"" } ]"
"820230","4","44",44B,Washington,Oakdale P-1,1.19049076523391,DFL,"9.40",9.4,947.508399847491,"1128","[ { ""name"": ""Tou Xiong"", ""votes"": 617, ""votes_pct"": 54.700000, ""party"": ""DFL"" }, { ""name"": ""Paul Babin"", ""votes"": 511, ""votes_pct"": 45.300000, ""party"": ""R"" }, { ""name"": ""WRITE-IN"", ""votes"": 0, ""votes_pct"": 0, ""party"": ""WI"" } ]"
"820235","4","44",44B,Washington,Oakdale P-2,0.640599445527327,DFL,"16.93",16.93,1475.18079604658,"945","[ { ""name"": ""Tou Xiong"", ""votes"": 552, ""votes_pct"": 58.410000, ""party"": ""DFL"" }, { ""name"": ""Paul Babin"", ""votes"": 392, ""votes_pct"": 41.480000, ""party"": ""R"" }, { ""name"": ""WRITE-IN"", ""votes"": 1, ""votes_pct"": 0.110000, ""party"": ""WI"" } ]"
"820240","4","44",44B,Washington,Oakdale P-3,1.6698914795084,DFL,"18.17",18.17,1173.13012494484,"1959","[ { ""name"": ""Tou Xiong"", ""votes"": 1156, ""votes_pct"": 59.010000, ""party"": ""DFL"" }, { ""name"": ""Paul Babin"", ""votes"": 800, ""votes_pct"": 40.840000, ""party"": ""R"" }, { ""name"": ""WRITE-IN"", ""votes"": 3, ""votes_pct"": 0.150000, ""party"": ""WI"" } ]"
"820245","4","44",44B,Washington,Oakdale P-4,1.40223063661738,DFL,"18.90",18.9,1007.68016551728,"1413","[ { ""name"": ""Tou Xiong"", ""votes"": 840, ""votes_pct"": 59.450000, ""party"": ""DFL"" }, { ""name"": ""Paul Babin"", ""votes"": 573, ""votes_pct"": 40.550000, ""party"": ""R"" }, { ""name"": ""WRITE-IN"", ""votes"": 0, ""votes_pct"": 0, ""party"": ""WI"" } ]"
"820250","4","44",44B,Washington,Oakdale P-5,1.80644517407812,DFL,"16.77",16.77,838.110130174662,"1514","[ { ""name"": ""Tou Xiong"", ""votes"": 883, ""votes_pct"": 58.320000, ""party"": ""DFL"" }, { ""name"": ""Paul Babin"", ""votes"": 629, ""votes_pct"": 41.550000, ""party"": ""R"" }, { ""name"": ""WRITE-IN"", ""votes"": 2, ""votes_pct"": 0.130000, ""party"": ""WI"" } ]"
"820255","4","44",44B,Washington,Oakdale P-6,2.00243480547053,R,"0.25",-0.25,788.040637172807,"1578","[ { ""name"": ""Paul Babin"", ""votes"": 790, ""votes_pct"": 50.060000, ""party"": ""R"" }, { ""name"": ""Tou Xiong"", ""votes"": 786, ""votes_pct"": 49.810000, ""party"": ""DFL"" }, { ""name"": ""WRITE-IN"", ""votes"": 2, ""votes_pct"": 0.130000, ""party"": ""WI"" } ]"
"820260","4","44",44B,Washington,Oakdale P-7,1.39702718126486,DFL,"13.81",13.81,1654.22694060085,"2311","[ { ""name"": ""Tou Xiong"", ""votes"": 1314, ""votes_pct"": 56.860000, ""party"": ""DFL"" }, { ""name"": ""Paul Babin"", ""votes"": 995, ""votes_pct"": 43.050000, ""party"": ""R"" }, { ""name"": ""WRITE-IN"", ""votes"": 2, ""votes_pct"": 0.090000, ""party"": ""WI"" } ]"
"820265","4","44",44B,Washington,Oakdale P-8,1.2086537684763,DFL,"4.00",4,579.98412637535,"701","[ { ""name"": ""Tou Xiong"", ""votes"": 364, ""votes_pct"": 51.930000, ""party"": ""DFL"" }, { ""name"": ""Paul Babin"", ""votes"": 336, ""votes_pct"": 47.930000, ""party"": ""R"" }, { ""name"": ""WRITE-IN"", ""votes"": 1, ""votes_pct"": 0.140000, ""party"": ""WI"" } ]"
"820275","4","44",44B,Washington,Pine Springs,0.918191380386852,R,"4.25",-4.25,255.937928649461,"235","[ { ""name"": ""Paul Babin"", ""votes"": 122, ""votes_pct"": 51.910000, ""party"": ""R"" }, { ""name"": ""Tou Xiong"", ""votes"": 112, ""votes_pct"": 47.660000, ""party"": ""DFL"" }, { ""name"": ""WRITE-IN"", ""votes"": 1, ""votes_pct"": 0.430000, ""party"": ""WI"" } ]"
"820280","4","41",41A,Washington,Saint Mary's Point,0.390844926432675,DFL,"9.18",9.18,585.910125763002,"229","[ { ""name"": ""Judy Seeberger"", ""votes"": 125, ""votes_pct"": 54.590000, ""party"": ""DFL"" }, { ""name"": ""Tom Dippel"", ""votes"": 104, ""votes_pct"": 45.410000, ""party"": ""R"" }, { ""name"": ""WRITE-IN"", ""votes"": 0, ""votes_pct"": 0, ""party"": ""WI"" } ]"
"820285","2","53",53B,Washington,Saint Paul Park P-1,2.54453254839541,R,"1.48",-1.48,211.433726929241,"538","[ { ""name"": ""Chris Rausch"", ""votes"": 273, ""votes_pct"": 50.740000, ""party"": ""R"" }, { ""name"": ""Matt Klein"", ""votes"": 265, ""votes_pct"": 49.260000, ""party"": ""DFL"" }, { ""name"": ""WRITE-IN"", ""votes"": 0, ""votes_pct"": 0, ""party"": ""WI"" } ]"
"820290","2","53",53B,Washington,Saint Paul Park P-2,0.521185518840987,R,"0.42",-0.42,1345.01050903886,"701","[ { ""name"": ""Chris Rausch"", ""votes"": 352, ""votes_pct"": 50.210000, ""party"": ""R"" }, { ""name"": ""Matt Klein"", ""votes"": 349, ""votes_pct"": 49.790000, ""party"": ""DFL"" }, { ""name"": ""WRITE-IN"", ""votes"": 0, ""votes_pct"": 0, ""party"": ""WI"" } ]"
"820295","2","53",53B,Washington,Saint Paul Park P-3,0.547280822324808,DFL,"3.98",3.98,1419.74644150577,"777","[ { ""name"": ""Matt Klein"", ""votes"": 404, ""votes_pct"": 51.990000, ""party"": ""DFL"" }, { ""name"": ""Chris Rausch"", ""votes"": 373, ""votes_pct"": 48.010000, ""party"": ""R"" }, { ""name"": ""WRITE-IN"", ""votes"": 0, ""votes_pct"": 0, ""party"": ""WI"" } ]"
"820305","8","33",33B,Washington,Scandia,39.8587664821203,R,"14.34",-14.34,59.9868036827619,"2391","[ { ""name"": ""Karin Housley"", ""votes"": 1367, ""votes_pct"": 57.170000, ""party"": ""R"" }, { ""name"": ""Nancy McLean"", ""votes"": 1024, ""votes_pct"": 42.830000, ""party"": ""DFL"" }, { ""name"": ""WRITE-IN"", ""votes"": 0, ""votes_pct"": 0, ""party"": ""WI"" } ]"
"820310","8","33",33B,Washington,Stillwater Twp P-1,14.8657721179968,R,"14.62",-14.62,78.1661383463062,"1162","[ { ""name"": ""Karin Housley"", ""votes"": 666, ""votes_pct"": 57.310000, ""party"": ""R"" }, { ""name"": ""Nancy McLean"", ""votes"": 496, ""votes_pct"": 42.690000, ""party"": ""DFL"" }, { ""name"": ""WRITE-IN"", ""votes"": 0, ""votes_pct"": 0, ""party"": ""WI"" } ]"
"820315","4","33",33B,Washington,Stillwater Twp P-2,0.948668377902102,DFL,"1.04",1.04,102.248585764508,"97","[ { ""name"": ""Nancy McLean"", ""votes"": 49, ""votes_pct"": 50.520000, ""party"": ""DFL"" }, { ""name"": ""Karin Housley"", ""votes"": 48, ""votes_pct"": 49.480000, ""party"": ""R"" }, { ""name"": ""WRITE-IN"", ""votes"": 0, ""votes_pct"": 0, ""party"": ""WI"" } ]"
"820320","4","33",33B,Washington,Stillwater W-1 P-1,2.20982488712271,DFL,"18.93",18.93,1042.616550038,"2304","[ { ""name"": ""Nancy McLean"", ""votes"": 1368, ""votes_pct"": 59.380000, ""party"": ""DFL"" }, { ""name"": ""Karin Housley"", ""votes"": 932, ""votes_pct"": 40.450000, ""party"": ""R"" }, { ""name"": ""WRITE-IN"", ""votes"": 4, ""votes_pct"": 0.170000, ""party"": ""WI"" } ]"
"820330","4","33",33B,Washington,Stillwater W-2 P-2,1.98113344604218,DFL,"20.10",20.1,1293.19910534964,"2562","[ { ""name"": ""Nancy McLean"", ""votes"": 1538, ""votes_pct"": 60.030000, ""party"": ""DFL"" }, { ""name"": ""Karin Housley"", ""votes"": 1023, ""votes_pct"": 39.930000, ""party"": ""R"" }, { ""name"": ""WRITE-IN"", ""votes"": 1, ""votes_pct"": 0.040000, ""party"": ""WI"" } ]"
"820340","4","33",33B,Washington,Stillwater W-3 P-3,2.90262812690951,R,"0.54",-0.54,1010.8080924317,"2934","[ { ""name"": ""Karin Housley"", ""votes"": 1475, ""votes_pct"": 50.270000, ""party"": ""R"" }, { ""name"": ""Nancy McLean"", ""votes"": 1459, ""votes_pct"": 49.730000, ""party"": ""DFL"" }, { ""name"": ""WRITE-IN"", ""votes"": 0, ""votes_pct"": 0, ""party"": ""WI"" } ]"
"820350","4","33",33B,Washington,Stillwater W-4 P-4,2.02301118804084,DFL,"9.99",9.99,1365.78582280397,"2763","[ { ""name"": ""Nancy McLean"", ""votes"": 1519, ""votes_pct"": 54.980000, ""party"": ""DFL"" }, { ""name"": ""Karin Housley"", ""votes"": 1243, ""votes_pct"": 44.990000, ""party"": ""R"" }, { ""name"": ""WRITE-IN"", ""votes"": 1, ""votes_pct"": 0.040000, ""party"": ""WI"" } ]"
"820360","4","41",41A,Washington,West Lakeland Twp,12.6571049391372,R,"6.52",-6.52,185.271435393491,"2345","[ { ""name"": ""Tom Dippel"", ""votes"": 1248, ""votes_pct"": 53.220000, ""party"": ""R"" }, { ""name"": ""Judy Seeberger"", ""votes"": 1095, ""votes_pct"": 46.700000, ""party"": ""DFL"" }, { ""name"": ""WRITE-IN"", ""votes"": 2, ""votes_pct"": 0.090000, ""party"": ""WI"" } ]"
"820365","4","36",36B,Washington,White Bear Lake W-4 P-2,0.0803768634161064,DFL,"10.98",10.98,2152.36067504139,"173","[ { ""name"": ""Heather Gustafson"", ""votes"": 96, ""votes_pct"": 55.490000, ""party"": ""DFL"" }, { ""name"": ""Roger Chamberlain"", ""votes"": 77, ""votes_pct"": 44.510000, ""party"": ""R"" }, { ""name"": ""WRITE-IN"", ""votes"": 0, ""votes_pct"": 0, ""party"": ""WI"" } ]"
"820370","4","33",33A,Washington,Willernie,0.129675554307328,DFL,"10.82",10.82,1781.36890359872,"231","[ { ""name"": ""Nancy McLean"", ""votes"": 128, ""votes_pct"": 55.410000, ""party"": ""DFL"" }, { ""name"": ""Karin Housley"", ""votes"": 103, ""votes_pct"": 44.590000, ""party"": ""R"" }, { ""name"": ""WRITE-IN"", ""votes"": 0, ""votes_pct"": 0, ""party"": ""WI"" } ]"
"820375","4","47",47A,Washington,Woodbury P-1,1.71729070011299,DFL,"29.04",29.04,860.075699415842,"1477","[ { ""name"": ""Nicole Mitchell"", ""votes"": 953, ""votes_pct"": 64.520000, ""party"": ""DFL"" }, { ""name"": ""Dwight Dorau"", ""votes"": 524, ""votes_pct"": 35.480000, ""party"": ""R"" }, { ""name"": ""WRITE-IN"", ""votes"": 0, ""votes_pct"": 0, ""party"": ""WI"" } ]"
"820380","4","47",47A,Washington,Woodbury P-2,2.55170028064852,DFL,"23.42",23.42,898.616509701222,"2293","[ { ""name"": ""Nicole Mitchell"", ""votes"": 1415, ""votes_pct"": 61.710000, ""party"": ""DFL"" }, { ""name"": ""Dwight Dorau"", ""votes"": 878, ""votes_pct"": 38.290000, ""party"": ""R"" }, { ""name"": ""WRITE-IN"", ""votes"": 0, ""votes_pct"": 0, ""party"": ""WI"" } ]"
"820385","4","47",47A,Washington,Woodbury P-3,1.1692639520592,DFL,"32.05",32.05,888.593202732545,"1039","[ { ""name"": ""Nicole Mitchell"", ""votes"": 686, ""votes_pct"": 66.030000, ""party"": ""DFL"" }, { ""name"": ""Dwight Dorau"", ""votes"": 353, ""votes_pct"": 33.980000, ""party"": ""R"" }, { ""name"": ""WRITE-IN"", ""votes"": 0, ""votes_pct"": 0, ""party"": ""WI"" } ]"
"820390","4","47",47A,Washington,Woodbury P-4,1.33247132617599,DFL,"25.48",25.48,1387.64712131283,"1849","[ { ""name"": ""Nicole Mitchell"", ""votes"": 1160, ""votes_pct"": 62.740000, ""party"": ""DFL"" }, { ""name"": ""Dwight Dorau"", ""votes"": 689, ""votes_pct"": 37.260000, ""party"": ""R"" }, { ""name"": ""WRITE-IN"", ""votes"": 0, ""votes_pct"": 0, ""party"": ""WI"" } ]"
"820395","4","47",47A,Washington,Woodbury P-5,1.4110310248556,DFL,"31.55",31.55,1359.28974360878,"1918","[ { ""name"": ""Nicole Mitchell"", ""votes"": 1261, ""votes_pct"": 65.750000, ""party"": ""DFL"" }, { ""name"": ""Dwight Dorau"", ""votes"": 656, ""votes_pct"": 34.200000, ""party"": ""R"" }, { ""name"": ""WRITE-IN"", ""votes"": 1, ""votes_pct"": 0.050000, ""party"": ""WI"" } ]"
"820400","4","47",47A,Washington,Woodbury P-6,0.935939556152172,DFL,"14.82",14.82,2162.53281175662,"2024","[ { ""name"": ""Nicole Mitchell"", ""votes"": 1161, ""votes_pct"": 57.360000, ""party"": ""DFL"" }, { ""name"": ""Dwight Dorau"", ""votes"": 861, ""votes_pct"": 42.540000, ""party"": ""R"" }, { ""name"": ""WRITE-IN"", ""votes"": 2, ""votes_pct"": 0.100000, ""party"": ""WI"" } ]"
"820405","4","47",47A,Washington,Woodbury P-7,0.889906929516891,DFL,"17.24",17.24,2039.53912459736,"1815","[ { ""name"": ""Nicole Mitchell"", ""votes"": 1064, ""votes_pct"": 58.620000, ""party"": ""DFL"" }, { ""name"": ""Dwight Dorau"", ""votes"": 751, ""votes_pct"": 41.380000, ""party"": ""R"" }, { ""name"": ""WRITE-IN"", ""votes"": 0, ""votes_pct"": 0, ""party"": ""WI"" } ]"
"820410","4","47",47A,Washington,Woodbury P-8,2.05768708881664,DFL,"14.94",14.94,1180.93757462291,"2430","[ { ""name"": ""Nicole Mitchell"", ""votes"": 1396, ""votes_pct"": 57.450000, ""party"": ""DFL"" }, { ""name"": ""Dwight Dorau"", ""votes"": 1033, ""votes_pct"": 42.510000, ""party"": ""R"" }, { ""name"": ""WRITE-IN"", ""votes"": 1, ""votes_pct"": 0.040000, ""party"": ""WI"" } ]"
"820415","4","47",47B,Washington,Woodbury P-9,1.99586247945599,DFL,"17.47",17.47,1523.15103434812,"3040","[ { ""name"": ""Nicole Mitchell"", ""votes"": 1785, ""votes_pct"": 58.720000, ""party"": ""DFL"" }, { ""name"": ""Dwight Dorau"", ""votes"": 1254, ""votes_pct"": 41.250000, ""party"": ""R"" }, { ""name"": ""WRITE-IN"", ""votes"": 1, ""votes_pct"": 0.030000, ""party"": ""WI"" } ]"
"820420","4","47",47B,Washington,Woodbury P-10,1.2535686550633,DFL,"22.56",22.56,1969.57700723247,"2469","[ { ""name"": ""Nicole Mitchell"", ""votes"": 1512, ""votes_pct"": 61.240000, ""party"": ""DFL"" }, { ""name"": ""Dwight Dorau"", ""votes"": 955, ""votes_pct"": 38.680000, ""party"": ""R"" }, { ""name"": ""WRITE-IN"", ""votes"": 2, ""votes_pct"": 0.080000, ""party"": ""WI"" } ]"
"820425","4","47",47B,Washington,Woodbury P-11,2.49154558096158,DFL,"12.68",12.68,1339.32930045459,"3337","[ { ""name"": ""Nicole Mitchell"", ""votes"": 1879, ""votes_pct"": 56.310000, ""party"": ""DFL"" }, { ""name"": ""Dwight Dorau"", ""votes"": 1456, ""votes_pct"": 43.630000, ""party"": ""R"" }, { ""name"": ""WRITE-IN"", ""votes"": 2, ""votes_pct"": 0.060000, ""party"": ""WI"" } ]"
"820430","4","47",47B,Washington,Woodbury P-12,1.6825746727055,DFL,"7.23",7.23,1718.79444455788,"2892","[ { ""name"": ""Nicole Mitchell"", ""votes"": 1549, ""votes_pct"": 53.560000, ""party"": ""DFL"" }, { ""name"": ""Dwight Dorau"", ""votes"": 1340, ""votes_pct"": 46.330000, ""party"": ""R"" }, { ""name"": ""WRITE-IN"", ""votes"": 3, ""votes_pct"": 0.100000, ""party"": ""WI"" } ]"
"820435","4","47",47B,Washington,Woodbury P-13,3.36588145805726,DFL,"3.32",3.32,751.066260503163,"2528","[ { ""name"": ""Nicole Mitchell"", ""votes"": 1306, ""votes_pct"": 51.660000, ""party"": ""DFL"" }, { ""name"": ""Dwight Dorau"", ""votes"": 1222, ""votes_pct"": 48.340000, ""party"": ""R"" }, { ""name"": ""WRITE-IN"", ""votes"": 0, ""votes_pct"": 0, ""party"": ""WI"" } ]"
"820440","2","47",47B,Washington,Woodbury P-14,3.77947068876105,DFL,"5.80",5.8,356.134525398643,"1346","[ { ""name"": ""Nicole Mitchell"", ""votes"": 712, ""votes_pct"": 52.900000, ""party"": ""DFL"" }, { ""name"": ""Dwight Dorau"", ""votes"": 634, ""votes_pct"": 47.100000, ""party"": ""R"" }, { ""name"": ""WRITE-IN"", ""votes"": 0, ""votes_pct"": 0, ""party"": ""WI"" } ]"
"820445","2","47",47B,Washington,Woodbury P-15,7.98666737351769,DFL,"14.02",14.02,317.153561246204,"2533","[ { ""name"": ""Nicole Mitchell"", ""votes"": 1444, ""votes_pct"": 57.010000, ""party"": ""DFL"" }, { ""name"": ""Dwight Dorau"", ""votes"": 1089, ""votes_pct"": 42.990000, ""party"": ""R"" }, { ""name"": ""WRITE-IN"", ""votes"": 0, ""votes_pct"": 0, ""party"": ""WI"" } ]"
"820450","4","47",47B,Washington,Woodbury P-16,1.08320659559155,DFL,"6.61",6.61,1704.19937204304,"1846","[ { ""name"": ""Nicole Mitchell"", ""votes"": 983, ""votes_pct"": 53.250000, ""party"": ""DFL"" }, { ""name"": ""Dwight Dorau"", ""votes"": 861, ""votes_pct"": 46.640000, ""party"": ""R"" }, { ""name"": ""WRITE-IN"", ""votes"": 2, ""votes_pct"": 0.110000, ""party"": ""WI"" } ]"
"830005","1","21",21B,Watonwan,Adrian Twp,35.6721887426018,R,"94.52",-94.52,2.0464121371061,"73","[ { ""name"": ""Bill Weber"", ""votes"": 71, ""votes_pct"": 97.260000, ""party"": ""R"" }, { ""name"": ""WRITE-IN"", ""votes"": 2, ""votes_pct"": 2.740000, ""party"": ""WI"" } ]"
"830010","1","22",22A,Watonwan,Antrim Twp,35.7928819074298,R,"92.16",-92.16,2.84972862100906,"102","[ { ""name"": ""Rich Draheim"", ""votes"": 98, ""votes_pct"": 96.080000, ""party"": ""R"" }, { ""name"": ""WRITE-IN"", ""votes"": 4, ""votes_pct"": 3.920000, ""party"": ""WI"" } ]"
"830015","1","21",21B,Watonwan,Butterfield,0.421751712259449,R,"93.54",-93.54,294.011847244663,"124","[ { ""name"": ""Bill Weber"", ""votes"": 120, ""votes_pct"": 96.770000, ""party"": ""R"" }, { ""name"": ""WRITE-IN"", ""votes"": 4, ""votes_pct"": 3.230000, ""party"": ""WI"" } ]"
"830020","1","21",21B,Watonwan,Butterfield Twp,35.5851904151601,R,"98.04",-98.04,2.86636094425803,"102","[ { ""name"": ""Bill Weber"", ""votes"": 101, ""votes_pct"": 99.020000, ""party"": ""R"" }, { ""name"": ""WRITE-IN"", ""votes"": 1, ""votes_pct"": 0.980000, ""party"": ""WI"" } ]"
"830025","1","21",21B,Watonwan,Darfur,0.225765924429603,R,"86.66",-86.66,66.4404960044235,"15","[ { ""name"": ""Bill Weber"", ""votes"": 14, ""votes_pct"": 93.330000, ""party"": ""R"" }, { ""name"": ""WRITE-IN"", ""votes"": 1, ""votes_pct"": 6.670000, ""party"": ""WI"" } ]"
"830030","1","22",22A,Watonwan,Fieldon Twp,35.8552011698595,R,"94.74",-94.74,2.11963669203694,"76","[ { ""name"": ""Rich Draheim"", ""votes"": 74, ""votes_pct"": 97.370000, ""party"": ""R"" }, { ""name"": ""WRITE-IN"", ""votes"": 2, ""votes_pct"": 2.630000, ""party"": ""WI"" } ]"
"830035","1","22",22A,Watonwan,La Salle,0.0876464425627362,R,"100.00",-100,239.599000095965,"21","[ { ""name"": ""Rich Draheim"", ""votes"": 21, ""votes_pct"": 100, ""party"": ""R"" }, { ""name"": ""WRITE-IN"", ""votes"": 0, ""votes_pct"": 0, ""party"": ""WI"" } ]"
"830040","1","22",22A,Watonwan,Lewisville,0.242093730999077,R,"96.82",-96.82,260.229786785516,"63","[ { ""name"": ""Rich Draheim"", ""votes"": 62, ""votes_pct"": 98.410000, ""party"": ""R"" }, { ""name"": ""WRITE-IN"", ""votes"": 1, ""votes_pct"": 1.590000, ""party"": ""WI"" } ]"
"830045","1","21",21B,Watonwan,Long Lake Twp,35.644230517008,R,"95.04",-95.04,4.51686002656664,"161","[ { ""name"": ""Bill Weber"", ""votes"": 157, ""votes_pct"": 97.520000, ""party"": ""R"" }, { ""name"": ""WRITE-IN"", ""votes"": 4, ""votes_pct"": 2.480000, ""party"": ""WI"" } ]"
"830050","1","22",22A,Watonwan,Madelia,1.48721127138956,R,"92.80",-92.8,392.008863310511,"583","[ { ""name"": ""Rich Draheim"", ""votes"": 562, ""votes_pct"": 96.400000, ""party"": ""R"" }, { ""name"": ""WRITE-IN"", ""votes"": 21, ""votes_pct"": 3.600000, ""party"": ""WI"" } ]"
"830060","1","22",22A,Watonwan,Madelia Twp,34.2947887252542,R,"96.82",-96.82,3.67402759088046,"126","[ { ""name"": ""Rich Draheim"", ""votes"": 124, ""votes_pct"": 98.410000, ""party"": ""R"" }, { ""name"": ""WRITE-IN"", ""votes"": 2, ""votes_pct"": 1.590000, ""party"": ""WI"" } ]"
"830065","1","21",21B,Watonwan,Nelson Twp,35.6150034229919,R,"94.54",-94.54,3.08858597298316,"110","[ { ""name"": ""Bill Weber"", ""votes"": 107, ""votes_pct"": 97.270000, ""party"": ""R"" }, { ""name"": ""WRITE-IN"", ""votes"": 3, ""votes_pct"": 2.730000, ""party"": ""WI"" } ]"
"830070","1","21",21B,Watonwan,Odin,0.369830421765733,R,"95.12",-95.12,110.861620859225,"41","[ { ""name"": ""Bill Weber"", ""votes"": 40, ""votes_pct"": 97.560000, ""party"": ""R"" }, { ""name"": ""WRITE-IN"", ""votes"": 1, ""votes_pct"": 2.440000, ""party"": ""WI"" } ]"
"830075","1","21",21B,Watonwan,Odin Twp,35.501812480237,R,"95.46",-95.46,2.47874668508791,"88","[ { ""name"": ""Bill Weber"", ""votes"": 86, ""votes_pct"": 97.730000, ""party"": ""R"" }, { ""name"": ""WRITE-IN"", ""votes"": 2, ""votes_pct"": 2.270000, ""party"": ""WI"" } ]"
"830080","1","21",21B,Watonwan,Ormsby,0.253591316849356,R,"100.00",-100,134.073991264446,"34","[ { ""name"": ""Bill Weber"", ""votes"": 34, ""votes_pct"": 100, ""party"": ""R"" }, { ""name"": ""WRITE-IN"", ""votes"": 0, ""votes_pct"": 0, ""party"": ""WI"" } ]"
"830085","1","22",22A,Watonwan,Riverdale Twp,38.8504103468481,R,"96.74",-96.74,3.16598972576821,"123","[ { ""name"": ""Rich Draheim"", ""votes"": 121, ""votes_pct"": 98.370000, ""party"": ""R"" }, { ""name"": ""WRITE-IN"", ""votes"": 2, ""votes_pct"": 1.630000, ""party"": ""WI"" } ]"
"830090","1","22",22A,Watonwan,Rosendale Twp,38.3721148584645,R,"93.10",-93.1,3.02302858280983,"116","[ { ""name"": ""Rich Draheim"", ""votes"": 112, ""votes_pct"": 96.550000, ""party"": ""R"" }, { ""name"": ""WRITE-IN"", ""votes"": 4, ""votes_pct"": 3.450000, ""party"": ""WI"" } ]"
"830095","1","21",21B,Watonwan,Saint James W-1,0.91607599681884,R,"95.16",-95.16,451.92757089767,"414","[ { ""name"": ""Bill Weber"", ""votes"": 404, ""votes_pct"": 97.580000, ""party"": ""R"" }, { ""name"": ""WRITE-IN"", ""votes"": 10, ""votes_pct"": 2.420000, ""party"": ""WI"" } ]"
"830110","1","21",21B,Watonwan,Saint James W-2,1.49066286209626,R,"94.32",-94.32,354.875682121769,"529","[ { ""name"": ""Bill Weber"", ""votes"": 514, ""votes_pct"": 97.160000, ""party"": ""R"" }, { ""name"": ""WRITE-IN"", ""votes"": 15, ""votes_pct"": 2.840000, ""party"": ""WI"" } ]"
"830125","1","21",21B,Watonwan,Saint James Twp,33.8474973664456,R,"100.00",-100,3.27941527842584,"111","[ { ""name"": ""Bill Weber"", ""votes"": 111, ""votes_pct"": 100, ""party"": ""R"" }, { ""name"": ""WRITE-IN"", ""votes"": 0, ""votes_pct"": 0, ""party"": ""WI"" } ]"
"830135","1","22",22A,Watonwan,South Branch Twp,39.0534361187256,R,"100.00",-100,2.79104762174143,"109","[ { ""name"": ""Rich Draheim"", ""votes"": 109, ""votes_pct"": 100, ""party"": ""R"" }, { ""name"": ""WRITE-IN"", ""votes"": 0, ""votes_pct"": 0, ""party"": ""WI"" } ]"
"840005","7","9",9A,Wilkin,Akron Twp,35.422187475808,even,"0.00",0,2.2867023685457,"81","[ { ""name"": ""Jordan Rasmusson"", ""votes"": 38, ""votes_pct"": 46.910000, ""party"": ""R"" }, { ""name"": ""WRITE-IN"", ""votes"": 38, ""votes_pct"": 46.910000, ""party"": ""WI"" }, { ""name"": ""Cornel Walker"", ""votes"": 5, ""votes_pct"": 6.170000, ""party"": ""DFL"" } ]"
"840010","7","9",9A,Wilkin,Andrea Twp,35.4750635296114,R,"27.59",-27.59,0.817475632588886,"29","[ { ""name"": ""Jordan Rasmusson"", ""votes"": 17, ""votes_pct"": 58.620000, ""party"": ""R"" }, { ""name"": ""Cornel Walker"", ""votes"": 9, ""votes_pct"": 31.030000, ""party"": ""DFL"" }, { ""name"": ""WRITE-IN"", ""votes"": 3, ""votes_pct"": 10.340000, ""party"": ""WI"" } ]"
"840015","7","9",9A,Wilkin,Atherton Twp,36.143839940178,R,"14.82",-14.82,1.49403052053617,"54","[ { ""name"": ""Jordan Rasmusson"", ""votes"": 31, ""votes_pct"": 57.410000, ""party"": ""R"" }, { ""name"": ""Cornel Walker"", ""votes"": 23, ""votes_pct"": 42.590000, ""party"": ""DFL"" }, { ""name"": ""WRITE-IN"", ""votes"": 0, ""votes_pct"": 0, ""party"": ""WI"" } ]"
"840020","7","9",9A,Wilkin,Bradford Twp,35.4088850754811,R,"26.67",-26.67,0.847244976396434,"30","[ { ""name"": ""Jordan Rasmusson"", ""votes"": 18, ""votes_pct"": 60, ""party"": ""R"" }, { ""name"": ""Cornel Walker"", ""votes"": 10, ""votes_pct"": 33.330000, ""party"": ""DFL"" }, { ""name"": ""WRITE-IN"", ""votes"": 2, ""votes_pct"": 6.670000, ""party"": ""WI"" } ]"
"840025","7","9",9A,Wilkin,Brandrup Twp,54.16136749881,R,"58.07",-58.07,1.14472737420011,"62","[ { ""name"": ""Jordan Rasmusson"", ""votes"": 48, ""votes_pct"": 77.420000, ""party"": ""R"" }, { ""name"": ""Cornel Walker"", ""votes"": 12, ""votes_pct"": 19.350000, ""party"": ""DFL"" }, { ""name"": ""WRITE-IN"", ""votes"": 2, ""votes_pct"": 3.230000, ""party"": ""WI"" } ]"
"840030","7","9",9A,Wilkin,Breckenridge P-1,0.699389160451839,R,"38.11",-38.11,679.164086119275,"475","[ { ""name"": ""Jordan Rasmusson"", ""votes"": 323, ""votes_pct"": 68, ""party"": ""R"" }, { ""name"": ""Cornel Walker"", ""votes"": 142, ""votes_pct"": 29.890000, ""party"": ""DFL"" }, { ""name"": ""WRITE-IN"", ""votes"": 10, ""votes_pct"": 2.110000, ""party"": ""WI"" } ]"
"840035","7","9",9A,Wilkin,Breckenridge P-2,1.23879464281416,R,"44.39",-44.39,338.232008372398,"419","[ { ""name"": ""Jordan Rasmusson"", ""votes"": 292, ""votes_pct"": 69.690000, ""party"": ""R"" }, { ""name"": ""Cornel Walker"", ""votes"": 106, ""votes_pct"": 25.300000, ""party"": ""DFL"" }, { ""name"": ""WRITE-IN"", ""votes"": 21, ""votes_pct"": 5.010000, ""party"": ""WI"" } ]"
"840040","7","9",9A,Wilkin,Breckenridge P-3,0.643453494287175,R,"30.37",-30.37,455.355363831832,"293","[ { ""name"": ""Jordan Rasmusson"", ""votes"": 187, ""votes_pct"": 63.820000, ""party"": ""R"" }, { ""name"": ""Cornel Walker"", ""votes"": 98, ""votes_pct"": 33.450000, ""party"": ""DFL"" }, { ""name"": ""WRITE-IN"", ""votes"": 8, ""votes_pct"": 2.730000, ""party"": ""WI"" } ]"
"840050","7","9",9A,Wilkin,Breckenridge Twp,21.0036559192188,R,"67.54",-67.54,5.42762652551775,"114","[ { ""name"": ""Jordan Rasmusson"", ""votes"": 93, ""votes_pct"": 81.580000, ""party"": ""R"" }, { ""name"": ""Cornel Walker"", ""votes"": 16, ""votes_pct"": 14.040000, ""party"": ""DFL"" }, { ""name"": ""WRITE-IN"", ""votes"": 5, ""votes_pct"": 4.390000, ""party"": ""WI"" } ]"
"840055","7","9",9A,Wilkin,Campbell,0.233072720746737,R,"39.13",-39.13,296.044941591329,"69","[ { ""name"": ""Jordan Rasmusson"", ""votes"": 42, ""votes_pct"": 60.870000, ""party"": ""R"" }, { ""name"": ""Cornel Walker"", ""votes"": 15, ""votes_pct"": 21.740000, ""party"": ""DFL"" }, { ""name"": ""WRITE-IN"", ""votes"": 12, ""votes_pct"": 17.390000, ""party"": ""WI"" } ]"
"840060","7","9",9A,Wilkin,Campbell Twp,50.1336067142196,R,"83.87",-83.87,0.618347691932712,"31","[ { ""name"": ""Jordan Rasmusson"", ""votes"": 28, ""votes_pct"": 90.320000, ""party"": ""R"" }, { ""name"": ""Cornel Walker"", ""votes"": 2, ""votes_pct"": 6.450000, ""party"": ""DFL"" }, { ""name"": ""WRITE-IN"", ""votes"": 1, ""votes_pct"": 3.230000, ""party"": ""WI"" } ]"
"840065","7","9",9A,Wilkin,Champion Twp,32.0974695439269,R,"4.76",-4.76,0.654257182836812,"21","[ { ""name"": ""Jordan Rasmusson"", ""votes"": 10, ""votes_pct"": 47.620000, ""party"": ""R"" }, { ""name"": ""Cornel Walker"", ""votes"": 9, ""votes_pct"": 42.860000, ""party"": ""DFL"" }, { ""name"": ""WRITE-IN"", ""votes"": 2, ""votes_pct"": 9.520000, ""party"": ""WI"" } ]"
"840070","7","9",9A,Wilkin,Connelly Twp,24.426704082731,R,"70.22",-70.22,1.92412369023735,"47","[ { ""name"": ""Jordan Rasmusson"", ""votes"": 40, ""votes_pct"": 85.110000, ""party"": ""R"" }, { ""name"": ""Cornel Walker"", ""votes"": 7, ""votes_pct"": 14.890000, ""party"": ""DFL"" }, { ""name"": ""WRITE-IN"", ""votes"": 0, ""votes_pct"": 0, ""party"": ""WI"" } ]"
"840072","7","9",9A,Wilkin,Doran,0.208145977342618,R,"84.62",-84.62,62.4561673781541,"13","[ { ""name"": ""Jordan Rasmusson"", ""votes"": 12, ""votes_pct"": 92.310000, ""party"": ""R"" }, { ""name"": ""Cornel Walker"", ""votes"": 1, ""votes_pct"": 7.690000, ""party"": ""DFL"" }, { ""name"": ""WRITE-IN"", ""votes"": 0, ""votes_pct"": 0, ""party"": ""WI"" } ]"
"840075","7","9",9A,Wilkin,Deerhorn Twp,36.0107767316583,R,"21.74",-21.74,1.27739538479768,"46","[ { ""name"": ""Jordan Rasmusson"", ""votes"": 27, ""votes_pct"": 58.700000, ""party"": ""R"" }, { ""name"": ""Cornel Walker"", ""votes"": 17, ""votes_pct"": 36.960000, ""party"": ""DFL"" }, { ""name"": ""WRITE-IN"", ""votes"": 2, ""votes_pct"": 4.350000, ""party"": ""WI"" } ]"
"840080","7","9",9A,Wilkin,Foxhome,0.36780414609703,R,"37.03",-37.03,146.817268301685,"54","[ { ""name"": ""Jordan Rasmusson"", ""votes"": 35, ""votes_pct"": 64.810000, ""party"": ""R"" }, { ""name"": ""Cornel Walker"", ""votes"": 15, ""votes_pct"": 27.780000, ""party"": ""DFL"" }, { ""name"": ""WRITE-IN"", ""votes"": 4, ""votes_pct"": 7.410000, ""party"": ""WI"" } ]"
"840085","7","9",9A,Wilkin,Foxhome Twp,34.9751073217303,R,"21.28",-21.28,1.34381288862546,"47","[ { ""name"": ""Jordan Rasmusson"", ""votes"": 27, ""votes_pct"": 57.450000, ""party"": ""R"" }, { ""name"": ""Cornel Walker"", ""votes"": 17, ""votes_pct"": 36.170000, ""party"": ""DFL"" }, { ""name"": ""WRITE-IN"", ""votes"": 3, ""votes_pct"": 6.380000, ""party"": ""WI"" } ]"
"840090","7","9",9A,Wilkin,Kent,0.261481871106671,R,"35.00",-35,76.4871381536087,"20","[ { ""name"": ""Jordan Rasmusson"", ""votes"": 13, ""votes_pct"": 65, ""party"": ""R"" }, { ""name"": ""Cornel Walker"", ""votes"": 6, ""votes_pct"": 30, ""party"": ""DFL"" }, { ""name"": ""WRITE-IN"", ""votes"": 1, ""votes_pct"": 5, ""party"": ""WI"" } ]"
"840095","7","9",9A,Wilkin,McCauleyville Twp,9.84948420884571,R,"56.00",-56,2.53820397798575,"25","[ { ""name"": ""Jordan Rasmusson"", ""votes"": 19, ""votes_pct"": 76, ""party"": ""R"" }, { ""name"": ""Cornel Walker"", ""votes"": 5, ""votes_pct"": 20, ""party"": ""DFL"" }, { ""name"": ""WRITE-IN"", ""votes"": 1, ""votes_pct"": 4, ""party"": ""WI"" } ]"
"840100","7","9",9A,Wilkin,Manston Twp,36.0634497751242,R,"36.00",-36,0.693222643864883,"25","[ { ""name"": ""Jordan Rasmusson"", ""votes"": 16, ""votes_pct"": 64, ""party"": ""R"" }, { ""name"": ""Cornel Walker"", ""votes"": 7, ""votes_pct"": 28, ""party"": ""DFL"" }, { ""name"": ""WRITE-IN"", ""votes"": 2, ""votes_pct"": 8, ""party"": ""WI"" } ]"
"840105","7","9",9A,Wilkin,Meadows Twp,36.2598042478429,R,"23.08",-23.08,0.717047445217434,"26","[ { ""name"": ""Jordan Rasmusson"", ""votes"": 14, ""votes_pct"": 53.850000, ""party"": ""R"" }, { ""name"": ""Cornel Walker"", ""votes"": 8, ""votes_pct"": 30.770000, ""party"": ""DFL"" }, { ""name"": ""WRITE-IN"", ""votes"": 4, ""votes_pct"": 15.380000, ""party"": ""WI"" } ]"
"840110","7","9",9A,Wilkin,Mitchell Twp,36.3927261178166,R,"36.84",-36.84,1.04416470140159,"38","[ { ""name"": ""Jordan Rasmusson"", ""votes"": 25, ""votes_pct"": 65.790000, ""party"": ""R"" }, { ""name"": ""Cornel Walker"", ""votes"": 11, ""votes_pct"": 28.950000, ""party"": ""DFL"" }, { ""name"": ""WRITE-IN"", ""votes"": 2, ""votes_pct"": 5.260000, ""party"": ""WI"" } ]"
"840113","7","9",9A,Wilkin,Nashua,3.51054140849369,R,"53.85",-53.85,3.70313250501667,"13","[ { ""name"": ""Jordan Rasmusson"", ""votes"": 9, ""votes_pct"": 69.230000, ""party"": ""R"" }, { ""name"": ""Cornel Walker"", ""votes"": 2, ""votes_pct"": 15.380000, ""party"": ""DFL"" }, { ""name"": ""WRITE-IN"", ""votes"": 2, ""votes_pct"": 15.380000, ""party"": ""WI"" } ]"
"840115","7","9",9A,Wilkin,Nilsen Twp,36.140092483771,R,"71.42",-71.42,0.968453526114164,"35","[ { ""name"": ""Jordan Rasmusson"", ""votes"": 30, ""votes_pct"": 85.710000, ""party"": ""R"" }, { ""name"": ""Cornel Walker"", ""votes"": 5, ""votes_pct"": 14.290000, ""party"": ""DFL"" }, { ""name"": ""WRITE-IN"", ""votes"": 0, ""votes_pct"": 0, ""party"": ""WI"" } ]"
"840120","7","9",9A,Wilkin,Nordick Twp,36.1920505649017,R,"28.57",-28.57,1.16047583224618,"42","[ { ""name"": ""Jordan Rasmusson"", ""votes"": 26, ""votes_pct"": 61.900000, ""party"": ""R"" }, { ""name"": ""Cornel Walker"", ""votes"": 14, ""votes_pct"": 33.330000, ""party"": ""DFL"" }, { ""name"": ""WRITE-IN"", ""votes"": 2, ""votes_pct"": 4.760000, ""party"": ""WI"" } ]"
"840125","7","9",9A,Wilkin,Prairie View Twp,35.0824547399426,R,"56.32",-56.32,2.47987207978772,"87","[ { ""name"": ""Jordan Rasmusson"", ""votes"": 66, ""votes_pct"": 75.860000, ""party"": ""R"" }, { ""name"": ""Cornel Walker"", ""votes"": 17, ""votes_pct"": 19.540000, ""party"": ""DFL"" }, { ""name"": ""WRITE-IN"", ""votes"": 4, ""votes_pct"": 4.600000, ""party"": ""WI"" } ]"
"840130","7","9",9A,Wilkin,Roberts Twp,22.2996758898771,R,"68.42",-68.42,1.70406064140376,"38","[ { ""name"": ""Jordan Rasmusson"", ""votes"": 32, ""votes_pct"": 84.210000, ""party"": ""R"" }, { ""name"": ""Cornel Walker"", ""votes"": 6, ""votes_pct"": 15.790000, ""party"": ""DFL"" }, { ""name"": ""WRITE-IN"", ""votes"": 0, ""votes_pct"": 0, ""party"": ""WI"" } ]"
"840135","7","9",9A,Wilkin,Rothsay,2.02263529427002,R,"18.75",-18.75,63.2837765476628,"128","[ { ""name"": ""Jordan Rasmusson"", ""votes"": 70, ""votes_pct"": 54.690000, ""party"": ""R"" }, { ""name"": ""Cornel Walker"", ""votes"": 46, ""votes_pct"": 35.940000, ""party"": ""DFL"" }, { ""name"": ""WRITE-IN"", ""votes"": 12, ""votes_pct"": 9.380000, ""party"": ""WI"" } ]"
"840140","7","9",9A,Wilkin,Sunnyside Twp,35.7984449360366,R,"55.84",-55.84,2.15093141999829,"77","[ { ""name"": ""Jordan Rasmusson"", ""votes"": 58, ""votes_pct"": 75.320000, ""party"": ""R"" }, { ""name"": ""Cornel Walker"", ""votes"": 15, ""votes_pct"": 19.480000, ""party"": ""DFL"" }, { ""name"": ""WRITE-IN"", ""votes"": 4, ""votes_pct"": 5.190000, ""party"": ""WI"" } ]"
"840145","7","9",9A,Wilkin,Tanberg Twp,33.2820735661943,R,"39.40",-39.4,0.991524759849073,"33","[ { ""name"": ""Jordan Rasmusson"", ""votes"": 21, ""votes_pct"": 63.640000, ""party"": ""R"" }, { ""name"": ""Cornel Walker"", ""votes"": 8, ""votes_pct"": 24.240000, ""party"": ""DFL"" }, { ""name"": ""WRITE-IN"", ""votes"": 4, ""votes_pct"": 12.120000, ""party"": ""WI"" } ]"
"840150","7","9",9A,Wilkin,Wolverton,0.343262707798725,R,"53.20",-53.2,136.921369354107,"47","[ { ""name"": ""Jordan Rasmusson"", ""votes"": 36, ""votes_pct"": 76.600000, ""party"": ""R"" }, { ""name"": ""Cornel Walker"", ""votes"": 11, ""votes_pct"": 23.400000, ""party"": ""DFL"" }, { ""name"": ""WRITE-IN"", ""votes"": 0, ""votes_pct"": 0, ""party"": ""WI"" } ]"
"840155","7","9",9A,Wilkin,Wolverton Twp,29.7338204817482,R,"30.62",-30.62,1.6479550628241,"49","[ { ""name"": ""Jordan Rasmusson"", ""votes"": 32, ""votes_pct"": 65.310000, ""party"": ""R"" }, { ""name"": ""Cornel Walker"", ""votes"": 17, ""votes_pct"": 34.690000, ""party"": ""DFL"" }, { ""name"": ""WRITE-IN"", ""votes"": 0, ""votes_pct"": 0, ""party"": ""WI"" } ]"
"850005","1","20",20B,Winona,Altura,2.9733040327316,R,"54.44",-54.44,60.5387131684049,"180","[ { ""name"": ""Steve Drazkowski"", ""votes"": 139, ""votes_pct"": 77.220000, ""party"": ""R"" }, { ""name"": ""Bradley Robert Drenckhahn"", ""votes"": 41, ""votes_pct"": 22.780000, ""party"": ""DFL"" }, { ""name"": ""WRITE-IN"", ""votes"": 0, ""votes_pct"": 0, ""party"": ""WI"" } ]"
"850010","1","26",26A,Winona,Dakota,0.610809316271154,R,"20.83",-20.83,275.044920771019,"168","[ { ""name"": ""Jeremy Miller"", ""votes"": 100, ""votes_pct"": 59.520000, ""party"": ""R"" }, { ""name"": ""Daniel Wilson"", ""votes"": 65, ""votes_pct"": 38.690000, ""party"": ""DFL"" }, { ""name"": ""Eric M. Leitzen"", ""votes"": 3, ""votes_pct"": 1.790000, ""party"": ""LMN"" }, { ""name"": ""WRITE-IN"", ""votes"": 0, ""votes_pct"": 0, ""party"": ""WI"" } ]"
"850015","1","26",26A,Winona,Dresbach Twp,9.46635656961852,R,"18.69",-18.69,24.2965705240985,"230","[ { ""name"": ""Jeremy Miller"", ""votes"": 132, ""votes_pct"": 57.390000, ""party"": ""R"" }, { ""name"": ""Daniel Wilson"", ""votes"": 89, ""votes_pct"": 38.700000, ""party"": ""DFL"" }, { ""name"": ""Eric M. Leitzen"", ""votes"": 9, ""votes_pct"": 3.910000, ""party"": ""LMN"" }, { ""name"": ""WRITE-IN"", ""votes"": 0, ""votes_pct"": 0, ""party"": ""WI"" } ]"
"850020","1","20",20B,Winona,Elba,2.05859363118809,R,"31.34",-31.34,32.5464914419908,"67","[ { ""name"": ""Steve Drazkowski"", ""votes"": 44, ""votes_pct"": 65.670000, ""party"": ""R"" }, { ""name"": ""Bradley Robert Drenckhahn"", ""votes"": 23, ""votes_pct"": 34.330000, ""party"": ""DFL"" }, { ""name"": ""WRITE-IN"", ""votes"": 0, ""votes_pct"": 0, ""party"": ""WI"" } ]"
"850025","1","20",20B,Winona,Elba Twp,33.3707193648071,R,"44.32",-44.32,5.54378219952614,"185","[ { ""name"": ""Steve Drazkowski"", ""votes"": 133, ""votes_pct"": 71.890000, ""party"": ""R"" }, { ""name"": ""Bradley Robert Drenckhahn"", ""votes"": 51, ""votes_pct"": 27.570000, ""party"": ""DFL"" }, { ""name"": ""WRITE-IN"", ""votes"": 1, ""votes_pct"": 0.540000, ""party"": ""WI"" } ]"
"850030","1","26",26A,Winona,Fremont Twp,35.8100313364966,R,"65.47",-65.47,4.69142287035027,"168","[ { ""name"": ""Jeremy Miller"", ""votes"": 138, ""votes_pct"": 82.140000, ""party"": ""R"" }, { ""name"": ""Daniel Wilson"", ""votes"": 28, ""votes_pct"": 16.670000, ""party"": ""DFL"" }, { ""name"": ""Eric M. Leitzen"", ""votes"": 2, ""votes_pct"": 1.190000, ""party"": ""LMN"" }, { ""name"": ""WRITE-IN"", ""votes"": 0, ""votes_pct"": 0, ""party"": ""WI"" } ]"
"850035","1","26",26A,Winona,Goodview P-1,0.70752968992134,R,"12.19",-12.19,1182.98922564374,"837","[ { ""name"": ""Jeremy Miller"", ""votes"": 462, ""votes_pct"": 55.200000, ""party"": ""R"" }, { ""name"": ""Daniel Wilson"", ""votes"": 360, ""votes_pct"": 43.010000, ""party"": ""DFL"" }, { ""name"": ""Eric M. Leitzen"", ""votes"": 15, ""votes_pct"": 1.790000, ""party"": ""LMN"" }, { ""name"": ""WRITE-IN"", ""votes"": 0, ""votes_pct"": 0, ""party"": ""WI"" } ]"
"850040","1","26",26A,Winona,Goodview P-2A,1.58801598219479,R,"23.75",-23.75,464.101122572707,"737","[ { ""name"": ""Jeremy Miller"", ""votes"": 443, ""votes_pct"": 60.110000, ""party"": ""R"" }, { ""name"": ""Daniel Wilson"", ""votes"": 268, ""votes_pct"": 36.360000, ""party"": ""DFL"" }, { ""name"": ""Eric M. Leitzen"", ""votes"": 26, ""votes_pct"": 3.530000, ""party"": ""LMN"" }, { ""name"": ""WRITE-IN"", ""votes"": 0, ""votes_pct"": 0, ""party"": ""WI"" } ]"
"850042","1","26",26A,Winona,Goodview P-2B,0.179361643716941,R,"44.17",-44.17,669.039363786035,"120","[ { ""name"": ""Jeremy Miller"", ""votes"": 84, ""votes_pct"": 70, ""party"": ""R"" }, { ""name"": ""Daniel Wilson"", ""votes"": 31, ""votes_pct"": 25.830000, ""party"": ""DFL"" }, { ""name"": ""Eric M. Leitzen"", ""votes"": 5, ""votes_pct"": 4.170000, ""party"": ""LMN"" }, { ""name"": ""WRITE-IN"", ""votes"": 0, ""votes_pct"": 0, ""party"": ""WI"" } ]"
"850045","1","26",26A,Winona,Hart Twp,35.5561164917244,R,"57.35",-57.35,3.82493965649071,"136","[ { ""name"": ""Jeremy Miller"", ""votes"": 106, ""votes_pct"": 77.940000, ""party"": ""R"" }, { ""name"": ""Daniel Wilson"", ""votes"": 28, ""votes_pct"": 20.590000, ""party"": ""DFL"" }, { ""name"": ""Eric M. Leitzen"", ""votes"": 2, ""votes_pct"": 1.470000, ""party"": ""LMN"" }, { ""name"": ""WRITE-IN"", ""votes"": 0, ""votes_pct"": 0, ""party"": ""WI"" } ]"
"850050","1","26",26A,Winona,Hillsdale Twp,15.978328840381,R,"35.92",-35.92,15.3332681062882,"245","[ { ""name"": ""Jeremy Miller"", ""votes"": 163, ""votes_pct"": 66.530000, ""party"": ""R"" }, { ""name"": ""Daniel Wilson"", ""votes"": 75, ""votes_pct"": 30.610000, ""party"": ""DFL"" }, { ""name"": ""Eric M. Leitzen"", ""votes"": 7, ""votes_pct"": 2.860000, ""party"": ""LMN"" }, { ""name"": ""WRITE-IN"", ""votes"": 0, ""votes_pct"": 0, ""party"": ""WI"" } ]"
"850055","1","26",26A,Winona,Homer Twp,36.1846690640978,R,"28.88",-28.88,21.335002363362,"772","[ { ""name"": ""Jeremy Miller"", ""votes"": 491, ""votes_pct"": 63.600000, ""party"": ""R"" }, { ""name"": ""Daniel Wilson"", ""votes"": 268, ""votes_pct"": 34.720000, ""party"": ""DFL"" }, { ""name"": ""Eric M. Leitzen"", ""votes"": 13, ""votes_pct"": 1.680000, ""party"": ""LMN"" }, { ""name"": ""WRITE-IN"", ""votes"": 0, ""votes_pct"": 0, ""party"": ""WI"" } ]"
"850058","1","26",26A,Winona,La Crescent,0.212866464779268,DFL,"13.33",13.33,281.866850479323,"60","[ { ""name"": ""Daniel Wilson"", ""votes"": 33, ""votes_pct"": 55, ""party"": ""DFL"" }, { ""name"": ""Jeremy Miller"", ""votes"": 25, ""votes_pct"": 41.670000, ""party"": ""R"" }, { ""name"": ""Eric M. Leitzen"", ""votes"": 2, ""votes_pct"": 3.330000, ""party"": ""LMN"" }, { ""name"": ""WRITE-IN"", ""votes"": 0, ""votes_pct"": 0, ""party"": ""WI"" } ]"
"850060","1","26",26A,Winona,Lewiston,1.26236205372935,R,"36.64",-36.64,495.10360213505,"625","[ { ""name"": ""Jeremy Miller"", ""votes"": 420, ""votes_pct"": 67.200000, ""party"": ""R"" }, { ""name"": ""Daniel Wilson"", ""votes"": 191, ""votes_pct"": 30.560000, ""party"": ""DFL"" }, { ""name"": ""Eric M. Leitzen"", ""votes"": 14, ""votes_pct"": 2.240000, ""party"": ""LMN"" }, { ""name"": ""WRITE-IN"", ""votes"": 0, ""votes_pct"": 0, ""party"": ""WI"" } ]"
"850065","1","20",20B,Winona,Minneiska,0.239345416405696,R,"23.08",-23.08,108.629613177674,"26","[ { ""name"": ""Steve Drazkowski"", ""votes"": 16, ""votes_pct"": 61.540000, ""party"": ""R"" }, { ""name"": ""Bradley Robert Drenckhahn"", ""votes"": 10, ""votes_pct"": 38.460000, ""party"": ""DFL"" }, { ""name"": ""WRITE-IN"", ""votes"": 0, ""votes_pct"": 0, ""party"": ""WI"" } ]"
"850070","1","26",26A,Winona,Minnesota City,0.252703300138918,R,"50.00",-50,364.063310409579,"92","[ { ""name"": ""Jeremy Miller"", ""votes"": 67, ""votes_pct"": 72.830000, ""party"": ""R"" }, { ""name"": ""Daniel Wilson"", ""votes"": 21, ""votes_pct"": 22.830000, ""party"": ""DFL"" }, { ""name"": ""Eric M. Leitzen"", ""votes"": 4, ""votes_pct"": 4.350000, ""party"": ""LMN"" }, { ""name"": ""WRITE-IN"", ""votes"": 0, ""votes_pct"": 0, ""party"": ""WI"" } ]"
"850075","1","20",20B,Winona,Mount Vernon Twp,35.347585256974,R,"51.13",-51.13,3.76263326145481,"133","[ { ""name"": ""Steve Drazkowski"", ""votes"": 100, ""votes_pct"": 75.190000, ""party"": ""R"" }, { ""name"": ""Bradley Robert Drenckhahn"", ""votes"": 32, ""votes_pct"": 24.060000, ""party"": ""DFL"" }, { ""name"": ""WRITE-IN"", ""votes"": 1, ""votes_pct"": 0.750000, ""party"": ""WI"" } ]"
"850080","1","26",26A,Winona,New Hartford Twp,35.1017543999866,R,"27.40",-27.4,12.1646341414822,"427","[ { ""name"": ""Jeremy Miller"", ""votes"": 268, ""votes_pct"": 62.760000, ""party"": ""R"" }, { ""name"": ""Daniel Wilson"", ""votes"": 151, ""votes_pct"": 35.360000, ""party"": ""DFL"" }, { ""name"": ""Eric M. Leitzen"", ""votes"": 8, ""votes_pct"": 1.870000, ""party"": ""LMN"" }, { ""name"": ""WRITE-IN"", ""votes"": 0, ""votes_pct"": 0, ""party"": ""WI"" } ]"
"850085","1","20",20B,Winona,Norton Twp,32.5504128543422,R,"47.23",-47.23,8.32554724306203,"271","[ { ""name"": ""Steve Drazkowski"", ""votes"": 199, ""votes_pct"": 73.430000, ""party"": ""R"" }, { ""name"": ""Bradley Robert Drenckhahn"", ""votes"": 71, ""votes_pct"": 26.200000, ""party"": ""DFL"" }, { ""name"": ""WRITE-IN"", ""votes"": 1, ""votes_pct"": 0.370000, ""party"": ""WI"" } ]"
"850090","1","26",26A,Winona,Pleasant Hill Twp,35.6583897952811,R,"49.39",-49.39,6.87075331798696,"245","[ { ""name"": ""Jeremy Miller"", ""votes"": 182, ""votes_pct"": 74.290000, ""party"": ""R"" }, { ""name"": ""Daniel Wilson"", ""votes"": 61, ""votes_pct"": 24.900000, ""party"": ""DFL"" }, { ""name"": ""Eric M. Leitzen"", ""votes"": 2, ""votes_pct"": 0.820000, ""party"": ""LMN"" }, { ""name"": ""WRITE-IN"", ""votes"": 0, ""votes_pct"": 0, ""party"": ""WI"" } ]"
"850095","1","26",26A,Winona,Richmond Twp,18.673634568007,R,"34.95",-34.95,19.7604809420549,"369","[ { ""name"": ""Jeremy Miller"", ""votes"": 244, ""votes_pct"": 66.120000, ""party"": ""R"" }, { ""name"": ""Daniel Wilson"", ""votes"": 115, ""votes_pct"": 31.170000, ""party"": ""DFL"" }, { ""name"": ""Eric M. Leitzen"", ""votes"": 10, ""votes_pct"": 2.710000, ""party"": ""LMN"" }, { ""name"": ""WRITE-IN"", ""votes"": 0, ""votes_pct"": 0, ""party"": ""WI"" } ]"
"850100","1","26",26A,Winona,Rollingstone,0.449934113949606,R,"30.58",-30.58,726.773076016692,"327","[ { ""name"": ""Jeremy Miller"", ""votes"": 210, ""votes_pct"": 64.220000, ""party"": ""R"" }, { ""name"": ""Daniel Wilson"", ""votes"": 110, ""votes_pct"": 33.640000, ""party"": ""DFL"" }, { ""name"": ""Eric M. Leitzen"", ""votes"": 7, ""votes_pct"": 2.140000, ""party"": ""LMN"" }, { ""name"": ""WRITE-IN"", ""votes"": 0, ""votes_pct"": 0, ""party"": ""WI"" } ]"
"850105","1","26",26A,Winona,Rollingstone Twp,33.8423124606653,R,"35.47",-35.47,10.1647900213624,"344","[ { ""name"": ""Jeremy Miller"", ""votes"": 227, ""votes_pct"": 65.990000, ""party"": ""R"" }, { ""name"": ""Daniel Wilson"", ""votes"": 105, ""votes_pct"": 30.520000, ""party"": ""DFL"" }, { ""name"": ""Eric M. Leitzen"", ""votes"": 12, ""votes_pct"": 3.490000, ""party"": ""LMN"" }, { ""name"": ""WRITE-IN"", ""votes"": 0, ""votes_pct"": 0, ""party"": ""WI"" } ]"
"850110","1","20",20B,Winona,Saint Charles,3.76669799485808,R,"29.32",-29.32,430.084918464783,"1620","[ { ""name"": ""Steve Drazkowski"", ""votes"": 1046, ""votes_pct"": 64.570000, ""party"": ""R"" }, { ""name"": ""Bradley Robert Drenckhahn"", ""votes"": 571, ""votes_pct"": 35.250000, ""party"": ""DFL"" }, { ""name"": ""WRITE-IN"", ""votes"": 3, ""votes_pct"": 0.190000, ""party"": ""WI"" } ]"
"850115","1","20",20B,Winona,Saint Charles Twp,31.8977632080736,R,"36.32",-36.32,6.99108581831709,"223","[ { ""name"": ""Steve Drazkowski"", ""votes"": 152, ""votes_pct"": 68.160000, ""party"": ""R"" }, { ""name"": ""Bradley Robert Drenckhahn"", ""votes"": 71, ""votes_pct"": 31.840000, ""party"": ""DFL"" }, { ""name"": ""WRITE-IN"", ""votes"": 0, ""votes_pct"": 0, ""party"": ""WI"" } ]"
"850120","1","20",20B,Winona,Saratoga Twp,35.7001790084339,R,"43.00",-43,5.99436770189426,"214","[ { ""name"": ""Steve Drazkowski"", ""votes"": 153, ""votes_pct"": 71.500000, ""party"": ""R"" }, { ""name"": ""Bradley Robert Drenckhahn"", ""votes"": 61, ""votes_pct"": 28.500000, ""party"": ""DFL"" }, { ""name"": ""WRITE-IN"", ""votes"": 0, ""votes_pct"": 0, ""party"": ""WI"" } ]"
"850125","1","26",26A,Winona,Stockton,1.68457941565442,R,"39.57",-39.57,196.488213570753,"331","[ { ""name"": ""Jeremy Miller"", ""votes"": 224, ""votes_pct"": 67.670000, ""party"": ""R"" }, { ""name"": ""Daniel Wilson"", ""votes"": 93, ""votes_pct"": 28.100000, ""party"": ""DFL"" }, { ""name"": ""Eric M. Leitzen"", ""votes"": 14, ""votes_pct"": 4.230000, ""party"": ""LMN"" }, { ""name"": ""WRITE-IN"", ""votes"": 0, ""votes_pct"": 0, ""party"": ""WI"" } ]"
"850130","1","20",20B,Winona,Utica,0.986024378295099,R,"55.72",-55.72,132.856755759434,"131","[ { ""name"": ""Steve Drazkowski"", ""votes"": 102, ""votes_pct"": 77.860000, ""party"": ""R"" }, { ""name"": ""Bradley Robert Drenckhahn"", ""votes"": 29, ""votes_pct"": 22.140000, ""party"": ""DFL"" }, { ""name"": ""WRITE-IN"", ""votes"": 0, ""votes_pct"": 0, ""party"": ""WI"" } ]"
"850135","1","26",26A,Winona,Utica Twp,33.6754741200134,R,"65.97",-65.97,8.46313251550106,"285","[ { ""name"": ""Jeremy Miller"", ""votes"": 235, ""votes_pct"": 82.460000, ""party"": ""R"" }, { ""name"": ""Daniel Wilson"", ""votes"": 47, ""votes_pct"": 16.490000, ""party"": ""DFL"" }, { ""name"": ""Eric M. Leitzen"", ""votes"": 3, ""votes_pct"": 1.050000, ""party"": ""LMN"" }, { ""name"": ""WRITE-IN"", ""votes"": 0, ""votes_pct"": 0, ""party"": ""WI"" } ]"
"850140","1","26",26A,Winona,Warren Twp,35.5648895943412,R,"52.13",-52.13,8.57587366301086,"305","[ { ""name"": ""Jeremy Miller"", ""votes"": 229, ""votes_pct"": 75.080000, ""party"": ""R"" }, { ""name"": ""Daniel Wilson"", ""votes"": 70, ""votes_pct"": 22.950000, ""party"": ""DFL"" }, { ""name"": ""Eric M. Leitzen"", ""votes"": 6, ""votes_pct"": 1.970000, ""party"": ""LMN"" }, { ""name"": ""WRITE-IN"", ""votes"": 0, ""votes_pct"": 0, ""party"": ""WI"" } ]"
"850145","1","20",20B,Winona,Whitewater Twp,35.3453261630555,R,"6.31",-6.31,2.68776696420185,"95","[ { ""name"": ""Steve Drazkowski"", ""votes"": 50, ""votes_pct"": 52.630000, ""party"": ""R"" }, { ""name"": ""Bradley Robert Drenckhahn"", ""votes"": 44, ""votes_pct"": 46.320000, ""party"": ""DFL"" }, { ""name"": ""WRITE-IN"", ""votes"": 1, ""votes_pct"": 1.050000, ""party"": ""WI"" } ]"
"850150","1","26",26A,Winona,Wilson Twp,34.4424161599046,R,"32.06",-32.06,16.7525993914359,"577","[ { ""name"": ""Jeremy Miller"", ""votes"": 378, ""votes_pct"": 65.510000, ""party"": ""R"" }, { ""name"": ""Daniel Wilson"", ""votes"": 193, ""votes_pct"": 33.450000, ""party"": ""DFL"" }, { ""name"": ""Eric M. Leitzen"", ""votes"": 6, ""votes_pct"": 1.040000, ""party"": ""LMN"" }, { ""name"": ""WRITE-IN"", ""votes"": 0, ""votes_pct"": 0, ""party"": ""WI"" } ]"
"850155","1","26",26A,Winona,Winona W-1 P-1,8.52687438002829,R,"4.61",-4.61,56.0580558240163,"478","[ { ""name"": ""Jeremy Miller"", ""votes"": 244, ""votes_pct"": 51.050000, ""party"": ""R"" }, { ""name"": ""Daniel Wilson"", ""votes"": 222, ""votes_pct"": 46.440000, ""party"": ""DFL"" }, { ""name"": ""Eric M. Leitzen"", ""votes"": 12, ""votes_pct"": 2.510000, ""party"": ""LMN"" }, { ""name"": ""WRITE-IN"", ""votes"": 0, ""votes_pct"": 0, ""party"": ""WI"" } ]"
"850160","1","26",26A,Winona,Winona W-1 P-2,2.77062179659551,R,"8.99",-8.99,281.164322376017,"779","[ { ""name"": ""Jeremy Miller"", ""votes"": 417, ""votes_pct"": 53.530000, ""party"": ""R"" }, { ""name"": ""Daniel Wilson"", ""votes"": 347, ""votes_pct"": 44.540000, ""party"": ""DFL"" }, { ""name"": ""Eric M. Leitzen"", ""votes"": 15, ""votes_pct"": 1.930000, ""party"": ""LMN"" }, { ""name"": ""WRITE-IN"", ""votes"": 0, ""votes_pct"": 0, ""party"": ""WI"" } ]"
"850165","1","26",26A,Winona,Winona W-1 P-3,0.435800966909022,DFL,"1.20",1.2,1149.60736217134,"501","[ { ""name"": ""Daniel Wilson"", ""votes"": 245, ""votes_pct"": 48.900000, ""party"": ""DFL"" }, { ""name"": ""Jeremy Miller"", ""votes"": 239, ""votes_pct"": 47.700000, ""party"": ""R"" }, { ""name"": ""Eric M. Leitzen"", ""votes"": 17, ""votes_pct"": 3.390000, ""party"": ""LMN"" }, { ""name"": ""WRITE-IN"", ""votes"": 0, ""votes_pct"": 0, ""party"": ""WI"" } ]"
"850170","1","26",26A,Winona,Winona W-1 P-4,3.58017926774379,R,"6.33",-6.33,238.256225794401,"853","[ { ""name"": ""Jeremy Miller"", ""votes"": 448, ""votes_pct"": 52.520000, ""party"": ""R"" }, { ""name"": ""Daniel Wilson"", ""votes"": 394, ""votes_pct"": 46.190000, ""party"": ""DFL"" }, { ""name"": ""Eric M. Leitzen"", ""votes"": 10, ""votes_pct"": 1.170000, ""party"": ""LMN"" }, { ""name"": ""WRITE-IN"", ""votes"": 1, ""votes_pct"": 0.120000, ""party"": ""WI"" } ]"
"850175","1","26",26A,Winona,Winona W-2 P-1,0.26900277848923,DFL,"16.11",16.11,1799.23792132644,"484","[ { ""name"": ""Daniel Wilson"", ""votes"": 276, ""votes_pct"": 57.020000, ""party"": ""DFL"" }, { ""name"": ""Jeremy Miller"", ""votes"": 198, ""votes_pct"": 40.910000, ""party"": ""R"" }, { ""name"": ""Eric M. Leitzen"", ""votes"": 10, ""votes_pct"": 2.070000, ""party"": ""LMN"" }, { ""name"": ""WRITE-IN"", ""votes"": 0, ""votes_pct"": 0, ""party"": ""WI"" } ]"
"850180","1","26",26A,Winona,Winona W-2 P-2,0.240625232668735,DFL,"17.41",17.41,2530.90664368687,"609","[ { ""name"": ""Daniel Wilson"", ""votes"": 349, ""votes_pct"": 57.310000, ""party"": ""DFL"" }, { ""name"": ""Jeremy Miller"", ""votes"": 243, ""votes_pct"": 39.900000, ""party"": ""R"" }, { ""name"": ""Eric M. Leitzen"", ""votes"": 16, ""votes_pct"": 2.630000, ""party"": ""LMN"" }, { ""name"": ""WRITE-IN"", ""votes"": 1, ""votes_pct"": 0.160000, ""party"": ""WI"" } ]"
"850185","1","26",26A,Winona,Winona W-2 P-3,0.238033509133048,DFL,"27.57",27.57,2453.43608186516,"584","[ { ""name"": ""Daniel Wilson"", ""votes"": 363, ""votes_pct"": 62.160000, ""party"": ""DFL"" }, { ""name"": ""Jeremy Miller"", ""votes"": 202, ""votes_pct"": 34.590000, ""party"": ""R"" }, { ""name"": ""Eric M. Leitzen"", ""votes"": 19, ""votes_pct"": 3.250000, ""party"": ""LMN"" }, { ""name"": ""WRITE-IN"", ""votes"": 0, ""votes_pct"": 0, ""party"": ""WI"" } ]"
"850190","1","26",26A,Winona,Winona W-2 P-4,0.168811884774819,DFL,"25.19",25.19,2280.64511283408,"385","[ { ""name"": ""Daniel Wilson"", ""votes"": 230, ""votes_pct"": 59.740000, ""party"": ""DFL"" }, { ""name"": ""Jeremy Miller"", ""votes"": 133, ""votes_pct"": 34.550000, ""party"": ""R"" }, { ""name"": ""Eric M. Leitzen"", ""votes"": 22, ""votes_pct"": 5.710000, ""party"": ""LMN"" }, { ""name"": ""WRITE-IN"", ""votes"": 0, ""votes_pct"": 0, ""party"": ""WI"" } ]"
"850195","1","26",26A,Winona,Winona W-3 P-1,0.202831063011205,DFL,"37.17",37.17,2785.56938770659,"565","[ { ""name"": ""Daniel Wilson"", ""votes"": 360, ""votes_pct"": 63.720000, ""party"": ""DFL"" }, { ""name"": ""Jeremy Miller"", ""votes"": 150, ""votes_pct"": 26.550000, ""party"": ""R"" }, { ""name"": ""Eric M. Leitzen"", ""votes"": 54, ""votes_pct"": 9.560000, ""party"": ""LMN"" }, { ""name"": ""WRITE-IN"", ""votes"": 1, ""votes_pct"": 0.180000, ""party"": ""WI"" } ]"
"850200","1","26",26A,Winona,Winona W-3 P-2,0.23646505357525,DFL,"26.06",26.06,1996.06661899322,"472","[ { ""name"": ""Daniel Wilson"", ""votes"": 282, ""votes_pct"": 59.750000, ""party"": ""DFL"" }, { ""name"": ""Jeremy Miller"", ""votes"": 159, ""votes_pct"": 33.690000, ""party"": ""R"" }, { ""name"": ""Eric M. Leitzen"", ""votes"": 31, ""votes_pct"": 6.570000, ""party"": ""LMN"" }, { ""name"": ""WRITE-IN"", ""votes"": 0, ""votes_pct"": 0, ""party"": ""WI"" } ]"
"850205","1","26",26A,Winona,Winona W-3 P-3,0.26720129065211,DFL,"27.95",27.95,2316.60557660226,"619","[ { ""name"": ""Daniel Wilson"", ""votes"": 382, ""votes_pct"": 61.710000, ""party"": ""DFL"" }, { ""name"": ""Jeremy Miller"", ""votes"": 209, ""votes_pct"": 33.760000, ""party"": ""R"" }, { ""name"": ""Eric M. Leitzen"", ""votes"": 28, ""votes_pct"": 4.520000, ""party"": ""LMN"" }, { ""name"": ""WRITE-IN"", ""votes"": 0, ""votes_pct"": 0, ""party"": ""WI"" } ]"
"850210","1","26",26A,Winona,Winona W-3 P-4,0.576171015577443,DFL,"31.51",31.51,892.096245912102,"514","[ { ""name"": ""Daniel Wilson"", ""votes"": 328, ""votes_pct"": 63.810000, ""party"": ""DFL"" }, { ""name"": ""Jeremy Miller"", ""votes"": 166, ""votes_pct"": 32.300000, ""party"": ""R"" }, { ""name"": ""Eric M. Leitzen"", ""votes"": 20, ""votes_pct"": 3.890000, ""party"": ""LMN"" }, { ""name"": ""WRITE-IN"", ""votes"": 0, ""votes_pct"": 0, ""party"": ""WI"" } ]"
"850215","1","26",26A,Winona,Winona W-4 P-1,0.31997996041972,DFL,"6.57",6.57,1665.72931411349,"533","[ { ""name"": ""Daniel Wilson"", ""votes"": 274, ""votes_pct"": 51.410000, ""party"": ""DFL"" }, { ""name"": ""Jeremy Miller"", ""votes"": 239, ""votes_pct"": 44.840000, ""party"": ""R"" }, { ""name"": ""Eric M. Leitzen"", ""votes"": 20, ""votes_pct"": 3.750000, ""party"": ""LMN"" }, { ""name"": ""WRITE-IN"", ""votes"": 0, ""votes_pct"": 0, ""party"": ""WI"" } ]"
"850220","1","26",26A,Winona,Winona W-4 P-2,0.775096219852812,DFL,"3.02",3.02,725.071269353787,"562","[ { ""name"": ""Daniel Wilson"", ""votes"": 280, ""votes_pct"": 49.820000, ""party"": ""DFL"" }, { ""name"": ""Jeremy Miller"", ""votes"": 263, ""votes_pct"": 46.800000, ""party"": ""R"" }, { ""name"": ""Eric M. Leitzen"", ""votes"": 19, ""votes_pct"": 3.380000, ""party"": ""LMN"" }, { ""name"": ""WRITE-IN"", ""votes"": 0, ""votes_pct"": 0, ""party"": ""WI"" } ]"
"850225","1","26",26A,Winona,Winona W-4 P-3,2.82640168538699,R,"3.77",-3.77,253.325634392963,"716","[ { ""name"": ""Jeremy Miller"", ""votes"": 364, ""votes_pct"": 50.840000, ""party"": ""R"" }, { ""name"": ""Daniel Wilson"", ""votes"": 337, ""votes_pct"": 47.070000, ""party"": ""DFL"" }, { ""name"": ""Eric M. Leitzen"", ""votes"": 15, ""votes_pct"": 2.100000, ""party"": ""LMN"" }, { ""name"": ""WRITE-IN"", ""votes"": 0, ""votes_pct"": 0, ""party"": ""WI"" } ]"
"850230","1","26",26A,Winona,Winona W-4 P-4,2.84456940427717,R,"8.31",-8.31,363.499656027112,"1034","[ { ""name"": ""Jeremy Miller"", ""votes"": 555, ""votes_pct"": 53.670000, ""party"": ""R"" }, { ""name"": ""Daniel Wilson"", ""votes"": 469, ""votes_pct"": 45.360000, ""party"": ""DFL"" }, { ""name"": ""Eric M. Leitzen"", ""votes"": 10, ""votes_pct"": 0.970000, ""party"": ""LMN"" }, { ""name"": ""WRITE-IN"", ""votes"": 0, ""votes_pct"": 0, ""party"": ""WI"" } ]"
"850240","1","26",26A,Winona,Wiscoy Twp,35.6922453617344,R,"11.94",-11.94,5.63147535165977,"201","[ { ""name"": ""Jeremy Miller"", ""votes"": 112, ""votes_pct"": 55.720000, ""party"": ""R"" }, { ""name"": ""Daniel Wilson"", ""votes"": 88, ""votes_pct"": 43.780000, ""party"": ""DFL"" }, { ""name"": ""Eric M. Leitzen"", ""votes"": 1, ""votes_pct"": 0.500000, ""party"": ""LMN"" }, { ""name"": ""WRITE-IN"", ""votes"": 0, ""votes_pct"": 0, ""party"": ""WI"" } ]"
"860005","6","30",30A,Wright,Albertville P-1,1.63536021440263,R,"29.61",-29.61,1178.9451541135,"1928","[ { ""name"": ""Eric Lucero"", ""votes"": 1249, ""votes_pct"": 64.780000, ""party"": ""R"" }, { ""name"": ""Diane Nguyen"", ""votes"": 678, ""votes_pct"": 35.170000, ""party"": ""DFL"" }, { ""name"": ""WRITE-IN"", ""votes"": 1, ""votes_pct"": 0.050000, ""party"": ""WI"" } ]"
"860007","6","30",30A,Wright,Albertville P-2,3.04673225312184,R,"34.76",-34.76,452.287856469182,"1378","[ { ""name"": ""Eric Lucero"", ""votes"": 928, ""votes_pct"": 67.340000, ""party"": ""R"" }, { ""name"": ""Diane Nguyen"", ""votes"": 449, ""votes_pct"": 32.580000, ""party"": ""DFL"" }, { ""name"": ""WRITE-IN"", ""votes"": 1, ""votes_pct"": 0.070000, ""party"": ""WI"" } ]"
"860010","6","29",29A,Wright,Albion Twp,35.4339622846509,R,"52.98",-52.98,18.96485621906,"672","[ { ""name"": ""Bruce Anderson"", ""votes"": 514, ""votes_pct"": 76.490000, ""party"": ""R"" }, { ""name"": ""Chris Brazelton"", ""votes"": 158, ""votes_pct"": 23.510000, ""party"": ""DFL"" }, { ""name"": ""WRITE-IN"", ""votes"": 0, ""votes_pct"": 0, ""party"": ""WI"" } ]"
"860015","6","29",29A,Wright,Annandale,3.1697699309103,R,"28.27",-28.27,446.404638457038,"1415","[ { ""name"": ""Bruce Anderson"", ""votes"": 907, ""votes_pct"": 64.100000, ""party"": ""R"" }, { ""name"": ""Chris Brazelton"", ""votes"": 507, ""votes_pct"": 35.830000, ""party"": ""DFL"" }, { ""name"": ""WRITE-IN"", ""votes"": 1, ""votes_pct"": 0.070000, ""party"": ""WI"" } ]"
"860020","6","29",29B,Wright,Buffalo P-1,5.54637213674973,R,"26.85",-26.85,549.909008050685,"3050","[ { ""name"": ""Bruce Anderson"", ""votes"": 1934, ""votes_pct"": 63.410000, ""party"": ""R"" }, { ""name"": ""Chris Brazelton"", ""votes"": 1115, ""votes_pct"": 36.560000, ""party"": ""DFL"" }, { ""name"": ""WRITE-IN"", ""votes"": 1, ""votes_pct"": 0.030000, ""party"": ""WI"" } ]"
"860025","6","29",29B,Wright,Buffalo P-2,1.99068429500483,R,"24.02",-24.02,1072.99786578907,"2136","[ { ""name"": ""Bruce Anderson"", ""votes"": 1323, ""votes_pct"": 61.940000, ""party"": ""R"" }, { ""name"": ""Chris Brazelton"", ""votes"": 810, ""votes_pct"": 37.920000, ""party"": ""DFL"" }, { ""name"": ""WRITE-IN"", ""votes"": 3, ""votes_pct"": 0.140000, ""party"": ""WI"" } ]"
"860030","6","29",29B,Wright,Buffalo P-3,2.41688739010633,R,"26.63",-26.63,678.972469597685,"1641","[ { ""name"": ""Bruce Anderson"", ""votes"": 1038, ""votes_pct"": 63.250000, ""party"": ""R"" }, { ""name"": ""Chris Brazelton"", ""votes"": 601, ""votes_pct"": 36.620000, ""party"": ""DFL"" }, { ""name"": ""WRITE-IN"", ""votes"": 2, ""votes_pct"": 0.120000, ""party"": ""WI"" } ]"
"860035","6","29",29B,Wright,Buffalo Twp,27.6302848001123,R,"53.21",-53.21,36.662669506609,"1013","[ { ""name"": ""Bruce Anderson"", ""votes"": 775, ""votes_pct"": 76.510000, ""party"": ""R"" }, { ""name"": ""Chris Brazelton"", ""votes"": 236, ""votes_pct"": 23.300000, ""party"": ""DFL"" }, { ""name"": ""WRITE-IN"", ""votes"": 2, ""votes_pct"": 0.200000, ""party"": ""WI"" } ]"
"860040","6","29",29A,Wright,Chatham Twp P-1,16.6926962924221,R,"44.58",-44.58,42.593478461761,"711","[ { ""name"": ""Bruce Anderson"", ""votes"": 514, ""votes_pct"": 72.290000, ""party"": ""R"" }, { ""name"": ""Chris Brazelton"", ""votes"": 197, ""votes_pct"": 27.710000, ""party"": ""DFL"" }, { ""name"": ""WRITE-IN"", ""votes"": 0, ""votes_pct"": 0, ""party"": ""WI"" } ]"
"860041","6","29",29B,Wright,Chatham Twp P-2,0.349626498582804,R,"84.62",-84.62,74.3650727430268,"26","[ { ""name"": ""Bruce Anderson"", ""votes"": 24, ""votes_pct"": 92.310000, ""party"": ""R"" }, { ""name"": ""Chris Brazelton"", ""votes"": 2, ""votes_pct"": 7.690000, ""party"": ""DFL"" }, { ""name"": ""WRITE-IN"", ""votes"": 0, ""votes_pct"": 0, ""party"": ""WI"" } ]"
"860045","6","29",29A,Wright,Clearwater,1.80617265485257,R,"39.13",-39.13,432.959716170563,"782","[ { ""name"": ""Bruce Anderson"", ""votes"": 543, ""votes_pct"": 69.440000, ""party"": ""R"" }, { ""name"": ""Chris Brazelton"", ""votes"": 237, ""votes_pct"": 30.310000, ""party"": ""DFL"" }, { ""name"": ""WRITE-IN"", ""votes"": 2, ""votes_pct"": 0.260000, ""party"": ""WI"" } ]"
"860050","6","29",29A,Wright,Clearwater Twp,23.2357261729379,R,"52.04",-52.04,32.665215382164,"759","[ { ""name"": ""Bruce Anderson"", ""votes"": 577, ""votes_pct"": 76.020000, ""party"": ""R"" }, { ""name"": ""Chris Brazelton"", ""votes"": 182, ""votes_pct"": 23.980000, ""party"": ""DFL"" }, { ""name"": ""WRITE-IN"", ""votes"": 0, ""votes_pct"": 0, ""party"": ""WI"" } ]"
"860055","6","17",17A,Wright,Cokato,1.58946846788902,R,"41.66",-41.66,670.664452636649,"1066","[ { ""name"": ""Glenn Gruenhagen"", ""votes"": 755, ""votes_pct"": 70.830000, ""party"": ""R"" }, { ""name"": ""Chad Tschimperle"", ""votes"": 311, ""votes_pct"": 29.170000, ""party"": ""DFL"" }, { ""name"": ""WRITE-IN"", ""votes"": 0, ""votes_pct"": 0, ""party"": ""WI"" } ]"
"860060","6","17",17A,Wright,Cokato Twp,34.0119300961826,R,"60.87",-60.87,20.1399919987746,"685","[ { ""name"": ""Glenn Gruenhagen"", ""votes"": 550, ""votes_pct"": 80.290000, ""party"": ""R"" }, { ""name"": ""Chad Tschimperle"", ""votes"": 133, ""votes_pct"": 19.420000, ""party"": ""DFL"" }, { ""name"": ""WRITE-IN"", ""votes"": 2, ""votes_pct"": 0.290000, ""party"": ""WI"" } ]"
"860065","6","29",29A,Wright,Corinna Twp,32.826784023492,R,"48.24",-48.24,45.6639309817027,"1499","[ { ""name"": ""Bruce Anderson"", ""votes"": 1111, ""votes_pct"": 74.120000, ""party"": ""R"" }, { ""name"": ""Chris Brazelton"", ""votes"": 388, ""votes_pct"": 25.880000, ""party"": ""DFL"" }, { ""name"": ""WRITE-IN"", ""votes"": 0, ""votes_pct"": 0, ""party"": ""WI"" } ]"
"860070","6","34",34A,Wright,Dayton,0.0563798772899505,even,"0.00",0,354.736493964752,"20","[ { ""name"": ""Karen Attia"", ""votes"": 10, ""votes_pct"": 50, ""party"": ""R"" }, { ""name"": ""John Hoffman"", ""votes"": 10, ""votes_pct"": 50, ""party"": ""DFL"" }, { ""name"": ""WRITE-IN"", ""votes"": 0, ""votes_pct"": 0, ""party"": ""WI"" } ]"
"860075","6","29",29A,Wright,Delano,4.48261767286047,R,"19.70",-19.7,757.369967230234,"3395","[ { ""name"": ""Bruce Anderson"", ""votes"": 2030, ""votes_pct"": 59.790000, ""party"": ""R"" }, { ""name"": ""Chris Brazelton"", ""votes"": 1361, ""votes_pct"": 40.090000, ""party"": ""DFL"" }, { ""name"": ""WRITE-IN"", ""votes"": 4, ""votes_pct"": 0.120000, ""party"": ""WI"" } ]"
"860085","6","29",29A,Wright,Franklin Twp,42.1000575045336,R,"43.36",-43.36,38.6697809100305,"1628","[ { ""name"": ""Bruce Anderson"", ""votes"": 1167, ""votes_pct"": 71.680000, ""party"": ""R"" }, { ""name"": ""Chris Brazelton"", ""votes"": 461, ""votes_pct"": 28.320000, ""party"": ""DFL"" }, { ""name"": ""WRITE-IN"", ""votes"": 0, ""votes_pct"": 0, ""party"": ""WI"" } ]"
"860090","6","29",29A,Wright,French Lake Twp,35.4119471492143,R,"42.70",-42.7,17.7906060162517,"630","[ { ""name"": ""Bruce Anderson"", ""votes"": 449, ""votes_pct"": 71.270000, ""party"": ""R"" }, { ""name"": ""Chris Brazelton"", ""votes"": 180, ""votes_pct"": 28.570000, ""party"": ""DFL"" }, { ""name"": ""WRITE-IN"", ""votes"": 1, ""votes_pct"": 0.160000, ""party"": ""WI"" } ]"
"860095","6","30",30A,Wright,Hanover P-2,3.51119293741359,R,"31.88",-31.88,415.528290813528,"1459","[ { ""name"": ""Eric Lucero"", ""votes"": 962, ""votes_pct"": 65.940000, ""party"": ""R"" }, { ""name"": ""Diane Nguyen"", ""votes"": 497, ""votes_pct"": 34.060000, ""party"": ""DFL"" }, { ""name"": ""WRITE-IN"", ""votes"": 0, ""votes_pct"": 0, ""party"": ""WI"" } ]"
"860100","6","29",29A,Wright,Howard Lake,1.85823331407757,R,"41.03",-41.03,491.865038192856,"914","[ { ""name"": ""Bruce Anderson"", ""votes"": 644, ""votes_pct"": 70.460000, ""party"": ""R"" }, { ""name"": ""Chris Brazelton"", ""votes"": 269, ""votes_pct"": 29.430000, ""party"": ""DFL"" }, { ""name"": ""WRITE-IN"", ""votes"": 1, ""votes_pct"": 0.110000, ""party"": ""WI"" } ]"
"860105","6","29",29B,Wright,Maple Lake,2.22209703714012,R,"48.65",-48.65,400.522562752455,"890","[ { ""name"": ""Bruce Anderson"", ""votes"": 660, ""votes_pct"": 74.160000, ""party"": ""R"" }, { ""name"": ""Chris Brazelton"", ""votes"": 227, ""votes_pct"": 25.510000, ""party"": ""DFL"" }, { ""name"": ""WRITE-IN"", ""votes"": 3, ""votes_pct"": 0.340000, ""party"": ""WI"" } ]"
"860110","6","29",29B,Wright,Maple Lake Twp,34.5386129572598,R,"50.14",-50.14,32.9775837092667,"1139","[ { ""name"": ""Bruce Anderson"", ""votes"": 855, ""votes_pct"": 75.070000, ""party"": ""R"" }, { ""name"": ""Chris Brazelton"", ""votes"": 284, ""votes_pct"": 24.930000, ""party"": ""DFL"" }, { ""name"": ""WRITE-IN"", ""votes"": 0, ""votes_pct"": 0, ""party"": ""WI"" } ]"
"860115","6","29",29A,Wright,Marysville Twp,32.5472603483828,R,"48.26",-48.26,30.048612065396,"978","[ { ""name"": ""Bruce Anderson"", ""votes"": 725, ""votes_pct"": 74.130000, ""party"": ""R"" }, { ""name"": ""Chris Brazelton"", ""votes"": 253, ""votes_pct"": 25.870000, ""party"": ""DFL"" }, { ""name"": ""WRITE-IN"", ""votes"": 0, ""votes_pct"": 0, ""party"": ""WI"" } ]"
"860120","6","29",29A,Wright,Middleville Twp,35.3201891064551,R,"64.02",-64.02,16.3645782942415,"578","[ { ""name"": ""Bruce Anderson"", ""votes"": 474, ""votes_pct"": 82.010000, ""party"": ""R"" }, { ""name"": ""Chris Brazelton"", ""votes"": 104, ""votes_pct"": 17.990000, ""party"": ""DFL"" }, { ""name"": ""WRITE-IN"", ""votes"": 0, ""votes_pct"": 0, ""party"": ""WI"" } ]"
"860125","6","29",29B,Wright,Monticello P-1,3.45169769569268,R,"19.96",-19.96,457.166339326055,"1578","[ { ""name"": ""Bruce Anderson"", ""votes"": 946, ""votes_pct"": 59.950000, ""party"": ""R"" }, { ""name"": ""Chris Brazelton"", ""votes"": 631, ""votes_pct"": 39.990000, ""party"": ""DFL"" }, { ""name"": ""WRITE-IN"", ""votes"": 1, ""votes_pct"": 0.060000, ""party"": ""WI"" } ]"
"860127","6","29",29B,Wright,Monticello P-2,0.880029372741948,R,"24.78",-24.78,1320.41047264082,"1162","[ { ""name"": ""Bruce Anderson"", ""votes"": 725, ""votes_pct"": 62.390000, ""party"": ""R"" }, { ""name"": ""Chris Brazelton"", ""votes"": 437, ""votes_pct"": 37.610000, ""party"": ""DFL"" }, { ""name"": ""WRITE-IN"", ""votes"": 0, ""votes_pct"": 0, ""party"": ""WI"" } ]"
"860128","6","29",29B,Wright,Monticello P-3,3.98745287864352,R,"30.84",-30.84,413.797993410096,"1650","[ { ""name"": ""Bruce Anderson"", ""votes"": 1079, ""votes_pct"": 65.390000, ""party"": ""R"" }, { ""name"": ""Chris Brazelton"", ""votes"": 570, ""votes_pct"": 34.550000, ""party"": ""DFL"" }, { ""name"": ""WRITE-IN"", ""votes"": 1, ""votes_pct"": 0.060000, ""party"": ""WI"" } ]"
"860129","6","29",29B,Wright,Monticello P-4,1.23903253319017,R,"21.16",-21.16,552.850697339088,"685","[ { ""name"": ""Bruce Anderson"", ""votes"": 415, ""votes_pct"": 60.580000, ""party"": ""R"" }, { ""name"": ""Chris Brazelton"", ""votes"": 270, ""votes_pct"": 39.420000, ""party"": ""DFL"" }, { ""name"": ""WRITE-IN"", ""votes"": 0, ""votes_pct"": 0, ""party"": ""WI"" } ]"
"860130","6","29",29B,Wright,Monticello Twp,39.9824913170826,R,"48.09",-48.09,41.2430527883454,"1649","[ { ""name"": ""Bruce Anderson"", ""votes"": 1220, ""votes_pct"": 73.980000, ""party"": ""R"" }, { ""name"": ""Chris Brazelton"", ""votes"": 427, ""votes_pct"": 25.890000, ""party"": ""DFL"" }, { ""name"": ""WRITE-IN"", ""votes"": 2, ""votes_pct"": 0.120000, ""party"": ""WI"" } ]"
"860135","6","29",29A,Wright,Montrose,3.11189465720262,R,"36.72",-36.72,433.17661697834,"1348","[ { ""name"": ""Bruce Anderson"", ""votes"": 921, ""votes_pct"": 68.320000, ""party"": ""R"" }, { ""name"": ""Chris Brazelton"", ""votes"": 426, ""votes_pct"": 31.600000, ""party"": ""DFL"" }, { ""name"": ""WRITE-IN"", ""votes"": 1, ""votes_pct"": 0.070000, ""party"": ""WI"" } ]"
"860140","6","30",30A,Wright,Otsego P-1A,16.7034625471771,R,"42.80",-42.8,116.802129767383,"1951","[ { ""name"": ""Eric Lucero"", ""votes"": 1392, ""votes_pct"": 71.350000, ""party"": ""R"" }, { ""name"": ""Diane Nguyen"", ""votes"": 557, ""votes_pct"": 28.550000, ""party"": ""DFL"" }, { ""name"": ""WRITE-IN"", ""votes"": 2, ""votes_pct"": 0.100000, ""party"": ""WI"" } ]"
"860141","6","30",30A,Wright,Otsego P-2A,2.29579153829497,R,"21.30",-21.3,1038.85738762296,"2385","[ { ""name"": ""Eric Lucero"", ""votes"": 1446, ""votes_pct"": 60.630000, ""party"": ""R"" }, { ""name"": ""Diane Nguyen"", ""votes"": 938, ""votes_pct"": 39.330000, ""party"": ""DFL"" }, { ""name"": ""WRITE-IN"", ""votes"": 1, ""votes_pct"": 0.040000, ""party"": ""WI"" } ]"
"860142","6","30",30B,Wright,Otsego P-3B,8.2705582329084,R,"29.07",-29.07,465.385756512166,"3849","[ { ""name"": ""Eric Lucero"", ""votes"": 2483, ""votes_pct"": 64.510000, ""party"": ""R"" }, { ""name"": ""Diane Nguyen"", ""votes"": 1364, ""votes_pct"": 35.440000, ""party"": ""DFL"" }, { ""name"": ""WRITE-IN"", ""votes"": 2, ""votes_pct"": 0.050000, ""party"": ""WI"" } ]"
"860143","6","30",30B,Wright,Otsego P-4B,3.24270944583171,R,"24.61",-24.61,333.36320076088,"1081","[ { ""name"": ""Eric Lucero"", ""votes"": 673, ""votes_pct"": 62.260000, ""party"": ""R"" }, { ""name"": ""Diane Nguyen"", ""votes"": 407, ""votes_pct"": 37.650000, ""party"": ""DFL"" }, { ""name"": ""WRITE-IN"", ""votes"": 1, ""votes_pct"": 0.090000, ""party"": ""WI"" } ]"
"860145","6","29",29A,Wright,Rockford,2.25212600534665,R,"24.26",-24.26,785.480029003846,"1769","[ { ""name"": ""Bruce Anderson"", ""votes"": 1099, ""votes_pct"": 62.130000, ""party"": ""R"" }, { ""name"": ""Chris Brazelton"", ""votes"": 670, ""votes_pct"": 37.870000, ""party"": ""DFL"" }, { ""name"": ""WRITE-IN"", ""votes"": 0, ""votes_pct"": 0, ""party"": ""WI"" } ]"
"860150","6","30",30A,Wright,Rockford Twp P-1,34.7553436929613,R,"41.28",-41.28,51.4453263876688,"1788","[ { ""name"": ""Eric Lucero"", ""votes"": 1263, ""votes_pct"": 70.640000, ""party"": ""R"" }, { ""name"": ""Diane Nguyen"", ""votes"": 525, ""votes_pct"": 29.360000, ""party"": ""DFL"" }, { ""name"": ""WRITE-IN"", ""votes"": 0, ""votes_pct"": 0, ""party"": ""WI"" } ]"
"860151","6","29",29A,Wright,Rockford Twp P-2,0.368516065696307,R,"87.50",-87.5,43.4173744088149,"16","[ { ""name"": ""Bruce Anderson"", ""votes"": 15, ""votes_pct"": 93.750000, ""party"": ""R"" }, { ""name"": ""Chris Brazelton"", ""votes"": 1, ""votes_pct"": 6.250000, ""party"": ""DFL"" }, { ""name"": ""WRITE-IN"", ""votes"": 0, ""votes_pct"": 0, ""party"": ""WI"" } ]"
"860155","6","30",30A,Wright,Saint Michael P-1,6.71368257275859,R,"25.31",-25.31,308.92136730078,"2074","[ { ""name"": ""Eric Lucero"", ""votes"": 1298, ""votes_pct"": 62.580000, ""party"": ""R"" }, { ""name"": ""Diane Nguyen"", ""votes"": 773, ""votes_pct"": 37.270000, ""party"": ""DFL"" }, { ""name"": ""WRITE-IN"", ""votes"": 3, ""votes_pct"": 0.140000, ""party"": ""WI"" } ]"
"860156","6","30",30A,Wright,Saint Michael P-2,7.03349742746079,R,"33.13",-33.13,468.614659206595,"3296","[ { ""name"": ""Eric Lucero"", ""votes"": 2192, ""votes_pct"": 66.500000, ""party"": ""R"" }, { ""name"": ""Diane Nguyen"", ""votes"": 1100, ""votes_pct"": 33.370000, ""party"": ""DFL"" }, { ""name"": ""WRITE-IN"", ""votes"": 4, ""votes_pct"": 0.120000, ""party"": ""WI"" } ]"
"860157","6","30",30A,Wright,Saint Michael P-3,19.9044095123659,R,"33.74",-33.74,94.2504724309708,"1876","[ { ""name"": ""Eric Lucero"", ""votes"": 1254, ""votes_pct"": 66.840000, ""party"": ""R"" }, { ""name"": ""Diane Nguyen"", ""votes"": 621, ""votes_pct"": 33.100000, ""party"": ""DFL"" }, { ""name"": ""WRITE-IN"", ""votes"": 1, ""votes_pct"": 0.050000, ""party"": ""WI"" } ]"
"860158","6","30",30A,Wright,Saint Michael P-4,2.73765224418672,R,"21.18",-21.18,712.28915365008,"1950","[ { ""name"": ""Eric Lucero"", ""votes"": 1181, ""votes_pct"": 60.560000, ""party"": ""R"" }, { ""name"": ""Diane Nguyen"", ""votes"": 768, ""votes_pct"": 39.380000, ""party"": ""DFL"" }, { ""name"": ""WRITE-IN"", ""votes"": 1, ""votes_pct"": 0.050000, ""party"": ""WI"" } ]"
"860160","6","29",29B,Wright,Silver Creek Twp,39.1936509653832,R,"44.16",-44.16,36.2813865249743,"1422","[ { ""name"": ""Bruce Anderson"", ""votes"": 1024, ""votes_pct"": 72.010000, ""party"": ""R"" }, { ""name"": ""Chris Brazelton"", ""votes"": 396, ""votes_pct"": 27.850000, ""party"": ""DFL"" }, { ""name"": ""WRITE-IN"", ""votes"": 2, ""votes_pct"": 0.140000, ""party"": ""WI"" } ]"
"860165","6","29",29A,Wright,South Haven,0.63568870203267,R,"36.58",-36.58,64.4969776384242,"41","[ { ""name"": ""Bruce Anderson"", ""votes"": 28, ""votes_pct"": 68.290000, ""party"": ""R"" }, { ""name"": ""Chris Brazelton"", ""votes"": 13, ""votes_pct"": 31.710000, ""party"": ""DFL"" }, { ""name"": ""WRITE-IN"", ""votes"": 0, ""votes_pct"": 0, ""party"": ""WI"" } ]"
"860170","6","29",29A,Wright,Southside Twp,28.2500123242065,R,"40.16",-40.16,30.0530842343215,"849","[ { ""name"": ""Bruce Anderson"", ""votes"": 595, ""votes_pct"": 70.080000, ""party"": ""R"" }, { ""name"": ""Chris Brazelton"", ""votes"": 254, ""votes_pct"": 29.920000, ""party"": ""DFL"" }, { ""name"": ""WRITE-IN"", ""votes"": 0, ""votes_pct"": 0, ""party"": ""WI"" } ]"
"860175","6","17",17A,Wright,Stockholm Twp,35.640921619313,R,"62.24",-62.24,12.4856479513387,"445","[ { ""name"": ""Glenn Gruenhagen"", ""votes"": 361, ""votes_pct"": 81.120000, ""party"": ""R"" }, { ""name"": ""Chad Tschimperle"", ""votes"": 84, ""votes_pct"": 18.880000, ""party"": ""DFL"" }, { ""name"": ""WRITE-IN"", ""votes"": 0, ""votes_pct"": 0, ""party"": ""WI"" } ]"
"860180","6","29",29A,Wright,Victor Twp,34.3342984955513,R,"56.25",-56.25,17.7082400585169,"608","[ { ""name"": ""Bruce Anderson"", ""votes"": 475, ""votes_pct"": 78.130000, ""party"": ""R"" }, { ""name"": ""Chris Brazelton"", ""votes"": 133, ""votes_pct"": 21.880000, ""party"": ""DFL"" }, { ""name"": ""WRITE-IN"", ""votes"": 0, ""votes_pct"": 0, ""party"": ""WI"" } ]"
"860185","6","29",29A,Wright,Waverly,2.63632431526764,R,"36.06",-36.06,333.418766010495,"879","[ { ""name"": ""Bruce Anderson"", ""votes"": 598, ""votes_pct"": 68.030000, ""party"": ""R"" }, { ""name"": ""Chris Brazelton"", ""votes"": 281, ""votes_pct"": 31.970000, ""party"": ""DFL"" }, { ""name"": ""WRITE-IN"", ""votes"": 0, ""votes_pct"": 0, ""party"": ""WI"" } ]"
"860190","6","29",29A,Wright,Woodland Twp,33.1476605024608,R,"50.40",-50.4,18.9153620646457,"627","[ { ""name"": ""Bruce Anderson"", ""votes"": 471, ""votes_pct"": 75.120000, ""party"": ""R"" }, { ""name"": ""Chris Brazelton"", ""votes"": 155, ""votes_pct"": 24.720000, ""party"": ""DFL"" }, { ""name"": ""WRITE-IN"", ""votes"": 1, ""votes_pct"": 0.160000, ""party"": ""WI"" } ]"
"870005","7","15",15A,Yellow Medicine,Burton Twp,36.0333670519251,R,"66.20",-66.2,1.97039593601361,"71","[ { ""name"": ""Gary Dahms"", ""votes"": 59, ""votes_pct"": 83.100000, ""party"": ""R"" }, { ""name"": ""Anita Gaul"", ""votes"": 12, ""votes_pct"": 16.900000, ""party"": ""DFL"" }, { ""name"": ""WRITE-IN"", ""votes"": 0, ""votes_pct"": 0, ""party"": ""WI"" } ]"
"870010","7","15",15A,Yellow Medicine,Canby,2.23153154672105,R,"35.20",-35.2,319.511503679015,"713","[ { ""name"": ""Gary Dahms"", ""votes"": 482, ""votes_pct"": 67.600000, ""party"": ""R"" }, { ""name"": ""Anita Gaul"", ""votes"": 231, ""votes_pct"": 32.400000, ""party"": ""DFL"" }, { ""name"": ""WRITE-IN"", ""votes"": 0, ""votes_pct"": 0, ""party"": ""WI"" } ]"
"870020","7","15",15A,Yellow Medicine,Clarkfield,1.11147336871085,R,"44.10",-44.1,289.705546767598,"322","[ { ""name"": ""Gary Dahms"", ""votes"": 232, ""votes_pct"": 72.050000, ""party"": ""R"" }, { ""name"": ""Anita Gaul"", ""votes"": 90, ""votes_pct"": 27.950000, ""party"": ""DFL"" }, { ""name"": ""WRITE-IN"", ""votes"": 0, ""votes_pct"": 0, ""party"": ""WI"" } ]"
"870025","7","15",15A,Yellow Medicine,Echo,0.358680243927506,R,"54.28",-54.28,292.739847754821,"105","[ { ""name"": ""Gary Dahms"", ""votes"": 81, ""votes_pct"": 77.140000, ""party"": ""R"" }, { ""name"": ""Anita Gaul"", ""votes"": 24, ""votes_pct"": 22.860000, ""party"": ""DFL"" }, { ""name"": ""WRITE-IN"", ""votes"": 0, ""votes_pct"": 0, ""party"": ""WI"" } ]"
"870030","7","15",15A,Yellow Medicine,Echo Twp,35.9903232136176,R,"69.86",-69.86,2.0283229902303,"73","[ { ""name"": ""Gary Dahms"", ""votes"": 62, ""votes_pct"": 84.930000, ""party"": ""R"" }, { ""name"": ""Anita Gaul"", ""votes"": 11, ""votes_pct"": 15.070000, ""party"": ""DFL"" }, { ""name"": ""WRITE-IN"", ""votes"": 0, ""votes_pct"": 0, ""party"": ""WI"" } ]"
"870035","7","15",15A,Yellow Medicine,Florida Twp,33.4833175581548,R,"73.08",-73.08,1.55301218016061,"52","[ { ""name"": ""Gary Dahms"", ""votes"": 45, ""votes_pct"": 86.540000, ""party"": ""R"" }, { ""name"": ""Anita Gaul"", ""votes"": 7, ""votes_pct"": 13.460000, ""party"": ""DFL"" }, { ""name"": ""WRITE-IN"", ""votes"": 0, ""votes_pct"": 0, ""party"": ""WI"" } ]"
"870040","7","15",15A,Yellow Medicine,Fortier Twp,33.5466713055731,R,"73.92",-73.92,1.37122397572596,"46","[ { ""name"": ""Gary Dahms"", ""votes"": 40, ""votes_pct"": 86.960000, ""party"": ""R"" }, { ""name"": ""Anita Gaul"", ""votes"": 6, ""votes_pct"": 13.040000, ""party"": ""DFL"" }, { ""name"": ""WRITE-IN"", ""votes"": 0, ""votes_pct"": 0, ""party"": ""WI"" } ]"
"870045","7","15",15A,Yellow Medicine,Friendship Twp,35.2496141084201,R,"55.00",-55,3.40429258688921,"120","[ { ""name"": ""Gary Dahms"", ""votes"": 93, ""votes_pct"": 77.500000, ""party"": ""R"" }, { ""name"": ""Anita Gaul"", ""votes"": 27, ""votes_pct"": 22.500000, ""party"": ""DFL"" }, { ""name"": ""WRITE-IN"", ""votes"": 0, ""votes_pct"": 0, ""party"": ""WI"" } ]"
"870050","7","15",15A,Yellow Medicine,Granite Falls W-1,1.88255934815692,R,"17.82",-17.82,384.582829066621,"724","[ { ""name"": ""Gary Dahms"", ""votes"": 426, ""votes_pct"": 58.840000, ""party"": ""R"" }, { ""name"": ""Anita Gaul"", ""votes"": 297, ""votes_pct"": 41.020000, ""party"": ""DFL"" }, { ""name"": ""WRITE-IN"", ""votes"": 1, ""votes_pct"": 0.140000, ""party"": ""WI"" } ]"
"870065","7","15",15A,Yellow Medicine,Hammer Twp,35.6330782246468,R,"58.34",-58.34,2.69412592969862,"96","[ { ""name"": ""Gary Dahms"", ""votes"": 76, ""votes_pct"": 79.170000, ""party"": ""R"" }, { ""name"": ""Anita Gaul"", ""votes"": 20, ""votes_pct"": 20.830000, ""party"": ""DFL"" }, { ""name"": ""WRITE-IN"", ""votes"": 0, ""votes_pct"": 0, ""party"": ""WI"" } ]"
"870070","7","15",15A,Yellow Medicine,Hanley Falls,0.251807411554113,R,"55.56",-55.56,285.932806963974,"72","[ { ""name"": ""Gary Dahms"", ""votes"": 56, ""votes_pct"": 77.780000, ""party"": ""R"" }, { ""name"": ""Anita Gaul"", ""votes"": 16, ""votes_pct"": 22.220000, ""party"": ""DFL"" }, { ""name"": ""WRITE-IN"", ""votes"": 0, ""votes_pct"": 0, ""party"": ""WI"" } ]"
"870075","7","15",15A,Yellow Medicine,Hazel Run,0.759852676366641,R,"29.42",-29.42,22.3727579420899,"17","[ { ""name"": ""Gary Dahms"", ""votes"": 11, ""votes_pct"": 64.710000, ""party"": ""R"" }, { ""name"": ""Anita Gaul"", ""votes"": 6, ""votes_pct"": 35.290000, ""party"": ""DFL"" }, { ""name"": ""WRITE-IN"", ""votes"": 0, ""votes_pct"": 0, ""party"": ""WI"" } ]"
"870080","7","15",15A,Yellow Medicine,Hazel Run Twp,35.584031962612,R,"61.90",-61.9,2.95076173802685,"105","[ { ""name"": ""Gary Dahms"", ""votes"": 85, ""votes_pct"": 80.950000, ""party"": ""R"" }, { ""name"": ""Anita Gaul"", ""votes"": 20, ""votes_pct"": 19.050000, ""party"": ""DFL"" }, { ""name"": ""WRITE-IN"", ""votes"": 0, ""votes_pct"": 0, ""party"": ""WI"" } ]"
"870085","7","15",15A,Yellow Medicine,Lisbon Twp,35.7687832637678,R,"42.16",-42.16,2.32045913857168,"83","[ { ""name"": ""Gary Dahms"", ""votes"": 59, ""votes_pct"": 71.080000, ""party"": ""R"" }, { ""name"": ""Anita Gaul"", ""votes"": 24, ""votes_pct"": 28.920000, ""party"": ""DFL"" }, { ""name"": ""WRITE-IN"", ""votes"": 0, ""votes_pct"": 0, ""party"": ""WI"" } ]"
"870090","7","15",15A,Yellow Medicine,Minnesota Falls Twp,31.4444321931425,R,"15.78",-15.78,5.43816466297305,"171","[ { ""name"": ""Gary Dahms"", ""votes"": 99, ""votes_pct"": 57.890000, ""party"": ""R"" }, { ""name"": ""Anita Gaul"", ""votes"": 72, ""votes_pct"": 42.110000, ""party"": ""DFL"" }, { ""name"": ""WRITE-IN"", ""votes"": 0, ""votes_pct"": 0, ""party"": ""WI"" } ]"
"870095","7","15",15A,Yellow Medicine,Norman Twp,34.9643957790055,R,"73.04",-73.04,4.03267372018091,"141","[ { ""name"": ""Gary Dahms"", ""votes"": 122, ""votes_pct"": 86.520000, ""party"": ""R"" }, { ""name"": ""Anita Gaul"", ""votes"": 19, ""votes_pct"": 13.480000, ""party"": ""DFL"" }, { ""name"": ""WRITE-IN"", ""votes"": 0, ""votes_pct"": 0, ""party"": ""WI"" } ]"
"870100","7","15",15A,Yellow Medicine,Normania Twp,36.2854884302668,R,"49.42",-49.42,2.39765271913581,"87","[ { ""name"": ""Gary Dahms"", ""votes"": 65, ""votes_pct"": 74.710000, ""party"": ""R"" }, { ""name"": ""Anita Gaul"", ""votes"": 22, ""votes_pct"": 25.290000, ""party"": ""DFL"" }, { ""name"": ""WRITE-IN"", ""votes"": 0, ""votes_pct"": 0, ""party"": ""WI"" } ]"
"870105","7","15",15A,Yellow Medicine,Omro Twp,36.3644874268662,R,"63.64",-63.64,1.51246460191725,"55","[ { ""name"": ""Gary Dahms"", ""votes"": 45, ""votes_pct"": 81.820000, ""party"": ""R"" }, { ""name"": ""Anita Gaul"", ""votes"": 10, ""votes_pct"": 18.180000, ""party"": ""DFL"" }, { ""name"": ""WRITE-IN"", ""votes"": 0, ""votes_pct"": 0, ""party"": ""WI"" } ]"
"870110","7","15",15A,Yellow Medicine,Oshkosh Twp,36.311502890623,R,"53.44",-53.44,3.19457997509532,"116","[ { ""name"": ""Gary Dahms"", ""votes"": 89, ""votes_pct"": 76.720000, ""party"": ""R"" }, { ""name"": ""Anita Gaul"", ""votes"": 27, ""votes_pct"": 23.280000, ""party"": ""DFL"" }, { ""name"": ""WRITE-IN"", ""votes"": 0, ""votes_pct"": 0, ""party"": ""WI"" } ]"
"870115","7","15",15A,Yellow Medicine,Porter,2.00471456244559,R,"52.24",-52.24,33.4212167932103,"67","[ { ""name"": ""Gary Dahms"", ""votes"": 51, ""votes_pct"": 76.120000, ""party"": ""R"" }, { ""name"": ""Anita Gaul"", ""votes"": 16, ""votes_pct"": 23.880000, ""party"": ""DFL"" }, { ""name"": ""WRITE-IN"", ""votes"": 0, ""votes_pct"": 0, ""party"": ""WI"" } ]"
"870120","7","15",15A,Yellow Medicine,Posen Twp,36.0803514662534,R,"81.52",-81.52,3.29819403536861,"119","[ { ""name"": ""Gary Dahms"", ""votes"": 108, ""votes_pct"": 90.760000, ""party"": ""R"" }, { ""name"": ""Anita Gaul"", ""votes"": 11, ""votes_pct"": 9.240000, ""party"": ""DFL"" }, { ""name"": ""WRITE-IN"", ""votes"": 0, ""votes_pct"": 0, ""party"": ""WI"" } ]"
"870125","7","15",15A,Yellow Medicine,Saint Leo,0.252518324790689,R,"60.00",-60,158.404345637711,"40","[ { ""name"": ""Gary Dahms"", ""votes"": 32, ""votes_pct"": 80, ""party"": ""R"" }, { ""name"": ""Anita Gaul"", ""votes"": 8, ""votes_pct"": 20, ""party"": ""DFL"" }, { ""name"": ""WRITE-IN"", ""votes"": 0, ""votes_pct"": 0, ""party"": ""WI"" } ]"
"870130","7","15",15A,Yellow Medicine,Sandnes Twp,36.1486775172323,R,"43.58",-43.58,3.23663292921921,"117","[ { ""name"": ""Gary Dahms"", ""votes"": 84, ""votes_pct"": 71.790000, ""party"": ""R"" }, { ""name"": ""Anita Gaul"", ""votes"": 33, ""votes_pct"": 28.210000, ""party"": ""DFL"" }, { ""name"": ""WRITE-IN"", ""votes"": 0, ""votes_pct"": 0, ""party"": ""WI"" } ]"
"870135","7","15",15A,Yellow Medicine,Sioux Agency Twp,42.0795621729054,R,"60.94",-60.94,3.04185674447007,"128","[ { ""name"": ""Gary Dahms"", ""votes"": 103, ""votes_pct"": 80.470000, ""party"": ""R"" }, { ""name"": ""Anita Gaul"", ""votes"": 25, ""votes_pct"": 19.530000, ""party"": ""DFL"" }, { ""name"": ""WRITE-IN"", ""votes"": 0, ""votes_pct"": 0, ""party"": ""WI"" } ]"
"870140","7","15",15A,Yellow Medicine,Stony Run Twp,41.1592571229411,R,"38.00",-38,5.56375445057198,"229","[ { ""name"": ""Gary Dahms"", ""votes"": 158, ""votes_pct"": 69, ""party"": ""R"" }, { ""name"": ""Anita Gaul"", ""votes"": 71, ""votes_pct"": 31, ""party"": ""DFL"" }, { ""name"": ""WRITE-IN"", ""votes"": 0, ""votes_pct"": 0, ""party"": ""WI"" } ]"
"870145","7","15",15A,Yellow Medicine,Swede Prairie Twp,36.224472315337,R,"40.62",-40.62,1.76676141595314,"64","[ { ""name"": ""Gary Dahms"", ""votes"": 45, ""votes_pct"": 70.310000, ""party"": ""R"" }, { ""name"": ""Anita Gaul"", ""votes"": 19, ""votes_pct"": 29.690000, ""party"": ""DFL"" }, { ""name"": ""WRITE-IN"", ""votes"": 0, ""votes_pct"": 0, ""party"": ""WI"" } ]"
"870150","7","15",15A,Yellow Medicine,Tyro Twp,36.2957922072603,R,"31.64",-31.64,2.17656084068603,"79","[ { ""name"": ""Gary Dahms"", ""votes"": 52, ""votes_pct"": 65.820000, ""party"": ""R"" }, { ""name"": ""Anita Gaul"", ""votes"": 27, ""votes_pct"": 34.180000, ""party"": ""DFL"" }, { ""name"": ""WRITE-IN"", ""votes"": 0, ""votes_pct"": 0, ""party"": ""WI"" } ]"
"870155","7","15",15A,Yellow Medicine,Wergeland Twp,34.1454751537957,R,"59.50",-59.5,2.31363012651526,"79","[ { ""name"": ""Gary Dahms"", ""votes"": 63, ""votes_pct"": 79.750000, ""party"": ""R"" }, { ""name"": ""Anita Gaul"", ""votes"": 16, ""votes_pct"": 20.250000, ""party"": ""DFL"" }, { ""name"": ""WRITE-IN"", ""votes"": 0, ""votes_pct"": 0, ""party"": ""WI"" } ]"
"870160","7","15",15A,Yellow Medicine,Wood Lake,0.754826852952315,R,"42.86",-42.86,204.020298691902,"154","[ { ""name"": ""Gary Dahms"", ""votes"": 110, ""votes_pct"": 71.430000, ""party"": ""R"" }, { ""name"": ""Anita Gaul"", ""votes"": 44, ""votes_pct"": 28.570000, ""party"": ""DFL"" }, { ""name"": ""WRITE-IN"", ""votes"": 0, ""votes_pct"": 0, ""party"": ""WI"" } ]"
"870165","7","15",15A,Yellow Medicine,Wood Lake Twp,35.2833218423572,R,"55.56",-55.56,3.31601430621374,"117","[ { ""name"": ""Gary Dahms"", ""votes"": 91, ""votes_pct"": 77.780000, ""party"": ""R"" }, { ""name"": ""Anita Gaul"", ""votes"": 26, ""votes_pct"": 22.220000, ""party"": ""DFL"" }, { ""name"": ""WRITE-IN"", ""votes"": 0, ""votes_pct"": 0, ""party"": ""WI"" } ]"
"010005","8","10",10A,Aitkin,Aitkin,2.94568542246607,R,"14.78",-14.78,289.236587689232,"852","[ { ""name"": ""Nathan Wesenberg"", ""votes"": 489, ""votes_pct"": 57.390000, ""party"": ""R"" }, { ""name"": ""Suzanne M. Cekalla"", ""votes"": 363, ""votes_pct"": 42.610000, ""party"": ""DFL"" }, { ""name"": ""WRITE-IN"", ""votes"": 0, ""votes_pct"": 0, ""party"": ""WI"" } ]"
"010010","8","10",10A,Aitkin,Aitkin Twp,33.5171666580894,R,"35.78",-35.78,14.5895386978356,"489","[ { ""name"": ""Nathan Wesenberg"", ""votes"": 332, ""votes_pct"": 67.890000, ""party"": ""R"" }, { ""name"": ""Suzanne M. Cekalla"", ""votes"": 157, ""votes_pct"": 32.110000, ""party"": ""DFL"" }, { ""name"": ""WRITE-IN"", ""votes"": 0, ""votes_pct"": 0, ""party"": ""WI"" } ]"
"010015","8","7",7A,Aitkin,Ball Bluff Twp,35.3206478088922,R,"21.42",-21.42,3.9636872108771,"140","[ { ""name"": ""Robert Farnsworth"", ""votes"": 85, ""votes_pct"": 60.710000, ""party"": ""R"" }, { ""name"": ""Ben DeNucci"", ""votes"": 55, ""votes_pct"": 39.290000, ""party"": ""DFL"" }, { ""name"": ""WRITE-IN"", ""votes"": 0, ""votes_pct"": 0, ""party"": ""WI"" } ]"
"010020","8","7",7A,Aitkin,Balsam Twp,36.7487716627746,R,"22.22",-22.22,0.489812289922971,"18","[ { ""name"": ""Robert Farnsworth"", ""votes"": 11, ""votes_pct"": 61.110000, ""party"": ""R"" }, { ""name"": ""Ben DeNucci"", ""votes"": 7, ""votes_pct"": 38.890000, ""party"": ""DFL"" }, { ""name"": ""WRITE-IN"", ""votes"": 0, ""votes_pct"": 0, ""party"": ""WI"" } ]"
"010025","8","10",10A,Aitkin,Beaver Twp,35.2739000135165,DFL,"2.86",2.86,0.992235051598732,"35","[ { ""name"": ""Suzanne M. Cekalla"", ""votes"": 18, ""votes_pct"": 51.430000, ""party"": ""DFL"" }, { ""name"": ""Nathan Wesenberg"", ""votes"": 17, ""votes_pct"": 48.570000, ""party"": ""R"" }, { ""name"": ""WRITE-IN"", ""votes"": 0, ""votes_pct"": 0, ""party"": ""WI"" } ]"
"010030","8","7",7A,Aitkin,Clark Twp,32.2383769643707,R,"21.84",-21.84,2.69864702234082,"87","[ { ""name"": ""Robert Farnsworth"", ""votes"": 53, ""votes_pct"": 60.920000, ""party"": ""R"" }, { ""name"": ""Ben DeNucci"", ""votes"": 34, ""votes_pct"": 39.080000, ""party"": ""DFL"" }, { ""name"": ""WRITE-IN"", ""votes"": 0, ""votes_pct"": 0, ""party"": ""WI"" } ]"
"010035","8","7",7A,Aitkin,Cornish Twp,35.5534462138927,DFL,"8.58",8.58,0.984433401742178,"35","[ { ""name"": ""Ben DeNucci"", ""votes"": 19, ""votes_pct"": 54.290000, ""party"": ""DFL"" }, { ""name"": ""Robert Farnsworth"", ""votes"": 16, ""votes_pct"": 45.710000, ""party"": ""R"" }, { ""name"": ""WRITE-IN"", ""votes"": 0, ""votes_pct"": 0, ""party"": ""WI"" } ]"
"010038","8","10",10A,Aitkin,Unorg 47-24 (Davidson Unorg),37.1832588696769,R,"16.66",-16.66,0.645451763228104,"24","[ { ""name"": ""Nathan Wesenberg"", ""votes"": 14, ""votes_pct"": 58.330000, ""party"": ""R"" }, { ""name"": ""Suzanne M. Cekalla"", ""votes"": 10, ""votes_pct"": 41.670000, ""party"": ""DFL"" }, { ""name"": ""WRITE-IN"", ""votes"": 0, ""votes_pct"": 0, ""party"": ""WI"" } ]"
"010040","8","10",10A,Aitkin,Farm Island Twp,35.7028829093594,R,"28.96",-28.96,20.1104208257586,"718","[ { ""name"": ""Nathan Wesenberg"", ""votes"": 463, ""votes_pct"": 64.480000, ""party"": ""R"" }, { ""name"": ""Suzanne M. Cekalla"", ""votes"": 255, ""votes_pct"": 35.520000, ""party"": ""DFL"" }, { ""name"": ""WRITE-IN"", ""votes"": 0, ""votes_pct"": 0, ""party"": ""WI"" } ]"
"010045","8","7",7A,Aitkin,Fleming Twp,36.2746511444246,R,"31.94",-31.94,5.26538488928671,"191","[ { ""name"": ""Robert Farnsworth"", ""votes"": 126, ""votes_pct"": 65.970000, ""party"": ""R"" }, { ""name"": ""Ben DeNucci"", ""votes"": 65, ""votes_pct"": 34.030000, ""party"": ""DFL"" }, { ""name"": ""WRITE-IN"", ""votes"": 0, ""votes_pct"": 0, ""party"": ""WI"" } ]"
"010050","8","10",10A,Aitkin,Glen Twp,36.578704291568,R,"41.76",-41.76,2.48778631617569,"91","[ { ""name"": ""Nathan Wesenberg"", ""votes"": 64, ""votes_pct"": 70.330000, ""party"": ""R"" }, { ""name"": ""Suzanne M. Cekalla"", ""votes"": 26, ""votes_pct"": 28.570000, ""party"": ""DFL"" }, { ""name"": ""WRITE-IN"", ""votes"": 1, ""votes_pct"": 1.100000, ""party"": ""WI"" } ]"
"010055","8","7",7A,Aitkin,Haugen Twp,36.4468517616446,R,"21.28",-21.28,2.57909793182528,"94","[ { ""name"": ""Robert Farnsworth"", ""votes"": 57, ""votes_pct"": 60.640000, ""party"": ""R"" }, { ""name"": ""Ben DeNucci"", ""votes"": 37, ""votes_pct"": 39.360000, ""party"": ""DFL"" }, { ""name"": ""WRITE-IN"", ""votes"": 0, ""votes_pct"": 0, ""party"": ""WI"" } ]"
"010060","8","10",10A,Aitkin,Hazelton Twp,70.7346663108228,R,"33.40",-33.4,6.81419769313666,"482","[ { ""name"": ""Nathan Wesenberg"", ""votes"": 321, ""votes_pct"": 66.600000, ""party"": ""R"" }, { ""name"": ""Suzanne M. Cekalla"", ""votes"": 160, ""votes_pct"": 33.200000, ""party"": ""DFL"" }, { ""name"": ""WRITE-IN"", ""votes"": 1, ""votes_pct"": 0.210000, ""party"": ""WI"" } ]"
"010065","8","7",7A,Aitkin,Hill City,1.11802863467295,R,"17.64",-17.64,45.6160051883812,"51","[ { ""name"": ""Robert Farnsworth"", ""votes"": 30, ""votes_pct"": 58.820000, ""party"": ""R"" }, { ""name"": ""Ben DeNucci"", ""votes"": 21, ""votes_pct"": 41.180000, ""party"": ""DFL"" }, { ""name"": ""WRITE-IN"", ""votes"": 0, ""votes_pct"": 0, ""party"": ""WI"" } ]"
"010070","8","7",7A,Aitkin,Hill Lake Twp,34.8111068754992,R,"27.18",-27.18,5.91765153394151,"206","[ { ""name"": ""Robert Farnsworth"", ""votes"": 131, ""votes_pct"": 63.590000, ""party"": ""R"" }, { ""name"": ""Ben DeNucci"", ""votes"": 75, ""votes_pct"": 36.410000, ""party"": ""DFL"" }, { ""name"": ""WRITE-IN"", ""votes"": 0, ""votes_pct"": 0, ""party"": ""WI"" } ]"
"010075","8","10",10A,Aitkin,Idun Twp,37.1965416015293,R,"89.18",-89.18,0.99471613238578,"37","[ { ""name"": ""Nathan Wesenberg"", ""votes"": 35, ""votes_pct"": 94.590000, ""party"": ""R"" }, { ""name"": ""Suzanne M. Cekalla"", ""votes"": 2, ""votes_pct"": 5.410000, ""party"": ""DFL"" }, { ""name"": ""WRITE-IN"", ""votes"": 0, ""votes_pct"": 0, ""party"": ""WI"" } ]"
"010080","8","7",7A,Aitkin,Jevne Twp,35.8547624530009,R,"47.62",-47.62,4.68557001933056,"168","[ { ""name"": ""Robert Farnsworth"", ""votes"": 124, ""votes_pct"": 73.810000, ""party"": ""R"" }, { ""name"": ""Ben DeNucci"", ""votes"": 44, ""votes_pct"": 26.190000, ""party"": ""DFL"" }, { ""name"": ""WRITE-IN"", ""votes"": 0, ""votes_pct"": 0, ""party"": ""WI"" } ]"
"010082","8","10",10A,Aitkin,Unorg 45-24 (Jewett Unorg),35.2901091107436,R,"20.00",-20,0.425048274940965,"15","[ { ""name"": ""Nathan Wesenberg"", ""votes"": 9, ""votes_pct"": 60, ""party"": ""R"" }, { ""name"": ""Suzanne M. Cekalla"", ""votes"": 6, ""votes_pct"": 40, ""party"": ""DFL"" }, { ""name"": ""WRITE-IN"", ""votes"": 0, ""votes_pct"": 0, ""party"": ""WI"" } ]"
"010085","8","10",10A,Aitkin,Kimberly Twp,36.9127814320465,R,"22.94",-22.94,2.95290671066498,"109","[ { ""name"": ""Nathan Wesenberg"", ""votes"": 67, ""votes_pct"": 61.470000, ""party"": ""R"" }, { ""name"": ""Suzanne M. Cekalla"", ""votes"": 42, ""votes_pct"": 38.530000, ""party"": ""DFL"" }, { ""name"": ""WRITE-IN"", ""votes"": 0, ""votes_pct"": 0, ""party"": ""WI"" } ]"
"010090","8","10",10A,Aitkin,Lakeside Twp,36.7839266231794,R,"39.37",-39.37,8.69945189044477,"320","[ { ""name"": ""Nathan Wesenberg"", ""votes"": 221, ""votes_pct"": 69.060000, ""party"": ""R"" }, { ""name"": ""Suzanne M. Cekalla"", ""votes"": 95, ""votes_pct"": 29.690000, ""party"": ""DFL"" }, { ""name"": ""WRITE-IN"", ""votes"": 4, ""votes_pct"": 1.250000, ""party"": ""WI"" } ]"
"010095","8","10",10A,Aitkin,Lee Twp,35.719039403589,R,"100.00",-100,0.699906840089548,"25","[ { ""name"": ""Nathan Wesenberg"", ""votes"": 25, ""votes_pct"": 100, ""party"": ""R"" }, { ""name"": ""Suzanne M. Cekalla"", ""votes"": 0, ""votes_pct"": 0, ""party"": ""DFL"" }, { ""name"": ""WRITE-IN"", ""votes"": 0, ""votes_pct"": 0, ""party"": ""WI"" } ]"
"010100","8","7",7A,Aitkin,Libby Twp P-East,9.62443146895659,R,"57.14",-57.14,1.45463137694488,"14","[ { ""name"": ""Robert Farnsworth"", ""votes"": 11, ""votes_pct"": 78.570000, ""party"": ""R"" }, { ""name"": ""Ben DeNucci"", ""votes"": 3, ""votes_pct"": 21.430000, ""party"": ""DFL"" }, { ""name"": ""WRITE-IN"", ""votes"": 0, ""votes_pct"": 0, ""party"": ""WI"" } ]"
"010105","8","7",7A,Aitkin,Libby Twp P-West,26.375088769132,DFL,"20.00",20,0.568718465037176,"15","[ { ""name"": ""Ben DeNucci"", ""votes"": 9, ""votes_pct"": 60, ""party"": ""DFL"" }, { ""name"": ""Robert Farnsworth"", ""votes"": 6, ""votes_pct"": 40, ""party"": ""R"" }, { ""name"": ""WRITE-IN"", ""votes"": 0, ""votes_pct"": 0, ""party"": ""WI"" } ]"
"010110","8","7",7A,Aitkin,Logan Twp,35.5612172953495,R,"26.32",-26.32,2.67144960789696,"95","[ { ""name"": ""Robert Farnsworth"", ""votes"": 60, ""votes_pct"": 63.160000, ""party"": ""R"" }, { ""name"": ""Ben DeNucci"", ""votes"": 35, ""votes_pct"": 36.840000, ""party"": ""DFL"" }, { ""name"": ""WRITE-IN"", ""votes"": 0, ""votes_pct"": 0, ""party"": ""WI"" } ]"
"010115","8","10",10A,Aitkin,McGrath,0.370707813225793,R,"68.42",-68.42,51.2533033352263,"19","[ { ""name"": ""Nathan Wesenberg"", ""votes"": 16, ""votes_pct"": 84.210000, ""party"": ""R"" }, { ""name"": ""Suzanne M. Cekalla"", ""votes"": 3, ""votes_pct"": 15.790000, ""party"": ""DFL"" }, { ""name"": ""WRITE-IN"", ""votes"": 0, ""votes_pct"": 0, ""party"": ""WI"" } ]"
"010120","8","7",7A,Aitkin,McGregor,2.25256353853846,R,"25.00",-25,46.1696188456815,"104","[ { ""name"": ""Robert Farnsworth"", ""votes"": 65, ""votes_pct"": 62.500000, ""party"": ""R"" }, { ""name"": ""Ben DeNucci"", ""votes"": 39, ""votes_pct"": 37.500000, ""party"": ""DFL"" }, { ""name"": ""WRITE-IN"", ""votes"": 0, ""votes_pct"": 0, ""party"": ""WI"" } ]"
"010125","8","7",7A,Aitkin,McGregor Twp,34.0275621367668,R,"62.50",-62.5,1.41062118429389,"48","[ { ""name"": ""Robert Farnsworth"", ""votes"": 39, ""votes_pct"": 81.250000, ""party"": ""R"" }, { ""name"": ""Ben DeNucci"", ""votes"": 9, ""votes_pct"": 18.750000, ""party"": ""DFL"" }, { ""name"": ""WRITE-IN"", ""votes"": 0, ""votes_pct"": 0, ""party"": ""WI"" } ]"
"010130","8","7",7A,Aitkin,Macville Twp,36.5371356776927,R,"20.52",-20.52,2.13481430750528,"78","[ { ""name"": ""Robert Farnsworth"", ""votes"": 47, ""votes_pct"": 60.260000, ""party"": ""R"" }, { ""name"": ""Ben DeNucci"", ""votes"": 31, ""votes_pct"": 39.740000, ""party"": ""DFL"" }, { ""name"": ""WRITE-IN"", ""votes"": 0, ""votes_pct"": 0, ""party"": ""WI"" } ]"
"010132","8","10",10A,Aitkin,Millward Twp,71.5686410058048,R,"16.12",-16.12,0.433150602894439,"31","[ { ""name"": ""Nathan Wesenberg"", ""votes"": 18, ""votes_pct"": 58.060000, ""party"": ""R"" }, { ""name"": ""Suzanne M. Cekalla"", ""votes"": 13, ""votes_pct"": 41.940000, ""party"": ""DFL"" }, { ""name"": ""WRITE-IN"", ""votes"": 0, ""votes_pct"": 0, ""party"": ""WI"" } ]"
"010135","8","10",10A,Aitkin,Malmo Twp,35.6701979615424,R,"46.04",-46.04,5.66299071896895,"202","[ { ""name"": ""Nathan Wesenberg"", ""votes"": 147, ""votes_pct"": 72.770000, ""party"": ""R"" }, { ""name"": ""Suzanne M. Cekalla"", ""votes"": 54, ""votes_pct"": 26.730000, ""party"": ""DFL"" }, { ""name"": ""WRITE-IN"", ""votes"": 1, ""votes_pct"": 0.490000, ""party"": ""WI"" } ]"
"010140","8","7",7A,Aitkin,Morrison Twp,36.7523903062988,R,"33.34",-33.34,2.12231093950458,"78","[ { ""name"": ""Robert Farnsworth"", ""votes"": 52, ""votes_pct"": 66.670000, ""party"": ""R"" }, { ""name"": ""Ben DeNucci"", ""votes"": 26, ""votes_pct"": 33.330000, ""party"": ""DFL"" }, { ""name"": ""WRITE-IN"", ""votes"": 0, ""votes_pct"": 0, ""party"": ""WI"" } ]"
"010145","8","10",10A,Aitkin,Nordland Twp,36.6591068271886,R,"31.84",-31.84,18.1673820679683,"666","[ { ""name"": ""Nathan Wesenberg"", ""votes"": 439, ""votes_pct"": 65.920000, ""party"": ""R"" }, { ""name"": ""Suzanne M. Cekalla"", ""votes"": 227, ""votes_pct"": 34.080000, ""party"": ""DFL"" }, { ""name"": ""WRITE-IN"", ""votes"": 0, ""votes_pct"": 0, ""party"": ""WI"" } ]"
"010150","8","7",7A,Aitkin,Palisade,0.675635547680379,R,"7.94",-7.94,93.2455377996233,"63","[ { ""name"": ""Robert Farnsworth"", ""votes"": 34, ""votes_pct"": 53.970000, ""party"": ""R"" }, { ""name"": ""Ben DeNucci"", ""votes"": 29, ""votes_pct"": 46.030000, ""party"": ""DFL"" }, { ""name"": ""WRITE-IN"", ""votes"": 0, ""votes_pct"": 0, ""party"": ""WI"" } ]"
"010155","8","10",10A,Aitkin,Pliny Twp,36.4592338421197,R,"61.54",-61.54,1.42625048636998,"52","[ { ""name"": ""Nathan Wesenberg"", ""votes"": 42, ""votes_pct"": 80.770000, ""party"": ""R"" }, { ""name"": ""Suzanne M. Cekalla"", ""votes"": 10, ""votes_pct"": 19.230000, ""party"": ""DFL"" }, { ""name"": ""WRITE-IN"", ""votes"": 0, ""votes_pct"": 0, ""party"": ""WI"" } ]"
"010160","8","10",10A,Aitkin,Rice River Twp,36.0129407418881,R,"31.14",-31.14,1.69383556975253,"61","[ { ""name"": ""Nathan Wesenberg"", ""votes"": 40, ""votes_pct"": 65.570000, ""party"": ""R"" }, { ""name"": ""Suzanne M. Cekalla"", ""votes"": 21, ""votes_pct"": 34.430000, ""party"": ""DFL"" }, { ""name"": ""WRITE-IN"", ""votes"": 0, ""votes_pct"": 0, ""party"": ""WI"" } ]"
"010165","8","10",10A,Aitkin,Salo Twp,35.6145093571539,R,"16.66",-16.66,1.01082397735654,"36","[ { ""name"": ""Nathan Wesenberg"", ""votes"": 21, ""votes_pct"": 58.330000, ""party"": ""R"" }, { ""name"": ""Suzanne M. Cekalla"", ""votes"": 15, ""votes_pct"": 41.670000, ""party"": ""DFL"" }, { ""name"": ""WRITE-IN"", ""votes"": 0, ""votes_pct"": 0, ""party"": ""WI"" } ]"
"010170","8","10",10A,Aitkin,Seavey Twp,36.1122480303413,R,"77.78",-77.78,0.747668768150759,"27","[ { ""name"": ""Nathan Wesenberg"", ""votes"": 24, ""votes_pct"": 88.890000, ""party"": ""R"" }, { ""name"": ""Suzanne M. Cekalla"", ""votes"": 3, ""votes_pct"": 11.110000, ""party"": ""DFL"" }, { ""name"": ""WRITE-IN"", ""votes"": 0, ""votes_pct"": 0, ""party"": ""WI"" } ]"
"010175","8","7",7A,Aitkin,Shamrock Twp,35.6255201201199,R,"30.14",-30.14,16.9541384368136,"604","[ { ""name"": ""Robert Farnsworth"", ""votes"": 393, ""votes_pct"": 65.070000, ""party"": ""R"" }, { ""name"": ""Ben DeNucci"", ""votes"": 211, ""votes_pct"": 34.930000, ""party"": ""DFL"" }, { ""name"": ""WRITE-IN"", ""votes"": 0, ""votes_pct"": 0, ""party"": ""WI"" } ]"
"010180","8","10",10A,Aitkin,Spalding Twp,37.0693352747203,DFL,"1.44",1.44,1.86137678187758,"69","[ { ""name"": ""Suzanne M. Cekalla"", ""votes"": 35, ""votes_pct"": 50.720000, ""party"": ""DFL"" }, { ""name"": ""Nathan Wesenberg"", ""votes"": 34, ""votes_pct"": 49.280000, ""party"": ""R"" }, { ""name"": ""WRITE-IN"", ""votes"": 0, ""votes_pct"": 0, ""party"": ""WI"" } ]"
"010185","8","10",10A,Aitkin,Spencer Twp,37.6630339138396,R,"34.66",-34.66,8.0450236880322,"303","[ { ""name"": ""Nathan Wesenberg"", ""votes"": 204, ""votes_pct"": 67.330000, ""party"": ""R"" }, { ""name"": ""Suzanne M. Cekalla"", ""votes"": 99, ""votes_pct"": 32.670000, ""party"": ""DFL"" }, { ""name"": ""WRITE-IN"", ""votes"": 0, ""votes_pct"": 0, ""party"": ""WI"" } ]"
"010190","8","7",7A,Aitkin,Tamarack,3.49822581384019,DFL,"42.86",42.86,2.00101433483956,"7","[ { ""name"": ""Ben DeNucci"", ""votes"": 5, ""votes_pct"": 71.430000, ""party"": ""DFL"" }, { ""name"": ""Robert Farnsworth"", ""votes"": 2, ""votes_pct"": 28.570000, ""party"": ""R"" }, { ""name"": ""WRITE-IN"", ""votes"": 0, ""votes_pct"": 0, ""party"": ""WI"" } ]"
"010195","8","7",7A,Aitkin,Turner Twp,35.6603851694633,R,"19.52",-19.52,2.29947039579982,"82","[ { ""name"": ""Robert Farnsworth"", ""votes"": 49, ""votes_pct"": 59.760000, ""party"": ""R"" }, { ""name"": ""Ben DeNucci"", ""votes"": 33, ""votes_pct"": 40.240000, ""party"": ""DFL"" }, { ""name"": ""WRITE-IN"", ""votes"": 0, ""votes_pct"": 0, ""party"": ""WI"" } ]"
"010200","8","7",7A,Aitkin,Verdon Twp,36.4107906753119,R,"21.42",-21.42,0.76900280056223,"28","[ { ""name"": ""Robert Farnsworth"", ""votes"": 17, ""votes_pct"": 60.710000, ""party"": ""R"" }, { ""name"": ""Ben DeNucci"", ""votes"": 11, ""votes_pct"": 39.290000, ""party"": ""DFL"" }, { ""name"": ""WRITE-IN"", ""votes"": 0, ""votes_pct"": 0, ""party"": ""WI"" } ]"
"010205","8","10",10A,Aitkin,Wagner Twp,35.8999506332567,R,"37.42",-37.42,4.54039621572631,"163","[ { ""name"": ""Nathan Wesenberg"", ""votes"": 112, ""votes_pct"": 68.710000, ""party"": ""R"" }, { ""name"": ""Suzanne M. Cekalla"", ""votes"": 51, ""votes_pct"": 31.290000, ""party"": ""DFL"" }, { ""name"": ""WRITE-IN"", ""votes"": 0, ""votes_pct"": 0, ""party"": ""WI"" } ]"
"010210","8","7",7A,Aitkin,Waukenabo Twp,36.1053278882654,R,"47.26",-47.26,5.04080728925196,"182","[ { ""name"": ""Robert Farnsworth"", ""votes"": 134, ""votes_pct"": 73.630000, ""party"": ""R"" }, { ""name"": ""Ben DeNucci"", ""votes"": 48, ""votes_pct"": 26.370000, ""party"": ""DFL"" }, { ""name"": ""WRITE-IN"", ""votes"": 0, ""votes_pct"": 0, ""party"": ""WI"" } ]"
"010215","8","10",10A,Aitkin,Wealthwood Twp,72.3977465377023,R,"33.74",-33.74,2.25145129227351,"163","[ { ""name"": ""Nathan Wesenberg"", ""votes"": 109, ""votes_pct"": 66.870000, ""party"": ""R"" }, { ""name"": ""Suzanne M. Cekalla"", ""votes"": 54, ""votes_pct"": 33.130000, ""party"": ""DFL"" }, { ""name"": ""WRITE-IN"", ""votes"": 0, ""votes_pct"": 0, ""party"": ""WI"" } ]"
"010220","8","10",10A,Aitkin,White Pine Twp,36.4538476987413,R,"69.24",-69.24,0.356615304574525,"13","[ { ""name"": ""Nathan Wesenberg"", ""votes"": 11, ""votes_pct"": 84.620000, ""party"": ""R"" }, { ""name"": ""Suzanne M. Cekalla"", ""votes"": 2, ""votes_pct"": 15.380000, ""party"": ""DFL"" }, { ""name"": ""WRITE-IN"", ""votes"": 0, ""votes_pct"": 0, ""party"": ""WI"" } ]"
"010225","8","10",10A,Aitkin,Williams Twp,35.8089389774345,R,"42.02",-42.02,1.92689317165977,"69","[ { ""name"": ""Nathan Wesenberg"", ""votes"": 49, ""votes_pct"": 71.010000, ""party"": ""R"" }, { ""name"": ""Suzanne M. Cekalla"", ""votes"": 20, ""votes_pct"": 28.990000, ""party"": ""DFL"" }, { ""name"": ""WRITE-IN"", ""votes"": 0, ""votes_pct"": 0, ""party"": ""WI"" } ]"
"010230","8","7",7A,Aitkin,Workman Twp,35.6519853206431,R,"42.31",-42.31,3.64636075188575,"130","[ { ""name"": ""Robert Farnsworth"", ""votes"": 92, ""votes_pct"": 70.770000, ""party"": ""R"" }, { ""name"": ""Ben DeNucci"", ""votes"": 37, ""votes_pct"": 28.460000, ""party"": ""DFL"" }, { ""name"": ""WRITE-IN"", ""votes"": 1, ""votes_pct"": 0.770000, ""party"": ""WI"" } ]"
"010240","8","7",7A,Aitkin,Northeast Aitkin Unorg,74.6231695914276,R,"20.00",-20,0.0670033185051735,"5","[ { ""name"": ""Robert Farnsworth"", ""votes"": 3, ""votes_pct"": 60, ""party"": ""R"" }, { ""name"": ""Ben DeNucci"", ""votes"": 2, ""votes_pct"": 40, ""party"": ""DFL"" }, { ""name"": ""WRITE-IN"", ""votes"": 0, ""votes_pct"": 0, ""party"": ""WI"" } ]"
"010250","8","7",7A,Aitkin,Northwest Aitkin Unorg,292.174086751104,R,"28.80",-28.8,0.653719849435889,"191","[ { ""name"": ""Robert Farnsworth"", ""votes"": 123, ""votes_pct"": 64.400000, ""party"": ""R"" }, { ""name"": ""Ben DeNucci"", ""votes"": 68, ""votes_pct"": 35.600000, ""party"": ""DFL"" }, { ""name"": ""WRITE-IN"", ""votes"": 0, ""votes_pct"": 0, ""party"": ""WI"" } ]"
"020005","6","31",31A,Anoka,Andover P-1,6.76781645545863,R,"32.84",-32.84,260.940882723795,"1766","[ { ""name"": ""Cal K. Bahr"", ""votes"": 1172, ""votes_pct"": 66.360000, ""party"": ""R"" }, { ""name"": ""Jason Ruffalo"", ""votes"": 592, ""votes_pct"": 33.520000, ""party"": ""DFL"" }, { ""name"": ""WRITE-IN"", ""votes"": 2, ""votes_pct"": 0.110000, ""party"": ""WI"" } ]"
"020010","6","31",31A,Anoka,Andover P-2,3.65433504256092,R,"15.92",-15.92,410.745041852571,"1501","[ { ""name"": ""Cal K. Bahr"", ""votes"": 868, ""votes_pct"": 57.830000, ""party"": ""R"" }, { ""name"": ""Jason Ruffalo"", ""votes"": 629, ""votes_pct"": 41.910000, ""party"": ""DFL"" }, { ""name"": ""WRITE-IN"", ""votes"": 4, ""votes_pct"": 0.270000, ""party"": ""WI"" } ]"
"020015","6","31",31A,Anoka,Andover P-3,1.19548466244078,R,"20.50",-20.5,1203.69591113117,"1439","[ { ""name"": ""Cal K. Bahr"", ""votes"": 866, ""votes_pct"": 60.180000, ""party"": ""R"" }, { ""name"": ""Jason Ruffalo"", ""votes"": 571, ""votes_pct"": 39.680000, ""party"": ""DFL"" }, { ""name"": ""WRITE-IN"", ""votes"": 2, ""votes_pct"": 0.140000, ""party"": ""WI"" } ]"
"020020","6","31",31A,Anoka,Andover P-4,1.83754761267835,R,"9.00",-9,708.008865198168,"1301","[ { ""name"": ""Cal K. Bahr"", ""votes"": 709, ""votes_pct"": 54.500000, ""party"": ""R"" }, { ""name"": ""Jason Ruffalo"", ""votes"": 592, ""votes_pct"": 45.500000, ""party"": ""DFL"" }, { ""name"": ""WRITE-IN"", ""votes"": 0, ""votes_pct"": 0, ""party"": ""WI"" } ]"
"020025","6","31",31A,Anoka,Andover P-5,3.23472210814724,R,"18.03",-18.03,430.330629173366,"1392","[ { ""name"": ""Cal K. Bahr"", ""votes"": 821, ""votes_pct"": 58.980000, ""party"": ""R"" }, { ""name"": ""Jason Ruffalo"", ""votes"": 570, ""votes_pct"": 40.950000, ""party"": ""DFL"" }, { ""name"": ""WRITE-IN"", ""votes"": 1, ""votes_pct"": 0.070000, ""party"": ""WI"" } ]"
"020030","6","31",31B,Anoka,Andover P-6,9.75942151581969,R,"34.76",-34.76,187.818509225036,"1833","[ { ""name"": ""Cal K. Bahr"", ""votes"": 1235, ""votes_pct"": 67.380000, ""party"": ""R"" }, { ""name"": ""Jason Ruffalo"", ""votes"": 598, ""votes_pct"": 32.620000, ""party"": ""DFL"" }, { ""name"": ""WRITE-IN"", ""votes"": 0, ""votes_pct"": 0, ""party"": ""WI"" } ]"
"020035","6","31",31B,Anoka,Andover P-7,1.95323272300085,R,"16.98",-16.98,1010.12028764744,"1973","[ { ""name"": ""Cal K. Bahr"", ""votes"": 1153, ""votes_pct"": 58.440000, ""party"": ""R"" }, { ""name"": ""Jason Ruffalo"", ""votes"": 818, ""votes_pct"": 41.460000, ""party"": ""DFL"" }, { ""name"": ""WRITE-IN"", ""votes"": 2, ""votes_pct"": 0.100000, ""party"": ""WI"" } ]"
"020040","6","31",31B,Anoka,Andover P-8,2.77075035687235,R,"24.08",-24.08,442.118503011866,"1225","[ { ""name"": ""Cal K. Bahr"", ""votes"": 760, ""votes_pct"": 62.040000, ""party"": ""R"" }, { ""name"": ""Jason Ruffalo"", ""votes"": 465, ""votes_pct"": 37.960000, ""party"": ""DFL"" }, { ""name"": ""WRITE-IN"", ""votes"": 0, ""votes_pct"": 0, ""party"": ""WI"" } ]"
"020045","6","35",35B,Anoka,Andover P-9,1.93368934952879,R,"15.96",-15.96,881.217037480832,"1704","[ { ""name"": ""Jim Abeler"", ""votes"": 988, ""votes_pct"": 57.980000, ""party"": ""R"" }, { ""name"": ""Kari Rehrauer"", ""votes"": 716, ""votes_pct"": 42.020000, ""party"": ""DFL"" }, { ""name"": ""WRITE-IN"", ""votes"": 0, ""votes_pct"": 0, ""party"": ""WI"" } ]"
"020050","6","35",35B,Anoka,Andover P-10,1.72622535673045,R,"13.82",-13.82,1119.20497081522,"1932","[ { ""name"": ""Jim Abeler"", ""votes"": 1099, ""votes_pct"": 56.880000, ""party"": ""R"" }, { ""name"": ""Kari Rehrauer"", ""votes"": 832, ""votes_pct"": 43.060000, ""party"": ""DFL"" }, { ""name"": ""WRITE-IN"", ""votes"": 1, ""votes_pct"": 0.050000, ""party"": ""WI"" } ]"
"020105","3","35",35A,Anoka,Anoka P-1,0.563150189729556,R,"0.61",-0.61,1155.99712451954,"651","[ { ""name"": ""Jim Abeler"", ""votes"": 327, ""votes_pct"": 50.230000, ""party"": ""R"" }, { ""name"": ""Kari Rehrauer"", ""votes"": 323, ""votes_pct"": 49.620000, ""party"": ""DFL"" }, { ""name"": ""WRITE-IN"", ""votes"": 1, ""votes_pct"": 0.150000, ""party"": ""WI"" } ]"
"020110","3","35",35A,Anoka,Anoka P-2,0.792551291814711,DFL,"1.54",1.54,1062.39180819713,"842","[ { ""name"": ""Kari Rehrauer"", ""votes"": 427, ""votes_pct"": 50.710000, ""party"": ""DFL"" }, { ""name"": ""Jim Abeler"", ""votes"": 414, ""votes_pct"": 49.170000, ""party"": ""R"" }, { ""name"": ""WRITE-IN"", ""votes"": 1, ""votes_pct"": 0.120000, ""party"": ""WI"" } ]"
"020115","3","35",35A,Anoka,Anoka P-3,1.72326794238284,R,"8.87",-8.87,517.040895432647,"891","[ { ""name"": ""Jim Abeler"", ""votes"": 484, ""votes_pct"": 54.320000, ""party"": ""R"" }, { ""name"": ""Kari Rehrauer"", ""votes"": 405, ""votes_pct"": 45.450000, ""party"": ""DFL"" }, { ""name"": ""WRITE-IN"", ""votes"": 2, ""votes_pct"": 0.220000, ""party"": ""WI"" } ]"
"020120","3","35",35A,Anoka,Anoka P-4,0.575785393658046,DFL,"5.94",5.94,1580.44995587443,"910","[ { ""name"": ""Kari Rehrauer"", ""votes"": 482, ""votes_pct"": 52.970000, ""party"": ""DFL"" }, { ""name"": ""Jim Abeler"", ""votes"": 428, ""votes_pct"": 47.030000, ""party"": ""R"" }, { ""name"": ""WRITE-IN"", ""votes"": 0, ""votes_pct"": 0, ""party"": ""WI"" } ]"
"020125","3","35",35A,Anoka,Anoka P-5,0.375988081478338,DFL,"1.78",1.78,2236.77302932926,"841","[ { ""name"": ""Kari Rehrauer"", ""votes"": 428, ""votes_pct"": 50.890000, ""party"": ""DFL"" }, { ""name"": ""Jim Abeler"", ""votes"": 413, ""votes_pct"": 49.110000, ""party"": ""R"" }, { ""name"": ""WRITE-IN"", ""votes"": 0, ""votes_pct"": 0, ""party"": ""WI"" } ]"
"020130","3","35",35A,Anoka,Anoka P-6,1.98685793812077,R,"5.07",-5.07,536.022218582628,"1065","[ { ""name"": ""Jim Abeler"", ""votes"": 558, ""votes_pct"": 52.390000, ""party"": ""R"" }, { ""name"": ""Kari Rehrauer"", ""votes"": 504, ""votes_pct"": 47.320000, ""party"": ""DFL"" }, { ""name"": ""WRITE-IN"", ""votes"": 3, ""votes_pct"": 0.280000, ""party"": ""WI"" } ]"
"020135","3","35",35A,Anoka,Anoka P-7,0.599896786029255,R,"5.32",-5.32,1380.23743297671,"828","[ { ""name"": ""Jim Abeler"", ""votes"": 436, ""votes_pct"": 52.660000, ""party"": ""R"" }, { ""name"": ""Kari Rehrauer"", ""votes"": 392, ""votes_pct"": 47.340000, ""party"": ""DFL"" }, { ""name"": ""WRITE-IN"", ""votes"": 0, ""votes_pct"": 0, ""party"": ""WI"" } ]"
"020140","3","35",35A,Anoka,Anoka P-8,0.515136798476586,R,"3.54",-3.54,1642.28221028254,"846","[ { ""name"": ""Jim Abeler"", ""votes"": 437, ""votes_pct"": 51.650000, ""party"": ""R"" }, { ""name"": ""Kari Rehrauer"", ""votes"": 407, ""votes_pct"": 48.110000, ""party"": ""DFL"" }, { ""name"": ""WRITE-IN"", ""votes"": 2, ""votes_pct"": 0.240000, ""party"": ""WI"" } ]"
"020205","6","27",27B,Anoka,Bethel P-1,1.03970860843321,R,"42.86",-42.86,175.049045976704,"182","[ { ""name"": ""Andrew Mathews"", ""votes"": 130, ""votes_pct"": 71.430000, ""party"": ""R"" }, { ""name"": ""Emy Minzel"", ""votes"": 52, ""votes_pct"": 28.570000, ""party"": ""DFL"" }, { ""name"": ""WRITE-IN"", ""votes"": 0, ""votes_pct"": 0, ""party"": ""WI"" } ]"
"020305","6","32",32B,Anoka,Blaine W-1 P-1,0.885734339411493,R,"2.49",-2.49,772.240580007849,"684","[ { ""name"": ""Michael Kreun"", ""votes"": 350, ""votes_pct"": 51.170000, ""party"": ""R"" }, { ""name"": ""Kate Luthner"", ""votes"": 333, ""votes_pct"": 48.680000, ""party"": ""DFL"" }, { ""name"": ""WRITE-IN"", ""votes"": 1, ""votes_pct"": 0.150000, ""party"": ""WI"" } ]"
"020310","6","32",32B,Anoka,Blaine W-1 P-2,0.661422172260564,DFL,"8.94",8.94,2078.85380573291,"1375","[ { ""name"": ""Kate Luthner"", ""votes"": 749, ""votes_pct"": 54.470000, ""party"": ""DFL"" }, { ""name"": ""Michael Kreun"", ""votes"": 626, ""votes_pct"": 45.530000, ""party"": ""R"" }, { ""name"": ""WRITE-IN"", ""votes"": 0, ""votes_pct"": 0, ""party"": ""WI"" } ]"
"020315","6","32",32B,Anoka,Blaine W-1 P-3,0.650248471272114,DFL,"5.62",5.62,1640.91120108683,"1067","[ { ""name"": ""Kate Luthner"", ""votes"": 562, ""votes_pct"": 52.670000, ""party"": ""DFL"" }, { ""name"": ""Michael Kreun"", ""votes"": 502, ""votes_pct"": 47.050000, ""party"": ""R"" }, { ""name"": ""WRITE-IN"", ""votes"": 3, ""votes_pct"": 0.280000, ""party"": ""WI"" } ]"
"020320","6","32",32B,Anoka,Blaine W-1 P-4,0.429234773648967,DFL,"5.60",5.6,2038.51144808595,"875","[ { ""name"": ""Kate Luthner"", ""votes"": 462, ""votes_pct"": 52.800000, ""party"": ""DFL"" }, { ""name"": ""Michael Kreun"", ""votes"": 413, ""votes_pct"": 47.200000, ""party"": ""R"" }, { ""name"": ""WRITE-IN"", ""votes"": 0, ""votes_pct"": 0, ""party"": ""WI"" } ]"
"020325","6","32",32B,Anoka,Blaine W-1 P-5,0.692414877808368,DFL,"1.43",1.43,1317.12941074672,"912","[ { ""name"": ""Kate Luthner"", ""votes"": 462, ""votes_pct"": 50.660000, ""party"": ""DFL"" }, { ""name"": ""Michael Kreun"", ""votes"": 449, ""votes_pct"": 49.230000, ""party"": ""R"" }, { ""name"": ""WRITE-IN"", ""votes"": 1, ""votes_pct"": 0.110000, ""party"": ""WI"" } ]"
"020330","6","32",32B,Anoka,Blaine W-1 P-6,0.675483833758734,DFL,"7.95",7.95,1098.47188476908,"742","[ { ""name"": ""Kate Luthner"", ""votes"": 399, ""votes_pct"": 53.770000, ""party"": ""DFL"" }, { ""name"": ""Michael Kreun"", ""votes"": 340, ""votes_pct"": 45.820000, ""party"": ""R"" }, { ""name"": ""WRITE-IN"", ""votes"": 3, ""votes_pct"": 0.400000, ""party"": ""WI"" } ]"
"020335","6","32",32B,Anoka,Blaine W-1 P-7,1.05112154918628,DFL,"2.50",2.5,796.292303823434,"837","[ { ""name"": ""Kate Luthner"", ""votes"": 429, ""votes_pct"": 51.250000, ""party"": ""DFL"" }, { ""name"": ""Michael Kreun"", ""votes"": 408, ""votes_pct"": 48.750000, ""party"": ""R"" }, { ""name"": ""WRITE-IN"", ""votes"": 0, ""votes_pct"": 0, ""party"": ""WI"" } ]"
"020340","6","32",32B,Anoka,Blaine W-1 P-8,5.06764017420804,R,"5.10",-5.1,259.489615441275,"1315","[ { ""name"": ""Michael Kreun"", ""votes"": 691, ""votes_pct"": 52.550000, ""party"": ""R"" }, { ""name"": ""Kate Luthner"", ""votes"": 624, ""votes_pct"": 47.450000, ""party"": ""DFL"" }, { ""name"": ""WRITE-IN"", ""votes"": 0, ""votes_pct"": 0, ""party"": ""WI"" } ]"
"020345","6","32",32B,Anoka,Blaine W-1 P-9,1.41772602484399,DFL,"2.58",2.58,737.095871619481,"1045","[ { ""name"": ""Kate Luthner"", ""votes"": 536, ""votes_pct"": 51.290000, ""party"": ""DFL"" }, { ""name"": ""Michael Kreun"", ""votes"": 509, ""votes_pct"": 48.710000, ""party"": ""R"" }, { ""name"": ""WRITE-IN"", ""votes"": 0, ""votes_pct"": 0, ""party"": ""WI"" } ]"
"020405","6","32",32A,Anoka,Blaine W-2 P-1,0.510266781914175,DFL,"11.78",11.78,1663.83552700634,"849","[ { ""name"": ""Kate Luthner"", ""votes"": 473, ""votes_pct"": 55.710000, ""party"": ""DFL"" }, { ""name"": ""Michael Kreun"", ""votes"": 373, ""votes_pct"": 43.930000, ""party"": ""R"" }, { ""name"": ""WRITE-IN"", ""votes"": 3, ""votes_pct"": 0.350000, ""party"": ""WI"" } ]"
"020410","6","32",32A,Anoka,Blaine W-2 P-2,1.02969597692075,DFL,"3.32",3.32,1229.4891194835,"1266","[ { ""name"": ""Kate Luthner"", ""votes"": 653, ""votes_pct"": 51.580000, ""party"": ""DFL"" }, { ""name"": ""Michael Kreun"", ""votes"": 611, ""votes_pct"": 48.260000, ""party"": ""R"" }, { ""name"": ""WRITE-IN"", ""votes"": 2, ""votes_pct"": 0.160000, ""party"": ""WI"" } ]"
"020415","6","32",32B,Anoka,Blaine W-2 P-3,0.623128811052033,DFL,"3.78",3.78,2076.61718901318,"1294","[ { ""name"": ""Kate Luthner"", ""votes"": 671, ""votes_pct"": 51.850000, ""party"": ""DFL"" }, { ""name"": ""Michael Kreun"", ""votes"": 622, ""votes_pct"": 48.070000, ""party"": ""R"" }, { ""name"": ""WRITE-IN"", ""votes"": 1, ""votes_pct"": 0.080000, ""party"": ""WI"" } ]"
"020420","6","32",32B,Anoka,Blaine W-2 P-4,0.976121108399151,R,"6.00",-6,1159.69216346166,"1132","[ { ""name"": ""Michael Kreun"", ""votes"": 600, ""votes_pct"": 53, ""party"": ""R"" }, { ""name"": ""Kate Luthner"", ""votes"": 532, ""votes_pct"": 47, ""party"": ""DFL"" }, { ""name"": ""WRITE-IN"", ""votes"": 0, ""votes_pct"": 0, ""party"": ""WI"" } ]"
"020425","6","32",32B,Anoka,Blaine W-2 P-5,3.21625869356821,R,"4.72",-4.72,315.894987561719,"1016","[ { ""name"": ""Michael Kreun"", ""votes"": 532, ""votes_pct"": 52.360000, ""party"": ""R"" }, { ""name"": ""Kate Luthner"", ""votes"": 484, ""votes_pct"": 47.640000, ""party"": ""DFL"" }, { ""name"": ""WRITE-IN"", ""votes"": 0, ""votes_pct"": 0, ""party"": ""WI"" } ]"
"020430","6","32",32B,Anoka,Blaine W-2 P-6,2.55512390634844,R,"9.97",-9.97,577.271417771649,"1475","[ { ""name"": ""Michael Kreun"", ""votes"": 810, ""votes_pct"": 54.920000, ""party"": ""R"" }, { ""name"": ""Kate Luthner"", ""votes"": 663, ""votes_pct"": 44.950000, ""party"": ""DFL"" }, { ""name"": ""WRITE-IN"", ""votes"": 2, ""votes_pct"": 0.140000, ""party"": ""WI"" } ]"
"020435","6","32",32B,Anoka,Blaine W-2 P-7,1.31913516345425,R,"6.66",-6.66,875.57365764972,"1155","[ { ""name"": ""Michael Kreun"", ""votes"": 616, ""votes_pct"": 53.330000, ""party"": ""R"" }, { ""name"": ""Kate Luthner"", ""votes"": 539, ""votes_pct"": 46.670000, ""party"": ""DFL"" }, { ""name"": ""WRITE-IN"", ""votes"": 0, ""votes_pct"": 0, ""party"": ""WI"" } ]"
"020440","6","32",32B,Anoka,Blaine W-2 P-8,1.96873801255732,R,"9.38",-9.38,557.209741978334,"1097","[ { ""name"": ""Michael Kreun"", ""votes"": 600, ""votes_pct"": 54.690000, ""party"": ""R"" }, { ""name"": ""Kate Luthner"", ""votes"": 497, ""votes_pct"": 45.310000, ""party"": ""DFL"" }, { ""name"": ""WRITE-IN"", ""votes"": 0, ""votes_pct"": 0, ""party"": ""WI"" } ]"
"020445","6","32",32B,Anoka,Blaine W-2 P-9,1.00886507011075,R,"4.29",-4.29,948.590677140739,"957","[ { ""name"": ""Michael Kreun"", ""votes"": 498, ""votes_pct"": 52.040000, ""party"": ""R"" }, { ""name"": ""Kate Luthner"", ""votes"": 457, ""votes_pct"": 47.750000, ""party"": ""DFL"" }, { ""name"": ""WRITE-IN"", ""votes"": 2, ""votes_pct"": 0.210000, ""party"": ""WI"" } ]"
"020505","6","32",32A,Anoka,Blaine W-3 P-1,0.938697614054343,DFL,"0.35",0.35,1487.16687791558,"1396","[ { ""name"": ""Kate Luthner"", ""votes"": 700, ""votes_pct"": 50.140000, ""party"": ""DFL"" }, { ""name"": ""Michael Kreun"", ""votes"": 695, ""votes_pct"": 49.790000, ""party"": ""R"" }, { ""name"": ""WRITE-IN"", ""votes"": 1, ""votes_pct"": 0.070000, ""party"": ""WI"" } ]"
"020510","6","32",32A,Anoka,Blaine W-3 P-2,0.587036680962732,DFL,"19.30",19.3,1226.49916666061,"720","[ { ""name"": ""Kate Luthner"", ""votes"": 429, ""votes_pct"": 59.580000, ""party"": ""DFL"" }, { ""name"": ""Michael Kreun"", ""votes"": 290, ""votes_pct"": 40.280000, ""party"": ""R"" }, { ""name"": ""WRITE-IN"", ""votes"": 1, ""votes_pct"": 0.140000, ""party"": ""WI"" } ]"
"020515","6","32",32A,Anoka,Blaine W-3 P-3,1.27402320110294,even,"0.00",0,982.713657738829,"1252","[ { ""name"": ""Michael Kreun"", ""votes"": 625, ""votes_pct"": 49.920000, ""party"": ""R"" }, { ""name"": ""Kate Luthner"", ""votes"": 625, ""votes_pct"": 49.920000, ""party"": ""DFL"" }, { ""name"": ""WRITE-IN"", ""votes"": 2, ""votes_pct"": 0.160000, ""party"": ""WI"" } ]"
"020520","6","32",32A,Anoka,Blaine W-3 P-4,0.804797633108898,R,"5.82",-5.82,1343.19480516381,"1081","[ { ""name"": ""Michael Kreun"", ""votes"": 572, ""votes_pct"": 52.910000, ""party"": ""R"" }, { ""name"": ""Kate Luthner"", ""votes"": 509, ""votes_pct"": 47.090000, ""party"": ""DFL"" }, { ""name"": ""WRITE-IN"", ""votes"": 0, ""votes_pct"": 0, ""party"": ""WI"" } ]"
"020525","6","32",32A,Anoka,Blaine W-3 P-5,0.845173222752573,R,"4.56",-4.56,1531.04708616499,"1294","[ { ""name"": ""Michael Kreun"", ""votes"": 676, ""votes_pct"": 52.240000, ""party"": ""R"" }, { ""name"": ""Kate Luthner"", ""votes"": 617, ""votes_pct"": 47.680000, ""party"": ""DFL"" }, { ""name"": ""WRITE-IN"", ""votes"": 1, ""votes_pct"": 0.080000, ""party"": ""WI"" } ]"
"020530","6","32",32A,Anoka,Blaine W-3 P-6,0.736539019101171,DFL,"9.32",9.32,1762.29631606483,"1298","[ { ""name"": ""Kate Luthner"", ""votes"": 709, ""votes_pct"": 54.620000, ""party"": ""DFL"" }, { ""name"": ""Michael Kreun"", ""votes"": 588, ""votes_pct"": 45.300000, ""party"": ""R"" }, { ""name"": ""WRITE-IN"", ""votes"": 1, ""votes_pct"": 0.080000, ""party"": ""WI"" } ]"
"020535","6","32",32A,Anoka,Blaine W-3 P-7,1.55247469446198,R,"5.83",-5.83,1127.23254442899,"1750","[ { ""name"": ""Michael Kreun"", ""votes"": 925, ""votes_pct"": 52.860000, ""party"": ""R"" }, { ""name"": ""Kate Luthner"", ""votes"": 823, ""votes_pct"": 47.030000, ""party"": ""DFL"" }, { ""name"": ""WRITE-IN"", ""votes"": 2, ""votes_pct"": 0.110000, ""party"": ""WI"" } ]"
"020540","6","32",32A,Anoka,Blaine W-3 P-8,2.34702752598171,DFL,"10.14",10.14,529.606059681844,"1243","[ { ""name"": ""Kate Luthner"", ""votes"": 684, ""votes_pct"": 55.030000, ""party"": ""DFL"" }, { ""name"": ""Michael Kreun"", ""votes"": 558, ""votes_pct"": 44.890000, ""party"": ""R"" }, { ""name"": ""WRITE-IN"", ""votes"": 1, ""votes_pct"": 0.080000, ""party"": ""WI"" } ]"
"020605","6","36",36A,Anoka,Centerville P-1,2.4265035064014,R,"11.52",-11.52,815.988930070171,"1980","[ { ""name"": ""Roger Chamberlain"", ""votes"": 1104, ""votes_pct"": 55.760000, ""party"": ""R"" }, { ""name"": ""Heather Gustafson"", ""votes"": 876, ""votes_pct"": 44.240000, ""party"": ""DFL"" }, { ""name"": ""WRITE-IN"", ""votes"": 0, ""votes_pct"": 0, ""party"": ""WI"" } ]"
"020705","6","36",36A,Anoka,Circle Pines P-1,0.517758751955016,R,"2.06",-2.06,1691.90766296522,"876","[ { ""name"": ""Roger Chamberlain"", ""votes"": 447, ""votes_pct"": 51.030000, ""party"": ""R"" }, { ""name"": ""Heather Gustafson"", ""votes"": 429, ""votes_pct"": 48.970000, ""party"": ""DFL"" }, { ""name"": ""WRITE-IN"", ""votes"": 0, ""votes_pct"": 0, ""party"": ""WI"" } ]"
"020710","6","36",36A,Anoka,Circle Pines P-2,1.42180588155563,DFL,"12.24",12.24,1069.06295698885,"1520","[ { ""name"": ""Heather Gustafson"", ""votes"": 853, ""votes_pct"": 56.120000, ""party"": ""DFL"" }, { ""name"": ""Roger Chamberlain"", ""votes"": 667, ""votes_pct"": 43.880000, ""party"": ""R"" }, { ""name"": ""WRITE-IN"", ""votes"": 0, ""votes_pct"": 0, ""party"": ""WI"" } ]"
"020805","5","39",39B,Anoka,Columbia Heights P-1,0.520861116366162,DFL,"54.07",54.07,2194.44294090189,"1143","[ { ""name"": ""Mary K Kunesh"", ""votes"": 880, ""votes_pct"": 76.990000, ""party"": ""DFL"" }, { ""name"": ""Pam Wolf"", ""votes"": 262, ""votes_pct"": 22.920000, ""party"": ""R"" }, { ""name"": ""WRITE-IN"", ""votes"": 1, ""votes_pct"": 0.090000, ""party"": ""WI"" } ]"
"020810","5","39",39B,Anoka,Columbia Heights P-2,0.478969690663035,DFL,"47.74",47.74,2129.57107700911,"1020","[ { ""name"": ""Mary K Kunesh"", ""votes"": 753, ""votes_pct"": 73.820000, ""party"": ""DFL"" }, { ""name"": ""Pam Wolf"", ""votes"": 266, ""votes_pct"": 26.080000, ""party"": ""R"" }, { ""name"": ""WRITE-IN"", ""votes"": 1, ""votes_pct"": 0.100000, ""party"": ""WI"" } ]"
"020815","5","39",39B,Anoka,Columbia Heights P-3,0.342316299742817,DFL,"48.69",48.69,2670.0452204195,"914","[ { ""name"": ""Mary K Kunesh"", ""votes"": 678, ""votes_pct"": 74.180000, ""party"": ""DFL"" }, { ""name"": ""Pam Wolf"", ""votes"": 233, ""votes_pct"": 25.490000, ""party"": ""R"" }, { ""name"": ""WRITE-IN"", ""votes"": 3, ""votes_pct"": 0.330000, ""party"": ""WI"" } ]"
"020820","5","39",39B,Anoka,Columbia Heights P-4,0.425176562985174,DFL,"46.88",46.88,1961.53803526814,"834","[ { ""name"": ""Mary K Kunesh"", ""votes"": 612, ""votes_pct"": 73.380000, ""party"": ""DFL"" }, { ""name"": ""Pam Wolf"", ""votes"": 221, ""votes_pct"": 26.500000, ""party"": ""R"" }, { ""name"": ""WRITE-IN"", ""votes"": 1, ""votes_pct"": 0.120000, ""party"": ""WI"" } ]"
"020825","5","39",39B,Anoka,Columbia Heights P-5,0.489436963126254,DFL,"46.98",46.98,2026.81872178932,"992","[ { ""name"": ""Mary K Kunesh"", ""votes"": 728, ""votes_pct"": 73.390000, ""party"": ""DFL"" }, { ""name"": ""Pam Wolf"", ""votes"": 262, ""votes_pct"": 26.410000, ""party"": ""R"" }, { ""name"": ""WRITE-IN"", ""votes"": 2, ""votes_pct"": 0.200000, ""party"": ""WI"" } ]"
"020830","5","39",39B,Anoka,Columbia Heights P-6,0.547404404259141,DFL,"39.18",39.18,1603.93302130678,"878","[ { ""name"": ""Mary K Kunesh"", ""votes"": 610, ""votes_pct"": 69.480000, ""party"": ""DFL"" }, { ""name"": ""Pam Wolf"", ""votes"": 266, ""votes_pct"": 30.300000, ""party"": ""R"" }, { ""name"": ""WRITE-IN"", ""votes"": 2, ""votes_pct"": 0.230000, ""party"": ""WI"" } ]"
"020835","5","39",39A,Anoka,Columbia Heights P-7,0.391804027072029,DFL,"37.12",37.12,1891.25161764551,"741","[ { ""name"": ""Mary K Kunesh"", ""votes"": 508, ""votes_pct"": 68.560000, ""party"": ""DFL"" }, { ""name"": ""Pam Wolf"", ""votes"": 233, ""votes_pct"": 31.440000, ""party"": ""R"" }, { ""name"": ""WRITE-IN"", ""votes"": 0, ""votes_pct"": 0, ""party"": ""WI"" } ]"
"020840","5","39",39A,Anoka,Columbia Heights P-8,0.30140525139908,DFL,"38.73",38.73,2723.90741763468,"821","[ { ""name"": ""Mary K Kunesh"", ""votes"": 568, ""votes_pct"": 69.180000, ""party"": ""DFL"" }, { ""name"": ""Pam Wolf"", ""votes"": 250, ""votes_pct"": 30.450000, ""party"": ""R"" }, { ""name"": ""WRITE-IN"", ""votes"": 3, ""votes_pct"": 0.370000, ""party"": ""WI"" } ]"
"020905","6","32",32A,Anoka,Columbus P-1,47.6205407377128,R,"30.07",-30.07,47.5635086227874,"2265","[ { ""name"": ""Michael Kreun"", ""votes"": 1472, ""votes_pct"": 64.990000, ""party"": ""R"" }, { ""name"": ""Kate Luthner"", ""votes"": 791, ""votes_pct"": 34.920000, ""party"": ""DFL"" }, { ""name"": ""WRITE-IN"", ""votes"": 2, ""votes_pct"": 0.090000, ""party"": ""WI"" } ]"
"021005","3","35",35A,Anoka,Coon Rapids W-1 P-1,1.68514241690223,R,"2.44",-2.44,1142.33668364879,"1925","[ { ""name"": ""Jim Abeler"", ""votes"": 985, ""votes_pct"": 51.170000, ""party"": ""R"" }, { ""name"": ""Kari Rehrauer"", ""votes"": 938, ""votes_pct"": 48.730000, ""party"": ""DFL"" }, { ""name"": ""WRITE-IN"", ""votes"": 2, ""votes_pct"": 0.100000, ""party"": ""WI"" } ]"
"021010","3","35",35B,Anoka,Coon Rapids W-1 P-2,1.01965649872858,R,"6.63",-6.63,1567.19444439628,"1598","[ { ""name"": ""Jim Abeler"", ""votes"": 851, ""votes_pct"": 53.250000, ""party"": ""R"" }, { ""name"": ""Kari Rehrauer"", ""votes"": 745, ""votes_pct"": 46.620000, ""party"": ""DFL"" }, { ""name"": ""WRITE-IN"", ""votes"": 2, ""votes_pct"": 0.130000, ""party"": ""WI"" } ]"
"021015","3","35",35A,Anoka,Coon Rapids W-1 P-3,1.44352363487261,R,"6.04",-6.04,964.307037565649,"1392","[ { ""name"": ""Jim Abeler"", ""votes"": 737, ""votes_pct"": 52.950000, ""party"": ""R"" }, { ""name"": ""Kari Rehrauer"", ""votes"": 653, ""votes_pct"": 46.910000, ""party"": ""DFL"" }, { ""name"": ""WRITE-IN"", ""votes"": 2, ""votes_pct"": 0.140000, ""party"": ""WI"" } ]"
"021020","3","35",35A,Anoka,Coon Rapids W-1 P-4,1.18408275633691,DFL,"3.74",3.74,700.11998364422,"829","[ { ""name"": ""Kari Rehrauer"", ""votes"": 429, ""votes_pct"": 51.750000, ""party"": ""DFL"" }, { ""name"": ""Jim Abeler"", ""votes"": 398, ""votes_pct"": 48.010000, ""party"": ""R"" }, { ""name"": ""WRITE-IN"", ""votes"": 2, ""votes_pct"": 0.240000, ""party"": ""WI"" } ]"
"021105","3","35",35B,Anoka,Coon Rapids W-2 P-1,0.935472589638444,DFL,"4.94",4.94,1471.98326840576,"1377","[ { ""name"": ""Kari Rehrauer"", ""votes"": 721, ""votes_pct"": 52.360000, ""party"": ""DFL"" }, { ""name"": ""Jim Abeler"", ""votes"": 653, ""votes_pct"": 47.420000, ""party"": ""R"" }, { ""name"": ""WRITE-IN"", ""votes"": 3, ""votes_pct"": 0.220000, ""party"": ""WI"" } ]"
"021110","3","35",35B,Anoka,Coon Rapids W-2 P-2,1.72282811503117,R,"4.90",-4.9,545.614499669919,"940","[ { ""name"": ""Jim Abeler"", ""votes"": 493, ""votes_pct"": 52.450000, ""party"": ""R"" }, { ""name"": ""Kari Rehrauer"", ""votes"": 447, ""votes_pct"": 47.550000, ""party"": ""DFL"" }, { ""name"": ""WRITE-IN"", ""votes"": 0, ""votes_pct"": 0, ""party"": ""WI"" } ]"
"021115","3","35",35B,Anoka,Coon Rapids W-2 P-3,0.775702340787231,DFL,"2.63",2.63,1762.27391374465,"1367","[ { ""name"": ""Kari Rehrauer"", ""votes"": 701, ""votes_pct"": 51.280000, ""party"": ""DFL"" }, { ""name"": ""Jim Abeler"", ""votes"": 665, ""votes_pct"": 48.650000, ""party"": ""R"" }, { ""name"": ""WRITE-IN"", ""votes"": 1, ""votes_pct"": 0.070000, ""party"": ""WI"" } ]"
"021120","3","35",35B,Anoka,Coon Rapids W-2 P-4,0.409942266995547,DFL,"3.84",3.84,1971.0092494775,"808","[ { ""name"": ""Kari Rehrauer"", ""votes"": 419, ""votes_pct"": 51.860000, ""party"": ""DFL"" }, { ""name"": ""Jim Abeler"", ""votes"": 388, ""votes_pct"": 48.020000, ""party"": ""R"" }, { ""name"": ""WRITE-IN"", ""votes"": 1, ""votes_pct"": 0.120000, ""party"": ""WI"" } ]"
"021125","3","35",35B,Anoka,Coon Rapids W-2 P-5,1.05997894643698,DFL,"3.54",3.54,880.206161769713,"933","[ { ""name"": ""Kari Rehrauer"", ""votes"": 483, ""votes_pct"": 51.770000, ""party"": ""DFL"" }, { ""name"": ""Jim Abeler"", ""votes"": 450, ""votes_pct"": 48.230000, ""party"": ""R"" }, { ""name"": ""WRITE-IN"", ""votes"": 0, ""votes_pct"": 0, ""party"": ""WI"" } ]"
"021205","3","35",35A,Anoka,Coon Rapids W-3 P-1,0.711166651709085,DFL,"2.40",2.4,1460.97964169588,"1039","[ { ""name"": ""Kari Rehrauer"", ""votes"": 532, ""votes_pct"": 51.200000, ""party"": ""DFL"" }, { ""name"": ""Jim Abeler"", ""votes"": 507, ""votes_pct"": 48.800000, ""party"": ""R"" }, { ""name"": ""WRITE-IN"", ""votes"": 0, ""votes_pct"": 0, ""party"": ""WI"" } ]"
"021210","3","35",35B,Anoka,Coon Rapids W-3 P-2,1.06536086846046,DFL,"2.18",2.18,986.520184018761,"1051","[ { ""name"": ""Kari Rehrauer"", ""votes"": 537, ""votes_pct"": 51.090000, ""party"": ""DFL"" }, { ""name"": ""Jim Abeler"", ""votes"": 514, ""votes_pct"": 48.910000, ""party"": ""R"" }, { ""name"": ""WRITE-IN"", ""votes"": 0, ""votes_pct"": 0, ""party"": ""WI"" } ]"
"021215","3","35",35B,Anoka,Coon Rapids W-3 P-3,1.4177963577389,DFL,"8.98",8.98,761.745503227544,"1080","[ { ""name"": ""Kari Rehrauer"", ""votes"": 588, ""votes_pct"": 54.440000, ""party"": ""DFL"" }, { ""name"": ""Jim Abeler"", ""votes"": 491, ""votes_pct"": 45.460000, ""party"": ""R"" }, { ""name"": ""WRITE-IN"", ""votes"": 1, ""votes_pct"": 0.090000, ""party"": ""WI"" } ]"
"021220","3","35",35B,Anoka,Coon Rapids W-3 P-4,1.05900261034382,DFL,"8.14",8.14,928.231895179989,"983","[ { ""name"": ""Kari Rehrauer"", ""votes"": 531, ""votes_pct"": 54.020000, ""party"": ""DFL"" }, { ""name"": ""Jim Abeler"", ""votes"": 451, ""votes_pct"": 45.880000, ""party"": ""R"" }, { ""name"": ""WRITE-IN"", ""votes"": 1, ""votes_pct"": 0.100000, ""party"": ""WI"" } ]"
"021305","3","35",35A,Anoka,Coon Rapids W-4 P-1,0.600561217573317,R,"2.45",-2.45,2041.42386175699,"1226","[ { ""name"": ""Jim Abeler"", ""votes"": 627, ""votes_pct"": 51.140000, ""party"": ""R"" }, { ""name"": ""Kari Rehrauer"", ""votes"": 597, ""votes_pct"": 48.690000, ""party"": ""DFL"" }, { ""name"": ""WRITE-IN"", ""votes"": 2, ""votes_pct"": 0.160000, ""party"": ""WI"" } ]"
"021310","3","35",35A,Anoka,Coon Rapids W-4 P-2,0.709264326472416,DFL,"7.52",7.52,1744.06064682869,"1237","[ { ""name"": ""Kari Rehrauer"", ""votes"": 665, ""votes_pct"": 53.760000, ""party"": ""DFL"" }, { ""name"": ""Jim Abeler"", ""votes"": 572, ""votes_pct"": 46.240000, ""party"": ""R"" }, { ""name"": ""WRITE-IN"", ""votes"": 0, ""votes_pct"": 0, ""party"": ""WI"" } ]"
"021315","3","35",35A,Anoka,Coon Rapids W-4 P-3,1.13876895355037,DFL,"7.92",7.92,1043.23181299959,"1188","[ { ""name"": ""Kari Rehrauer"", ""votes"": 641, ""votes_pct"": 53.960000, ""party"": ""DFL"" }, { ""name"": ""Jim Abeler"", ""votes"": 547, ""votes_pct"": 46.040000, ""party"": ""R"" }, { ""name"": ""WRITE-IN"", ""votes"": 0, ""votes_pct"": 0, ""party"": ""WI"" } ]"
"021320","3","35",35A,Anoka,Coon Rapids W-4 P-4,1.46367997181277,DFL,"1.44",1.44,1086.98624743054,"1591","[ { ""name"": ""Kari Rehrauer"", ""votes"": 807, ""votes_pct"": 50.720000, ""party"": ""DFL"" }, { ""name"": ""Jim Abeler"", ""votes"": 784, ""votes_pct"": 49.280000, ""party"": ""R"" }, { ""name"": ""WRITE-IN"", ""votes"": 0, ""votes_pct"": 0, ""party"": ""WI"" } ]"
"021405","3","35",35B,Anoka,Coon Rapids W-5 P-1,0.902256723194112,DFL,"0.42",0.42,1326.67340594865,"1197","[ { ""name"": ""Kari Rehrauer"", ""votes"": 600, ""votes_pct"": 50.130000, ""party"": ""DFL"" }, { ""name"": ""Jim Abeler"", ""votes"": 595, ""votes_pct"": 49.710000, ""party"": ""R"" }, { ""name"": ""WRITE-IN"", ""votes"": 2, ""votes_pct"": 0.170000, ""party"": ""WI"" } ]"
"021410","3","35",35B,Anoka,Coon Rapids W-5 P-2,1.10815489097914,DFL,"2.34",2.34,1312.99334763067,"1455","[ { ""name"": ""Kari Rehrauer"", ""votes"": 743, ""votes_pct"": 51.070000, ""party"": ""DFL"" }, { ""name"": ""Jim Abeler"", ""votes"": 709, ""votes_pct"": 48.730000, ""party"": ""R"" }, { ""name"": ""WRITE-IN"", ""votes"": 3, ""votes_pct"": 0.210000, ""party"": ""WI"" } ]"
"021415","3","35",35B,Anoka,Coon Rapids W-5 P-3,0.616801208908599,DFL,"16.90",16.9,1170.55542299851,"722","[ { ""name"": ""Kari Rehrauer"", ""votes"": 421, ""votes_pct"": 58.310000, ""party"": ""DFL"" }, { ""name"": ""Jim Abeler"", ""votes"": 299, ""votes_pct"": 41.410000, ""party"": ""R"" }, { ""name"": ""WRITE-IN"", ""votes"": 2, ""votes_pct"": 0.280000, ""party"": ""WI"" } ]"
"021420","3","34",34B,Anoka,Coon Rapids W-5 P-4,1.36552418423121,DFL,"15.54",15.54,259.2411061539,"354","[ { ""name"": ""John Hoffman"", ""votes"": 204, ""votes_pct"": 57.630000, ""party"": ""DFL"" }, { ""name"": ""Karen Attia"", ""votes"": 149, ""votes_pct"": 42.090000, ""party"": ""R"" }, { ""name"": ""WRITE-IN"", ""votes"": 1, ""votes_pct"": 0.280000, ""party"": ""WI"" } ]"
"021425","3","34",34B,Anoka,Coon Rapids W-5 P-5,0.906928506923868,DFL,"16.81",16.81,1161.06175069034,"1053","[ { ""name"": ""John Hoffman"", ""votes"": 614, ""votes_pct"": 58.310000, ""party"": ""DFL"" }, { ""name"": ""Karen Attia"", ""votes"": 437, ""votes_pct"": 41.500000, ""party"": ""R"" }, { ""name"": ""WRITE-IN"", ""votes"": 2, ""votes_pct"": 0.190000, ""party"": ""WI"" } ]"
"021505","6","31",31B,Anoka,East Bethel P-1,19.5722762986308,R,"38.17",-38.17,93.9594338410526,"1839","[ { ""name"": ""Cal K. Bahr"", ""votes"": 1270, ""votes_pct"": 69.060000, ""party"": ""R"" }, { ""name"": ""Jason Ruffalo"", ""votes"": 568, ""votes_pct"": 30.890000, ""party"": ""DFL"" }, { ""name"": ""WRITE-IN"", ""votes"": 1, ""votes_pct"": 0.050000, ""party"": ""WI"" } ]"
"021510","6","31",31B,Anoka,East Bethel P-2,11.2650539859,R,"36.56",-36.56,168.041804537234,"1893","[ { ""name"": ""Cal K. Bahr"", ""votes"": 1291, ""votes_pct"": 68.200000, ""party"": ""R"" }, { ""name"": ""Jason Ruffalo"", ""votes"": 599, ""votes_pct"": 31.640000, ""party"": ""DFL"" }, { ""name"": ""WRITE-IN"", ""votes"": 3, ""votes_pct"": 0.160000, ""party"": ""WI"" } ]"
"021515","6","31",31B,Anoka,East Bethel P-3,16.8386904695166,R,"33.52",-33.52,102.026936305417,"1718","[ { ""name"": ""Cal K. Bahr"", ""votes"": 1147, ""votes_pct"": 66.760000, ""party"": ""R"" }, { ""name"": ""Jason Ruffalo"", ""votes"": 571, ""votes_pct"": 33.240000, ""party"": ""DFL"" }, { ""name"": ""WRITE-IN"", ""votes"": 0, ""votes_pct"": 0, ""party"": ""WI"" } ]"
"021605","5","39",39A,Anoka,Fridley W-1 P-1,0.869036697221121,DFL,"21.62",21.62,808.941673289461,"703","[ { ""name"": ""Mary K Kunesh"", ""votes"": 427, ""votes_pct"": 60.740000, ""party"": ""DFL"" }, { ""name"": ""Pam Wolf"", ""votes"": 275, ""votes_pct"": 39.120000, ""party"": ""R"" }, { ""name"": ""WRITE-IN"", ""votes"": 1, ""votes_pct"": 0.140000, ""party"": ""WI"" } ]"
"021610","5","39",39A,Anoka,Fridley W-1 P-2,0.704183471113122,DFL,"21.50",21.5,1624.57661522735,"1144","[ { ""name"": ""Mary K Kunesh"", ""votes"": 694, ""votes_pct"": 60.660000, ""party"": ""DFL"" }, { ""name"": ""Pam Wolf"", ""votes"": 448, ""votes_pct"": 39.160000, ""party"": ""R"" }, { ""name"": ""WRITE-IN"", ""votes"": 2, ""votes_pct"": 0.170000, ""party"": ""WI"" } ]"
"021615","5","39",39A,Anoka,Fridley W-1 P-3,0.498525841848177,DFL,"34.58",34.58,1925.67750638765,"960","[ { ""name"": ""Mary K Kunesh"", ""votes"": 644, ""votes_pct"": 67.080000, ""party"": ""DFL"" }, { ""name"": ""Pam Wolf"", ""votes"": 312, ""votes_pct"": 32.500000, ""party"": ""R"" }, { ""name"": ""WRITE-IN"", ""votes"": 4, ""votes_pct"": 0.420000, ""party"": ""WI"" } ]"
"021620","5","39",39A,Anoka,Fridley W-1 P-4,0.742059410105871,DFL,"26.63",26.63,971.620317970408,"721","[ { ""name"": ""Mary K Kunesh"", ""votes"": 456, ""votes_pct"": 63.250000, ""party"": ""DFL"" }, { ""name"": ""Pam Wolf"", ""votes"": 264, ""votes_pct"": 36.620000, ""party"": ""R"" }, { ""name"": ""WRITE-IN"", ""votes"": 1, ""votes_pct"": 0.140000, ""party"": ""WI"" } ]"
"021705","5","39",39A,Anoka,Fridley W-2 P-1,0.875928175928091,DFL,"18.90",18.9,743.211621558163,"651","[ { ""name"": ""Mary K Kunesh"", ""votes"": 387, ""votes_pct"": 59.450000, ""party"": ""DFL"" }, { ""name"": ""Pam Wolf"", ""votes"": 264, ""votes_pct"": 40.550000, ""party"": ""R"" }, { ""name"": ""WRITE-IN"", ""votes"": 0, ""votes_pct"": 0, ""party"": ""WI"" } ]"
"021710","5","39",39A,Anoka,Fridley W-2 P-2,1.49044584056811,DFL,"27.12",27.12,1125.83762141964,"1678","[ { ""name"": ""Mary K Kunesh"", ""votes"": 1066, ""votes_pct"": 63.530000, ""party"": ""DFL"" }, { ""name"": ""Pam Wolf"", ""votes"": 611, ""votes_pct"": 36.410000, ""party"": ""R"" }, { ""name"": ""WRITE-IN"", ""votes"": 1, ""votes_pct"": 0.060000, ""party"": ""WI"" } ]"
"021715","5","39",39A,Anoka,Fridley W-2 P-3,0.501813643154967,DFL,"29.18",29.18,2205.99821288267,"1107","[ { ""name"": ""Mary K Kunesh"", ""votes"": 714, ""votes_pct"": 64.500000, ""party"": ""DFL"" }, { ""name"": ""Pam Wolf"", ""votes"": 391, ""votes_pct"": 35.320000, ""party"": ""R"" }, { ""name"": ""WRITE-IN"", ""votes"": 2, ""votes_pct"": 0.180000, ""party"": ""WI"" } ]"
"021805","5","39",39A,Anoka,Fridley W-3 P-1,1.16011106206152,DFL,"21.80",21.8,707.690864132507,"821","[ { ""name"": ""Mary K Kunesh"", ""votes"": 500, ""votes_pct"": 60.900000, ""party"": ""DFL"" }, { ""name"": ""Pam Wolf"", ""votes"": 321, ""votes_pct"": 39.100000, ""party"": ""R"" }, { ""name"": ""WRITE-IN"", ""votes"": 0, ""votes_pct"": 0, ""party"": ""WI"" } ]"
"021810","5","39",39A,Anoka,Fridley W-3 P-2,1.7869901259772,DFL,"22.62",22.62,846.11547541326,"1512","[ { ""name"": ""Mary K Kunesh"", ""votes"": 926, ""votes_pct"": 61.240000, ""party"": ""DFL"" }, { ""name"": ""Pam Wolf"", ""votes"": 584, ""votes_pct"": 38.620000, ""party"": ""R"" }, { ""name"": ""WRITE-IN"", ""votes"": 2, ""votes_pct"": 0.130000, ""party"": ""WI"" } ]"
"021815","5","39",39A,Anoka,Fridley W-3 P-3,2.27286071320265,DFL,"24.82",24.82,366.938455645539,"834","[ { ""name"": ""Mary K Kunesh"", ""votes"": 520, ""votes_pct"": 62.350000, ""party"": ""DFL"" }, { ""name"": ""Pam Wolf"", ""votes"": 313, ""votes_pct"": 37.530000, ""party"": ""R"" }, { ""name"": ""WRITE-IN"", ""votes"": 1, ""votes_pct"": 0.120000, ""party"": ""WI"" } ]"
"021905","6","31",31B,Anoka,Ham Lake P-1,7.87610235381255,R,"30.61",-30.61,203.654031898603,"1604","[ { ""name"": ""Cal K. Bahr"", ""votes"": 1047, ""votes_pct"": 65.270000, ""party"": ""R"" }, { ""name"": ""Jason Ruffalo"", ""votes"": 556, ""votes_pct"": 34.660000, ""party"": ""DFL"" }, { ""name"": ""WRITE-IN"", ""votes"": 1, ""votes_pct"": 0.060000, ""party"": ""WI"" } ]"
"021910","6","32",32A,Anoka,Ham Lake P-2,3.95109139851855,R,"26.82",-26.82,312.318768546505,"1234","[ { ""name"": ""Michael Kreun"", ""votes"": 782, ""votes_pct"": 63.370000, ""party"": ""R"" }, { ""name"": ""Kate Luthner"", ""votes"": 451, ""votes_pct"": 36.550000, ""party"": ""DFL"" }, { ""name"": ""WRITE-IN"", ""votes"": 1, ""votes_pct"": 0.080000, ""party"": ""WI"" } ]"
"021915","6","31",31B,Anoka,Ham Lake P-3,7.99030354833711,R,"41.80",-41.8,220.642431083473,"1763","[ { ""name"": ""Cal K. Bahr"", ""votes"": 1250, ""votes_pct"": 70.900000, ""party"": ""R"" }, { ""name"": ""Jason Ruffalo"", ""votes"": 513, ""votes_pct"": 29.100000, ""party"": ""DFL"" }, { ""name"": ""WRITE-IN"", ""votes"": 0, ""votes_pct"": 0, ""party"": ""WI"" } ]"
"021920","6","32",32A,Anoka,Ham Lake P-4,7.75100016320058,R,"35.94",-35.94,163.333759946308,"1266","[ { ""name"": ""Michael Kreun"", ""votes"": 860, ""votes_pct"": 67.930000, ""party"": ""R"" }, { ""name"": ""Kate Luthner"", ""votes"": 405, ""votes_pct"": 31.990000, ""party"": ""DFL"" }, { ""name"": ""WRITE-IN"", ""votes"": 1, ""votes_pct"": 0.080000, ""party"": ""WI"" } ]"
"021925","6","32",32A,Anoka,Ham Lake P-5,2.72377284475339,R,"36.03",-36.03,444.236751361531,"1210","[ { ""name"": ""Michael Kreun"", ""votes"": 822, ""votes_pct"": 67.930000, ""party"": ""R"" }, { ""name"": ""Kate Luthner"", ""votes"": 386, ""votes_pct"": 31.900000, ""party"": ""DFL"" }, { ""name"": ""WRITE-IN"", ""votes"": 2, ""votes_pct"": 0.170000, ""party"": ""WI"" } ]"
"021930","6","32",32A,Anoka,Ham Lake P-6,5.54403694271427,R,"33.82",-33.82,226.188968969255,"1254","[ { ""name"": ""Michael Kreun"", ""votes"": 839, ""votes_pct"": 66.910000, ""party"": ""R"" }, { ""name"": ""Kate Luthner"", ""votes"": 415, ""votes_pct"": 33.090000, ""party"": ""DFL"" }, { ""name"": ""WRITE-IN"", ""votes"": 0, ""votes_pct"": 0, ""party"": ""WI"" } ]"
"022005","5","39",39A,Anoka,Hilltop P-1,0.127345130650495,DFL,"32.64",32.64,746.004181822486,"95","[ { ""name"": ""Mary K Kunesh"", ""votes"": 63, ""votes_pct"": 66.320000, ""party"": ""DFL"" }, { ""name"": ""Pam Wolf"", ""votes"": 32, ""votes_pct"": 33.680000, ""party"": ""R"" }, { ""name"": ""WRITE-IN"", ""votes"": 0, ""votes_pct"": 0, ""party"": ""WI"" } ]"
"022105","6","32",32B,Anoka,Lexington P-1,0.68775293112669,R,"4.88",-4.88,1193.7426404785,"821","[ { ""name"": ""Michael Kreun"", ""votes"": 430, ""votes_pct"": 52.380000, ""party"": ""R"" }, { ""name"": ""Kate Luthner"", ""votes"": 390, ""votes_pct"": 47.500000, ""party"": ""DFL"" }, { ""name"": ""WRITE-IN"", ""votes"": 1, ""votes_pct"": 0.120000, ""party"": ""WI"" } ]"
"022205","6","36",36A,Anoka,Lino Lakes P-1,10.3710975019423,R,"9.86",-9.86,125.155510278146,"1298","[ { ""name"": ""Roger Chamberlain"", ""votes"": 712, ""votes_pct"": 54.850000, ""party"": ""R"" }, { ""name"": ""Heather Gustafson"", ""votes"": 584, ""votes_pct"": 44.990000, ""party"": ""DFL"" }, { ""name"": ""WRITE-IN"", ""votes"": 2, ""votes_pct"": 0.150000, ""party"": ""WI"" } ]"
"022210","6","36",36A,Anoka,Lino Lakes P-2,3.51091665029992,R,"8.11",-8.11,456.291094197053,"1602","[ { ""name"": ""Roger Chamberlain"", ""votes"": 865, ""votes_pct"": 53.990000, ""party"": ""R"" }, { ""name"": ""Heather Gustafson"", ""votes"": 735, ""votes_pct"": 45.880000, ""party"": ""DFL"" }, { ""name"": ""WRITE-IN"", ""votes"": 2, ""votes_pct"": 0.120000, ""party"": ""WI"" } ]"
"022215","6","36",36A,Anoka,Lino Lakes P-3,1.33040626335302,R,"5.24",-5.24,917.764771283257,"1221","[ { ""name"": ""Roger Chamberlain"", ""votes"": 642, ""votes_pct"": 52.580000, ""party"": ""R"" }, { ""name"": ""Heather Gustafson"", ""votes"": 578, ""votes_pct"": 47.340000, ""party"": ""DFL"" }, { ""name"": ""WRITE-IN"", ""votes"": 1, ""votes_pct"": 0.080000, ""party"": ""WI"" } ]"
"022220","6","36",36A,Anoka,Lino Lakes P-4,8.10450924725871,R,"7.48",-7.48,222.71552106755,"1805","[ { ""name"": ""Roger Chamberlain"", ""votes"": 970, ""votes_pct"": 53.740000, ""party"": ""R"" }, { ""name"": ""Heather Gustafson"", ""votes"": 835, ""votes_pct"": 46.260000, ""party"": ""DFL"" }, { ""name"": ""WRITE-IN"", ""votes"": 0, ""votes_pct"": 0, ""party"": ""WI"" } ]"
"022225","6","36",36A,Anoka,Lino Lakes P-5,1.58336656358166,R,"0.50",-0.5,750.931608224957,"1189","[ { ""name"": ""Roger Chamberlain"", ""votes"": 597, ""votes_pct"": 50.210000, ""party"": ""R"" }, { ""name"": ""Heather Gustafson"", ""votes"": 591, ""votes_pct"": 49.710000, ""party"": ""DFL"" }, { ""name"": ""WRITE-IN"", ""votes"": 1, ""votes_pct"": 0.080000, ""party"": ""WI"" } ]"
"022230","6","36",36A,Anoka,Lino Lakes P-6,6.04050613211331,R,"13.86",-13.86,321.330689440245,"1941","[ { ""name"": ""Roger Chamberlain"", ""votes"": 1105, ""votes_pct"": 56.930000, ""party"": ""R"" }, { ""name"": ""Heather Gustafson"", ""votes"": 836, ""votes_pct"": 43.070000, ""party"": ""DFL"" }, { ""name"": ""WRITE-IN"", ""votes"": 0, ""votes_pct"": 0, ""party"": ""WI"" } ]"
"022235","6","36",36A,Anoka,Lino Lakes P-7,2.24192720954931,R,"8.07",-8.07,851.05350069932,"1908","[ { ""name"": ""Roger Chamberlain"", ""votes"": 1030, ""votes_pct"": 53.980000, ""party"": ""R"" }, { ""name"": ""Heather Gustafson"", ""votes"": 876, ""votes_pct"": 45.910000, ""party"": ""DFL"" }, { ""name"": ""WRITE-IN"", ""votes"": 2, ""votes_pct"": 0.100000, ""party"": ""WI"" } ]"
"022305","6","31",31B,Anoka,Linwood Twp P-1,16.5548808178053,R,"38.32",-38.32,100.574568812917,"1665","[ { ""name"": ""Cal K. Bahr"", ""votes"": 1151, ""votes_pct"": 69.130000, ""party"": ""R"" }, { ""name"": ""Jason Ruffalo"", ""votes"": 513, ""votes_pct"": 30.810000, ""party"": ""DFL"" }, { ""name"": ""WRITE-IN"", ""votes"": 1, ""votes_pct"": 0.060000, ""party"": ""WI"" } ]"
"022310","6","31",31B,Anoka,Linwood Twp P-2,19.5494082084487,R,"35.08",-35.08,49.7201751396203,"972","[ { ""name"": ""Cal K. Bahr"", ""votes"": 656, ""votes_pct"": 67.490000, ""party"": ""R"" }, { ""name"": ""Jason Ruffalo"", ""votes"": 315, ""votes_pct"": 32.410000, ""party"": ""DFL"" }, { ""name"": ""WRITE-IN"", ""votes"": 1, ""votes_pct"": 0.100000, ""party"": ""WI"" } ]"
"022405","6","30",30B,Anoka,Nowthen P-1,21.8102169447033,R,"51.52",-51.52,69.3253076681199,"1512","[ { ""name"": ""Eric Lucero"", ""votes"": 1145, ""votes_pct"": 75.730000, ""party"": ""R"" }, { ""name"": ""Diane Nguyen"", ""votes"": 366, ""votes_pct"": 24.210000, ""party"": ""DFL"" }, { ""name"": ""WRITE-IN"", ""votes"": 1, ""votes_pct"": 0.070000, ""party"": ""WI"" } ]"
"022410","6","30",30B,Anoka,Nowthen P-2,13.3661942865337,R,"50.86",-50.86,65.7629225759187,"879","[ { ""name"": ""Eric Lucero"", ""votes"": 663, ""votes_pct"": 75.430000, ""party"": ""R"" }, { ""name"": ""Diane Nguyen"", ""votes"": 216, ""votes_pct"": 24.570000, ""party"": ""DFL"" }, { ""name"": ""WRITE-IN"", ""votes"": 0, ""votes_pct"": 0, ""party"": ""WI"" } ]"
"022505","6","31",31B,Anoka,Oak Grove P-1,6.98950928206674,R,"36.26",-36.26,199.298683753676,"1393","[ { ""name"": ""Cal K. Bahr"", ""votes"": 949, ""votes_pct"": 68.130000, ""party"": ""R"" }, { ""name"": ""Jason Ruffalo"", ""votes"": 444, ""votes_pct"": 31.870000, ""party"": ""DFL"" }, { ""name"": ""WRITE-IN"", ""votes"": 0, ""votes_pct"": 0, ""party"": ""WI"" } ]"
"022510","6","30",30B,Anoka,Oak Grove P-2,8.99714025636426,R,"47.84",-47.84,148.936213265335,"1340","[ { ""name"": ""Eric Lucero"", ""votes"": 990, ""votes_pct"": 73.880000, ""party"": ""R"" }, { ""name"": ""Diane Nguyen"", ""votes"": 349, ""votes_pct"": 26.040000, ""party"": ""DFL"" }, { ""name"": ""WRITE-IN"", ""votes"": 1, ""votes_pct"": 0.070000, ""party"": ""WI"" } ]"
"022515","6","31",31B,Anoka,Oak Grove P-3,10.8379169566282,R,"44.79",-44.79,112.475488129155,"1219","[ { ""name"": ""Cal K. Bahr"", ""votes"": 882, ""votes_pct"": 72.350000, ""party"": ""R"" }, { ""name"": ""Jason Ruffalo"", ""votes"": 336, ""votes_pct"": 27.560000, ""party"": ""DFL"" }, { ""name"": ""WRITE-IN"", ""votes"": 1, ""votes_pct"": 0.080000, ""party"": ""WI"" } ]"
"022520","6","31",31B,Anoka,Oak Grove P-4,8.37592941599271,R,"36.92",-36.92,86.3187789786682,"723","[ { ""name"": ""Cal K. Bahr"", ""votes"": 495, ""votes_pct"": 68.460000, ""party"": ""R"" }, { ""name"": ""Jason Ruffalo"", ""votes"": 228, ""votes_pct"": 31.540000, ""party"": ""DFL"" }, { ""name"": ""WRITE-IN"", ""votes"": 0, ""votes_pct"": 0, ""party"": ""WI"" } ]"
"022605","6","31",31A,Anoka,Ramsey W-1 P-1,3.70423053490476,R,"22.44",-22.44,482.421378248789,"1787","[ { ""name"": ""Cal K. Bahr"", ""votes"": 1094, ""votes_pct"": 61.220000, ""party"": ""R"" }, { ""name"": ""Jason Ruffalo"", ""votes"": 693, ""votes_pct"": 38.780000, ""party"": ""DFL"" }, { ""name"": ""WRITE-IN"", ""votes"": 0, ""votes_pct"": 0, ""party"": ""WI"" } ]"
"022610","6","31",31A,Anoka,Ramsey W-1 P-2,4.21502623724754,R,"26.46",-26.46,320.994443176592,"1353","[ { ""name"": ""Cal K. Bahr"", ""votes"": 855, ""votes_pct"": 63.190000, ""party"": ""R"" }, { ""name"": ""Jason Ruffalo"", ""votes"": 497, ""votes_pct"": 36.730000, ""party"": ""DFL"" }, { ""name"": ""WRITE-IN"", ""votes"": 1, ""votes_pct"": 0.070000, ""party"": ""WI"" } ]"
"022705","6","31",31A,Anoka,Ramsey W-2 P-1,6.51702613682835,R,"39.88",-39.88,200.091264423656,"1304","[ { ""name"": ""Cal K. Bahr"", ""votes"": 912, ""votes_pct"": 69.940000, ""party"": ""R"" }, { ""name"": ""Jason Ruffalo"", ""votes"": 392, ""votes_pct"": 30.060000, ""party"": ""DFL"" }, { ""name"": ""WRITE-IN"", ""votes"": 0, ""votes_pct"": 0, ""party"": ""WI"" } ]"
"022710","6","31",31A,Anoka,Ramsey W-2 P-2,5.58035104659318,R,"22.01",-22.01,352.486785074365,"1967","[ { ""name"": ""Cal K. Bahr"", ""votes"": 1197, ""votes_pct"": 60.850000, ""party"": ""R"" }, { ""name"": ""Jason Ruffalo"", ""votes"": 764, ""votes_pct"": 38.840000, ""party"": ""DFL"" }, { ""name"": ""WRITE-IN"", ""votes"": 6, ""votes_pct"": 0.300000, ""party"": ""WI"" } ]"
"022805","6","31",31A,Anoka,Ramsey W-3 P-1,2.48926253573111,R,"7.61",-7.61,643.564098605405,"1602","[ { ""name"": ""Cal K. Bahr"", ""votes"": 860, ""votes_pct"": 53.680000, ""party"": ""R"" }, { ""name"": ""Jason Ruffalo"", ""votes"": 738, ""votes_pct"": 46.070000, ""party"": ""DFL"" }, { ""name"": ""WRITE-IN"", ""votes"": 4, ""votes_pct"": 0.250000, ""party"": ""WI"" } ]"
"022810","6","31",31A,Anoka,Ramsey W-3 P-2,2.19743304938329,R,"20.82",-20.82,222.987453536989,"490","[ { ""name"": ""Cal K. Bahr"", ""votes"": 296, ""votes_pct"": 60.410000, ""party"": ""R"" }, { ""name"": ""Jason Ruffalo"", ""votes"": 194, ""votes_pct"": 39.590000, ""party"": ""DFL"" }, { ""name"": ""WRITE-IN"", ""votes"": 0, ""votes_pct"": 0, ""party"": ""WI"" } ]"
"022815","3","31",31A,Anoka,Ramsey W-3 P-3,2.1463063851934,R,"14.18",-14.18,269.299855783599,"578","[ { ""name"": ""Cal K. Bahr"", ""votes"": 330, ""votes_pct"": 57.090000, ""party"": ""R"" }, { ""name"": ""Jason Ruffalo"", ""votes"": 248, ""votes_pct"": 42.910000, ""party"": ""DFL"" }, { ""name"": ""WRITE-IN"", ""votes"": 0, ""votes_pct"": 0, ""party"": ""WI"" } ]"
"022905","6","31",31A,Anoka,Ramsey W-4 P-1,1.53945334878449,R,"12.26",-12.26,1060.11656753911,"1632","[ { ""name"": ""Cal K. Bahr"", ""votes"": 915, ""votes_pct"": 56.070000, ""party"": ""R"" }, { ""name"": ""Jason Ruffalo"", ""votes"": 715, ""votes_pct"": 43.810000, ""party"": ""DFL"" }, { ""name"": ""WRITE-IN"", ""votes"": 2, ""votes_pct"": 0.120000, ""party"": ""WI"" } ]"
"022910","6","31",31A,Anoka,Ramsey W-4 P-2,1.43974033370224,R,"15.10",-15.1,975.175847431921,"1404","[ { ""name"": ""Cal K. Bahr"", ""votes"": 808, ""votes_pct"": 57.550000, ""party"": ""R"" }, { ""name"": ""Jason Ruffalo"", ""votes"": 596, ""votes_pct"": 42.450000, ""party"": ""DFL"" }, { ""name"": ""WRITE-IN"", ""votes"": 0, ""votes_pct"": 0, ""party"": ""WI"" } ]"
"023005","6","27",27B,Anoka,Saint Francis P-1,15.0829732301777,R,"38.68",-38.68,107.140679449509,"1616","[ { ""name"": ""Andrew Mathews"", ""votes"": 1120, ""votes_pct"": 69.310000, ""party"": ""R"" }, { ""name"": ""Emy Minzel"", ""votes"": 495, ""votes_pct"": 30.630000, ""party"": ""DFL"" }, { ""name"": ""WRITE-IN"", ""votes"": 1, ""votes_pct"": 0.060000, ""party"": ""WI"" } ]"
"023010","6","27",27B,Anoka,Saint Francis P-2,8.29349163310239,R,"42.23",-42.23,179.297220734489,"1487","[ { ""name"": ""Andrew Mathews"", ""votes"": 1057, ""votes_pct"": 71.080000, ""party"": ""R"" }, { ""name"": ""Emy Minzel"", ""votes"": 429, ""votes_pct"": 28.850000, ""party"": ""DFL"" }, { ""name"": ""WRITE-IN"", ""votes"": 1, ""votes_pct"": 0.070000, ""party"": ""WI"" } ]"
"023105","5","39",39A,Anoka,Spring Lake Park P-1A,0.891692510036328,DFL,"11.76",11.76,1316.59735479013,"1174","[ { ""name"": ""Mary K Kunesh"", ""votes"": 656, ""votes_pct"": 55.880000, ""party"": ""DFL"" }, { ""name"": ""Pam Wolf"", ""votes"": 518, ""votes_pct"": 44.120000, ""party"": ""R"" }, { ""name"": ""WRITE-IN"", ""votes"": 0, ""votes_pct"": 0, ""party"": ""WI"" } ]"
"023110","5","39",39A,Anoka,Spring Lake Park P-2,1.15499065656803,DFL,"6.22",6.22,1240.70267742083,"1433","[ { ""name"": ""Mary K Kunesh"", ""votes"": 761, ""votes_pct"": 53.110000, ""party"": ""DFL"" }, { ""name"": ""Pam Wolf"", ""votes"": 672, ""votes_pct"": 46.890000, ""party"": ""R"" }, { ""name"": ""WRITE-IN"", ""votes"": 0, ""votes_pct"": 0, ""party"": ""WI"" } ]"
"030005","7","4",4B,Becker,Atlanta Twp,36.1536562186242,R,"55.00",-55,1.10638879116725,"40","[ { ""name"": ""Dan Bohmer"", ""votes"": 31, ""votes_pct"": 77.500000, ""party"": ""R"" }, { ""name"": ""Rob Kupec"", ""votes"": 9, ""votes_pct"": 22.500000, ""party"": ""DFL"" }, { ""name"": ""WRITE-IN"", ""votes"": 0, ""votes_pct"": 0, ""party"": ""WI"" } ]"
"030010","7","4",4B,Becker,Audubon,0.722908743163893,R,"50.52",-50.52,262.827088199879,"190","[ { ""name"": ""Dan Bohmer"", ""votes"": 143, ""votes_pct"": 75.260000, ""party"": ""R"" }, { ""name"": ""Rob Kupec"", ""votes"": 47, ""votes_pct"": 24.740000, ""party"": ""DFL"" }, { ""name"": ""WRITE-IN"", ""votes"": 0, ""votes_pct"": 0, ""party"": ""WI"" } ]"
"030015","7","4",4B,Becker,Audubon Twp,35.1290368814685,R,"38.32",-38.32,9.13773984419527,"321","[ { ""name"": ""Dan Bohmer"", ""votes"": 221, ""votes_pct"": 68.850000, ""party"": ""R"" }, { ""name"": ""Rob Kupec"", ""votes"": 98, ""votes_pct"": 30.530000, ""party"": ""DFL"" }, { ""name"": ""WRITE-IN"", ""votes"": 2, ""votes_pct"": 0.620000, ""party"": ""WI"" } ]"
"030020","7","5",5A,Becker,Burlington Twp,35.363313625068,R,"49.38",-49.38,20.784251379627,"735","[ { ""name"": ""Paul J. Utke"", ""votes"": 549, ""votes_pct"": 74.690000, ""party"": ""R"" }, { ""name"": ""A. John Peters"", ""votes"": 186, ""votes_pct"": 25.310000, ""party"": ""DFL"" }, { ""name"": ""WRITE-IN"", ""votes"": 0, ""votes_pct"": 0, ""party"": ""WI"" } ]"
"030025","8","2",2B,Becker,Callaway,0.631777463920746,R,"30.44",-30.44,72.8104477081673,"46","[ { ""name"": ""Steve Green"", ""votes"": 30, ""votes_pct"": 65.220000, ""party"": ""R"" }, { ""name"": ""Leonard Alan Roy"", ""votes"": 16, ""votes_pct"": 34.780000, ""party"": ""DFL"" }, { ""name"": ""WRITE-IN"", ""votes"": 0, ""votes_pct"": 0, ""party"": ""WI"" } ]"
"030030","8","2",2B,Becker,Callaway Twp,35.5461220872401,R,"36.89",-36.89,2.89764379211914,"103","[ { ""name"": ""Steve Green"", ""votes"": 70, ""votes_pct"": 67.960000, ""party"": ""R"" }, { ""name"": ""Leonard Alan Roy"", ""votes"": 32, ""votes_pct"": 31.070000, ""party"": ""DFL"" }, { ""name"": ""WRITE-IN"", ""votes"": 1, ""votes_pct"": 0.970000, ""party"": ""WI"" } ]"
"030035","7","5",5A,Becker,Carsonville Twp,35.7084898763779,R,"20.00",-20,3.08049991418898,"110","[ { ""name"": ""Paul J. Utke"", ""votes"": 66, ""votes_pct"": 60, ""party"": ""R"" }, { ""name"": ""A. John Peters"", ""votes"": 44, ""votes_pct"": 40, ""party"": ""DFL"" }, { ""name"": ""WRITE-IN"", ""votes"": 0, ""votes_pct"": 0, ""party"": ""WI"" } ]"
"030040","7","4",4B,Becker,Cormorant Twp,36.2727331997402,R,"24.01",-24.01,16.0726790779631,"583","[ { ""name"": ""Dan Bohmer"", ""votes"": 361, ""votes_pct"": 61.920000, ""party"": ""R"" }, { ""name"": ""Rob Kupec"", ""votes"": 221, ""votes_pct"": 37.910000, ""party"": ""DFL"" }, { ""name"": ""WRITE-IN"", ""votes"": 1, ""votes_pct"": 0.170000, ""party"": ""WI"" } ]"
"030045","7","4",4B,Becker,Cuba Twp,35.5795752029375,R,"30.36",-30.36,3.14787344596383,"112","[ { ""name"": ""Dan Bohmer"", ""votes"": 72, ""votes_pct"": 64.290000, ""party"": ""R"" }, { ""name"": ""Rob Kupec"", ""votes"": 38, ""votes_pct"": 33.930000, ""party"": ""DFL"" }, { ""name"": ""WRITE-IN"", ""votes"": 2, ""votes_pct"": 1.790000, ""party"": ""WI"" } ]"
"030050","7","4",4B,Becker,Detroit Twp P-1,26.3106368043176,R,"28.40",-28.4,34.1306828367088,"898","[ { ""name"": ""Dan Bohmer"", ""votes"": 575, ""votes_pct"": 64.030000, ""party"": ""R"" }, { ""name"": ""Rob Kupec"", ""votes"": 320, ""votes_pct"": 35.630000, ""party"": ""DFL"" }, { ""name"": ""WRITE-IN"", ""votes"": 3, ""votes_pct"": 0.330000, ""party"": ""WI"" } ]"
"030052","7","4",4B,Becker,Detroit Twp P-2,0.0288440144243737,even,"0.00",0,0,"0","[ { ""name"": ""Dan Bohmer"", ""votes"": 0, ""votes_pct"": 0, ""party"": ""R"" }, { ""name"": ""Rob Kupec"", ""votes"": 0, ""votes_pct"": 0, ""party"": ""DFL"" }, { ""name"": ""WRITE-IN"", ""votes"": 0, ""votes_pct"": 0, ""party"": ""WI"" } ]"
"030055","7","4",4B,Becker,Detroit Lakes W-1 P-1,4.3498589404842,R,"11.41",-11.41,219.547349251214,"955","[ { ""name"": ""Dan Bohmer"", ""votes"": 531, ""votes_pct"": 55.600000, ""party"": ""R"" }, { ""name"": ""Rob Kupec"", ""votes"": 422, ""votes_pct"": 44.190000, ""party"": ""DFL"" }, { ""name"": ""WRITE-IN"", ""votes"": 2, ""votes_pct"": 0.210000, ""party"": ""WI"" } ]"
"030065","7","4",4B,Becker,Detroit Lakes W-2 P-1,5.6315081067102,R,"6.51",-6.51,242.74137124497,"1367","[ { ""name"": ""Dan Bohmer"", ""votes"": 723, ""votes_pct"": 52.890000, ""party"": ""R"" }, { ""name"": ""Rob Kupec"", ""votes"": 634, ""votes_pct"": 46.380000, ""party"": ""DFL"" }, { ""name"": ""WRITE-IN"", ""votes"": 10, ""votes_pct"": 0.730000, ""party"": ""WI"" } ]"
"030075","7","4",4B,Becker,Detroit Lakes W-3 P-1,7.44062283701451,R,"12.90",-12.9,194.741761777217,"1449","[ { ""name"": ""Dan Bohmer"", ""votes"": 816, ""votes_pct"": 56.310000, ""party"": ""R"" }, { ""name"": ""Rob Kupec"", ""votes"": 629, ""votes_pct"": 43.410000, ""party"": ""DFL"" }, { ""name"": ""WRITE-IN"", ""votes"": 4, ""votes_pct"": 0.280000, ""party"": ""WI"" } ]"
"030082","8","2",2B,Becker,Eagle View Twp,36.2593253988623,R,"22.80",-22.8,1.57200938994272,"57","[ { ""name"": ""Steve Green"", ""votes"": 35, ""votes_pct"": 61.400000, ""party"": ""R"" }, { ""name"": ""Leonard Alan Roy"", ""votes"": 22, ""votes_pct"": 38.600000, ""party"": ""DFL"" }, { ""name"": ""WRITE-IN"", ""votes"": 0, ""votes_pct"": 0, ""party"": ""WI"" } ]"
"030085","7","5",5A,Becker,Erie Twp,36.3573289907428,R,"39.71",-39.71,24.1766935140865,"879","[ { ""name"": ""Paul J. Utke"", ""votes"": 613, ""votes_pct"": 69.740000, ""party"": ""R"" }, { ""name"": ""A. John Peters"", ""votes"": 264, ""votes_pct"": 30.030000, ""party"": ""DFL"" }, { ""name"": ""WRITE-IN"", ""votes"": 2, ""votes_pct"": 0.230000, ""party"": ""WI"" } ]"
"030090","7","5",5A,Becker,Evergreen Twp,36.4305136462839,R,"50.80",-50.8,3.45863912936766,"126","[ { ""name"": ""Paul J. Utke"", ""votes"": 95, ""votes_pct"": 75.400000, ""party"": ""R"" }, { ""name"": ""A. John Peters"", ""votes"": 31, ""votes_pct"": 24.600000, ""party"": ""DFL"" }, { ""name"": ""WRITE-IN"", ""votes"": 0, ""votes_pct"": 0, ""party"": ""WI"" } ]"
"030095","8","2",2B,Becker,Forest Twp,36.069566138197,R,"1.44",-1.44,1.91297005723976,"69","[ { ""name"": ""Steve Green"", ""votes"": 35, ""votes_pct"": 50.720000, ""party"": ""R"" }, { ""name"": ""Leonard Alan Roy"", ""votes"": 34, ""votes_pct"": 49.280000, ""party"": ""DFL"" }, { ""name"": ""WRITE-IN"", ""votes"": 0, ""votes_pct"": 0, ""party"": ""WI"" } ]"
"030100","7","5",5A,Becker,Frazee,1.09306039828214,R,"52.78",-52.78,395.220612400682,"432","[ { ""name"": ""Paul J. Utke"", ""votes"": 330, ""votes_pct"": 76.390000, ""party"": ""R"" }, { ""name"": ""A. John Peters"", ""votes"": 102, ""votes_pct"": 23.610000, ""party"": ""DFL"" }, { ""name"": ""WRITE-IN"", ""votes"": 0, ""votes_pct"": 0, ""party"": ""WI"" } ]"
"030105","7","5",5A,Becker,Green Valley Twp,35.8843901204775,R,"38.98",-38.98,4.9325068478451,"177","[ { ""name"": ""Paul J. Utke"", ""votes"": 123, ""votes_pct"": 69.490000, ""party"": ""R"" }, { ""name"": ""A. John Peters"", ""votes"": 54, ""votes_pct"": 30.510000, ""party"": ""DFL"" }, { ""name"": ""WRITE-IN"", ""votes"": 0, ""votes_pct"": 0, ""party"": ""WI"" } ]"
"030110","7","4",4B,Becker,Hamden Twp,35.5513909454461,R,"29.04",-29.04,2.61593140315408,"93","[ { ""name"": ""Dan Bohmer"", ""votes"": 60, ""votes_pct"": 64.520000, ""party"": ""R"" }, { ""name"": ""Rob Kupec"", ""votes"": 33, ""votes_pct"": 35.480000, ""party"": ""DFL"" }, { ""name"": ""WRITE-IN"", ""votes"": 0, ""votes_pct"": 0, ""party"": ""WI"" } ]"
"030115","7","5",5A,Becker,Height of Land Twp,71.2224318608946,R,"54.16",-54.16,5.39155979326843,"384","[ { ""name"": ""Paul J. Utke"", ""votes"": 296, ""votes_pct"": 77.080000, ""party"": ""R"" }, { ""name"": ""A. John Peters"", ""votes"": 88, ""votes_pct"": 22.920000, ""party"": ""DFL"" }, { ""name"": ""WRITE-IN"", ""votes"": 0, ""votes_pct"": 0, ""party"": ""WI"" } ]"
"030120","7","5",5A,Becker,Holmesville Twp,36.1446424221554,R,"37.35",-37.35,7.11032072190228,"257","[ { ""name"": ""Paul J. Utke"", ""votes"": 176, ""votes_pct"": 68.480000, ""party"": ""R"" }, { ""name"": ""A. John Peters"", ""votes"": 80, ""votes_pct"": 31.130000, ""party"": ""DFL"" }, { ""name"": ""WRITE-IN"", ""votes"": 1, ""votes_pct"": 0.390000, ""party"": ""WI"" } ]"
"030125","7","4",4B,Becker,Lake Eunice Twp,36.0929397853253,R,"23.82",-23.82,23.4948996962775,"848","[ { ""name"": ""Dan Bohmer"", ""votes"": 524, ""votes_pct"": 61.790000, ""party"": ""R"" }, { ""name"": ""Rob Kupec"", ""votes"": 322, ""votes_pct"": 37.970000, ""party"": ""DFL"" }, { ""name"": ""WRITE-IN"", ""votes"": 2, ""votes_pct"": 0.240000, ""party"": ""WI"" } ]"
"030130","7","4",4B,Becker,Lake Park,0.96754368685689,R,"8.04",-8.04,257.352720484269,"249","[ { ""name"": ""Dan Bohmer"", ""votes"": 134, ""votes_pct"": 53.820000, ""party"": ""R"" }, { ""name"": ""Rob Kupec"", ""votes"": 114, ""votes_pct"": 45.780000, ""party"": ""DFL"" }, { ""name"": ""WRITE-IN"", ""votes"": 1, ""votes_pct"": 0.400000, ""party"": ""WI"" } ]"
"030135","7","4",4B,Becker,Lake Park Twp,35.0489328417657,R,"26.13",-26.13,6.9902270949616,"245","[ { ""name"": ""Dan Bohmer"", ""votes"": 154, ""votes_pct"": 62.860000, ""party"": ""R"" }, { ""name"": ""Rob Kupec"", ""votes"": 90, ""votes_pct"": 36.730000, ""party"": ""DFL"" }, { ""name"": ""WRITE-IN"", ""votes"": 1, ""votes_pct"": 0.410000, ""party"": ""WI"" } ]"
"030140","7","4",4B,Becker,Lake View Twp,28.8769166982282,R,"18.41",-18.41,31.7900975922518,"918","[ { ""name"": ""Dan Bohmer"", ""votes"": 543, ""votes_pct"": 59.150000, ""party"": ""R"" }, { ""name"": ""Rob Kupec"", ""votes"": 374, ""votes_pct"": 40.740000, ""party"": ""DFL"" }, { ""name"": ""WRITE-IN"", ""votes"": 1, ""votes_pct"": 0.110000, ""party"": ""WI"" } ]"
"030145","8","2",2B,Becker,Maple Grove Twp,35.6673688012442,DFL,"0.68",0.68,4.12141419287627,"147","[ { ""name"": ""Leonard Alan Roy"", ""votes"": 74, ""votes_pct"": 50.340000, ""party"": ""DFL"" }, { ""name"": ""Steve Green"", ""votes"": 73, ""votes_pct"": 49.660000, ""party"": ""R"" }, { ""name"": ""WRITE-IN"", ""votes"": 0, ""votes_pct"": 0, ""party"": ""WI"" } ]"
"030150","8","2",2B,Becker,Ogema,0.962290544924709,R,"35.30",-35.3,35.3323642005235,"34","[ { ""name"": ""Steve Green"", ""votes"": 23, ""votes_pct"": 67.650000, ""party"": ""R"" }, { ""name"": ""Leonard Alan Roy"", ""votes"": 11, ""votes_pct"": 32.350000, ""party"": ""DFL"" }, { ""name"": ""WRITE-IN"", ""votes"": 0, ""votes_pct"": 0, ""party"": ""WI"" } ]"
"030155","7","5",5A,Becker,Osage Twp,35.876988739848,R,"60.70",-60.7,12.6264777483084,"453","[ { ""name"": ""Paul J. Utke"", ""votes"": 364, ""votes_pct"": 80.350000, ""party"": ""R"" }, { ""name"": ""A. John Peters"", ""votes"": 89, ""votes_pct"": 19.650000, ""party"": ""DFL"" }, { ""name"": ""WRITE-IN"", ""votes"": 0, ""votes_pct"": 0, ""party"": ""WI"" } ]"
"030160","8","2",2B,Becker,Pine Point Twp,36.040932417603,R,"3.58",-3.58,1.5537888795754,"56","[ { ""name"": ""Steve Green"", ""votes"": 29, ""votes_pct"": 51.790000, ""party"": ""R"" }, { ""name"": ""Leonard Alan Roy"", ""votes"": 27, ""votes_pct"": 48.210000, ""party"": ""DFL"" }, { ""name"": ""WRITE-IN"", ""votes"": 0, ""votes_pct"": 0, ""party"": ""WI"" } ]"
"030165","8","2",2B,Becker,Riceville Twp,37.6964844332462,R,"58.14",-58.14,1.14068992497551,"43","[ { ""name"": ""Steve Green"", ""votes"": 34, ""votes_pct"": 79.070000, ""party"": ""R"" }, { ""name"": ""Leonard Alan Roy"", ""votes"": 9, ""votes_pct"": 20.930000, ""party"": ""DFL"" }, { ""name"": ""WRITE-IN"", ""votes"": 0, ""votes_pct"": 0, ""party"": ""WI"" } ]"
"030170","7","4",4B,Becker,Richwood Twp,36.0012102736186,R,"25.24",-25.24,8.80525953407447,"317","[ { ""name"": ""Dan Bohmer"", ""votes"": 197, ""votes_pct"": 62.150000, ""party"": ""R"" }, { ""name"": ""Rob Kupec"", ""votes"": 117, ""votes_pct"": 36.910000, ""party"": ""DFL"" }, { ""name"": ""WRITE-IN"", ""votes"": 3, ""votes_pct"": 0.950000, ""party"": ""WI"" } ]"
"030175","8","2",2B,Becker,Round Lake Twp,72.5242568787594,DFL,"1.30",1.3,1.06171373984187,"77","[ { ""name"": ""Leonard Alan Roy"", ""votes"": 39, ""votes_pct"": 50.650000, ""party"": ""DFL"" }, { ""name"": ""Steve Green"", ""votes"": 38, ""votes_pct"": 49.350000, ""party"": ""R"" }, { ""name"": ""WRITE-IN"", ""votes"": 0, ""votes_pct"": 0, ""party"": ""WI"" } ]"
"030180","7","5",5A,Becker,Runeberg Twp,35.7469994699918,R,"70.22",-70.22,6.57397833340595,"235","[ { ""name"": ""Paul J. Utke"", ""votes"": 200, ""votes_pct"": 85.110000, ""party"": ""R"" }, { ""name"": ""A. John Peters"", ""votes"": 35, ""votes_pct"": 14.890000, ""party"": ""DFL"" }, { ""name"": ""WRITE-IN"", ""votes"": 0, ""votes_pct"": 0, ""party"": ""WI"" } ]"
"030185","8","5",5A,Becker,Savannah Twp,36.1565873380097,R,"45.04",-45.04,3.06998000011221,"111","[ { ""name"": ""Paul J. Utke"", ""votes"": 80, ""votes_pct"": 72.070000, ""party"": ""R"" }, { ""name"": ""A. John Peters"", ""votes"": 30, ""votes_pct"": 27.030000, ""party"": ""DFL"" }, { ""name"": ""WRITE-IN"", ""votes"": 1, ""votes_pct"": 0.900000, ""party"": ""WI"" } ]"
"030190","7","5",5A,Becker,Shell Lake Twp,35.9579578463305,R,"26.12",-26.12,4.36621013548526,"157","[ { ""name"": ""Paul J. Utke"", ""votes"": 99, ""votes_pct"": 63.060000, ""party"": ""R"" }, { ""name"": ""A. John Peters"", ""votes"": 58, ""votes_pct"": 36.940000, ""party"": ""DFL"" }, { ""name"": ""WRITE-IN"", ""votes"": 0, ""votes_pct"": 0, ""party"": ""WI"" } ]"
"030195","7","5",5A,Becker,Silver Leaf Twp,36.1078700219394,R,"67.88",-67.88,5.34509512421341,"193","[ { ""name"": ""Paul J. Utke"", ""votes"": 162, ""votes_pct"": 83.940000, ""party"": ""R"" }, { ""name"": ""A. John Peters"", ""votes"": 31, ""votes_pct"": 16.060000, ""party"": ""DFL"" }, { ""name"": ""WRITE-IN"", ""votes"": 0, ""votes_pct"": 0, ""party"": ""WI"" } ]"
"030200","8","2",2B,Becker,Spring Creek Twp,37.8458246395815,R,"60.00",-60,1.18903473311918,"45","[ { ""name"": ""Steve Green"", ""votes"": 36, ""votes_pct"": 80, ""party"": ""R"" }, { ""name"": ""Leonard Alan Roy"", ""votes"": 9, ""votes_pct"": 20, ""party"": ""DFL"" }, { ""name"": ""WRITE-IN"", ""votes"": 0, ""votes_pct"": 0, ""party"": ""WI"" } ]"
"030205","7","5",5A,Becker,Spruce Grove Twp,35.4512427307682,R,"72.52",-72.52,5.1338115671201,"182","[ { ""name"": ""Paul J. Utke"", ""votes"": 157, ""votes_pct"": 86.260000, ""party"": ""R"" }, { ""name"": ""A. John Peters"", ""votes"": 25, ""votes_pct"": 13.740000, ""party"": ""DFL"" }, { ""name"": ""WRITE-IN"", ""votes"": 0, ""votes_pct"": 0, ""party"": ""WI"" } ]"
"030210","8","2",2B,Becker,Sugar Bush Twp,72.6507968649606,R,"13.82",-13.82,3.3860605886712,"246","[ { ""name"": ""Steve Green"", ""votes"": 140, ""votes_pct"": 56.910000, ""party"": ""R"" }, { ""name"": ""Leonard Alan Roy"", ""votes"": 106, ""votes_pct"": 43.090000, ""party"": ""DFL"" }, { ""name"": ""WRITE-IN"", ""votes"": 0, ""votes_pct"": 0, ""party"": ""WI"" } ]"
"030215","7","5",5A,Becker,Toad Lake Twp,36.1504930535249,R,"51.76",-51.76,6.30696792053211,"228","[ { ""name"": ""Paul J. Utke"", ""votes"": 173, ""votes_pct"": 75.880000, ""party"": ""R"" }, { ""name"": ""A. John Peters"", ""votes"": 55, ""votes_pct"": 24.120000, ""party"": ""DFL"" }, { ""name"": ""WRITE-IN"", ""votes"": 0, ""votes_pct"": 0, ""party"": ""WI"" } ]"
"030220","8","5",5A,Becker,Two Inlets Twp,36.1872395461992,R,"39.44",-39.44,3.92403515108448,"142","[ { ""name"": ""Paul J. Utke"", ""votes"": 99, ""votes_pct"": 69.720000, ""party"": ""R"" }, { ""name"": ""A. John Peters"", ""votes"": 43, ""votes_pct"": 30.280000, ""party"": ""DFL"" }, { ""name"": ""WRITE-IN"", ""votes"": 0, ""votes_pct"": 0, ""party"": ""WI"" } ]"
"030225","7","4",4B,Becker,Walworth Twp,36.2591968570217,R,"6.98",-6.98,1.18590602460277,"43","[ { ""name"": ""Dan Bohmer"", ""votes"": 23, ""votes_pct"": 53.490000, ""party"": ""R"" }, { ""name"": ""Rob Kupec"", ""votes"": 20, ""votes_pct"": 46.510000, ""party"": ""DFL"" }, { ""name"": ""WRITE-IN"", ""votes"": 0, ""votes_pct"": 0, ""party"": ""WI"" } ]"
"030230","8","2",2B,Becker,White Earth Twp,35.2282770987533,R,"35.34",-35.34,3.77537623049714,"133","[ { ""name"": ""Steve Green"", ""votes"": 90, ""votes_pct"": 67.670000, ""party"": ""R"" }, { ""name"": ""Leonard Alan Roy"", ""votes"": 43, ""votes_pct"": 32.330000, ""party"": ""DFL"" }, { ""name"": ""WRITE-IN"", ""votes"": 0, ""votes_pct"": 0, ""party"": ""WI"" } ]"
"030235","7","5",5A,Becker,Wolf Lake,0.305394166337961,R,"60.00",-60,81.8614196196991,"25","[ { ""name"": ""Paul J. Utke"", ""votes"": 20, ""votes_pct"": 80, ""party"": ""R"" }, { ""name"": ""A. John Peters"", ""votes"": 5, ""votes_pct"": 20, ""party"": ""DFL"" }, { ""name"": ""WRITE-IN"", ""votes"": 0, ""votes_pct"": 0, ""party"": ""WI"" } ]"
"030240","7","5",5A,Becker,Wolf Lake Twp,35.7612506935012,R,"73.92",-73.92,3.85892543811613,"138","[ { ""name"": ""Paul J. Utke"", ""votes"": 120, ""votes_pct"": 86.960000, ""party"": ""R"" }, { ""name"": ""A. John Peters"", ""votes"": 18, ""votes_pct"": 13.040000, ""party"": ""DFL"" }, { ""name"": ""WRITE-IN"", ""votes"": 0, ""votes_pct"": 0, ""party"": ""WI"" } ]"
"040005","8","2",2A,Beltrami,Alaska Twp,35.6409599906646,DFL,"26.22",26.22,2.88993338077815,"103","[ { ""name"": ""Leonard Alan Roy"", ""votes"": 65, ""votes_pct"": 63.110000, ""party"": ""DFL"" }, { ""name"": ""Steve Green"", ""votes"": 38, ""votes_pct"": 36.890000, ""party"": ""R"" }, { ""name"": ""WRITE-IN"", ""votes"": 0, ""votes_pct"": 0, ""party"": ""WI"" } ]"
"040010","8","2",2A,Beltrami,Battle Twp,13.7525928559648,DFL,"7.70",7.7,0.945276293434485,"13","[ { ""name"": ""Leonard Alan Roy"", ""votes"": 7, ""votes_pct"": 53.850000, ""party"": ""DFL"" }, { ""name"": ""Steve Green"", ""votes"": 6, ""votes_pct"": 46.150000, ""party"": ""R"" }, { ""name"": ""WRITE-IN"", ""votes"": 0, ""votes_pct"": 0, ""party"": ""WI"" } ]"
"040015","8","2",2A,Beltrami,Bemidji Twp,24.9216960426806,R,"22.94",-22.94,52.4843894155492,"1308","[ { ""name"": ""Steve Green"", ""votes"": 804, ""votes_pct"": 61.470000, ""party"": ""R"" }, { ""name"": ""Leonard Alan Roy"", ""votes"": 504, ""votes_pct"": 38.530000, ""party"": ""DFL"" }, { ""name"": ""WRITE-IN"", ""votes"": 0, ""votes_pct"": 0, ""party"": ""WI"" } ]"
"040020","8","2",2A,Beltrami,Bemidji W-1,0.637923197489292,DFL,"28.52",28.52,1044.01282571509,"666","[ { ""name"": ""Leonard Alan Roy"", ""votes"": 428, ""votes_pct"": 64.260000, ""party"": ""DFL"" }, { ""name"": ""Steve Green"", ""votes"": 238, ""votes_pct"": 35.740000, ""party"": ""R"" }, { ""name"": ""WRITE-IN"", ""votes"": 0, ""votes_pct"": 0, ""party"": ""WI"" } ]"
"040025","8","2",2A,Beltrami,Bemidji W-2,4.5176681498949,DFL,"7.12",7.12,195.897522933505,"885","[ { ""name"": ""Leonard Alan Roy"", ""votes"": 473, ""votes_pct"": 53.450000, ""party"": ""DFL"" }, { ""name"": ""Steve Green"", ""votes"": 410, ""votes_pct"": 46.330000, ""party"": ""R"" }, { ""name"": ""WRITE-IN"", ""votes"": 2, ""votes_pct"": 0.230000, ""party"": ""WI"" } ]"
"040030","8","2",2A,Beltrami,Bemidji W-3,4.36451735547828,DFL,"2.23",2.23,267.15439647329,"1166","[ { ""name"": ""Leonard Alan Roy"", ""votes"": 595, ""votes_pct"": 51.030000, ""party"": ""DFL"" }, { ""name"": ""Steve Green"", ""votes"": 569, ""votes_pct"": 48.800000, ""party"": ""R"" }, { ""name"": ""WRITE-IN"", ""votes"": 2, ""votes_pct"": 0.170000, ""party"": ""WI"" } ]"
"040035","8","2",2A,Beltrami,Bemidji W-4,5.86656317632671,DFL,"15.61",15.61,178.980430013446,"1050","[ { ""name"": ""Leonard Alan Roy"", ""votes"": 606, ""votes_pct"": 57.710000, ""party"": ""DFL"" }, { ""name"": ""Steve Green"", ""votes"": 442, ""votes_pct"": 42.100000, ""party"": ""R"" }, { ""name"": ""WRITE-IN"", ""votes"": 2, ""votes_pct"": 0.190000, ""party"": ""WI"" } ]"
"040040","8","2",2A,Beltrami,Bemidji W-5,3.3036046360909,DFL,"6.74",6.74,382.006970874488,"1262","[ { ""name"": ""Leonard Alan Roy"", ""votes"": 672, ""votes_pct"": 53.250000, ""party"": ""DFL"" }, { ""name"": ""Steve Green"", ""votes"": 587, ""votes_pct"": 46.510000, ""party"": ""R"" }, { ""name"": ""WRITE-IN"", ""votes"": 3, ""votes_pct"": 0.240000, ""party"": ""WI"" } ]"
"040045","8","2",2A,Beltrami,Benville Twp,34.3860025403723,R,"61.12",-61.12,1.04693762986066,"36","[ { ""name"": ""Steve Green"", ""votes"": 29, ""votes_pct"": 80.560000, ""party"": ""R"" }, { ""name"": ""Leonard Alan Roy"", ""votes"": 7, ""votes_pct"": 19.440000, ""party"": ""DFL"" }, { ""name"": ""WRITE-IN"", ""votes"": 0, ""votes_pct"": 0, ""party"": ""WI"" } ]"
"040050","8","2",2B,Beltrami,Birch Twp,36.1660156687358,R,"38.18",-38.18,1.52076470086655,"55","[ { ""name"": ""Steve Green"", ""votes"": 38, ""votes_pct"": 69.090000, ""party"": ""R"" }, { ""name"": ""Leonard Alan Roy"", ""votes"": 17, ""votes_pct"": 30.910000, ""party"": ""DFL"" }, { ""name"": ""WRITE-IN"", ""votes"": 0, ""votes_pct"": 0, ""party"": ""WI"" } ]"
"040055","8","2",2B,Beltrami,Blackduck,1.55191743903468,R,"41.34",-41.34,134.027748363586,"208","[ { ""name"": ""Steve Green"", ""votes"": 147, ""votes_pct"": 70.670000, ""party"": ""R"" }, { ""name"": ""Leonard Alan Roy"", ""votes"": 61, ""votes_pct"": 29.330000, ""party"": ""DFL"" }, { ""name"": ""WRITE-IN"", ""votes"": 0, ""votes_pct"": 0, ""party"": ""WI"" } ]"
"040060","8","2",2A,Beltrami,Buzzle Twp,36.1734858850494,R,"40.42",-40.42,3.89788256647601,"141","[ { ""name"": ""Steve Green"", ""votes"": 99, ""votes_pct"": 70.210000, ""party"": ""R"" }, { ""name"": ""Leonard Alan Roy"", ""votes"": 42, ""votes_pct"": 29.790000, ""party"": ""DFL"" }, { ""name"": ""WRITE-IN"", ""votes"": 0, ""votes_pct"": 0, ""party"": ""WI"" } ]"
"040065","8","2",2B,Beltrami,Cormant Twp,36.3225478986127,R,"66.66",-66.66,2.31261309736502,"84","[ { ""name"": ""Steve Green"", ""votes"": 70, ""votes_pct"": 83.330000, ""party"": ""R"" }, { ""name"": ""Leonard Alan Roy"", ""votes"": 14, ""votes_pct"": 16.670000, ""party"": ""DFL"" }, { ""name"": ""WRITE-IN"", ""votes"": 0, ""votes_pct"": 0, ""party"": ""WI"" } ]"
"040070","8","2",2A,Beltrami,Durand Twp,18.3016754956421,R,"35.36",-35.36,5.40934080180655,"99","[ { ""name"": ""Steve Green"", ""votes"": 67, ""votes_pct"": 67.680000, ""party"": ""R"" }, { ""name"": ""Leonard Alan Roy"", ""votes"": 32, ""votes_pct"": 32.320000, ""party"": ""DFL"" }, { ""name"": ""WRITE-IN"", ""votes"": 0, ""votes_pct"": 0, ""party"": ""WI"" } ]"
"040075","8","2",2A,Beltrami,Eckles Twp,31.4049786483876,R,"36.25",-36.25,24.4228792061089,"767","[ { ""name"": ""Steve Green"", ""votes"": 522, ""votes_pct"": 68.060000, ""party"": ""R"" }, { ""name"": ""Leonard Alan Roy"", ""votes"": 244, ""votes_pct"": 31.810000, ""party"": ""DFL"" }, { ""name"": ""WRITE-IN"", ""votes"": 1, ""votes_pct"": 0.130000, ""party"": ""WI"" } ]"
"040080","8","2",2B,Beltrami,Frohn Twp,36.4521671658659,R,"18.62",-18.62,23.1261970286747,"843","[ { ""name"": ""Steve Green"", ""votes"": 500, ""votes_pct"": 59.310000, ""party"": ""R"" }, { ""name"": ""Leonard Alan Roy"", ""votes"": 343, ""votes_pct"": 40.690000, ""party"": ""DFL"" }, { ""name"": ""WRITE-IN"", ""votes"": 0, ""votes_pct"": 0, ""party"": ""WI"" } ]"
"040085","8","2",2B,Beltrami,Funkley,0.694545636704634,R,"20.00",-20,7.19895099150457,"5","[ { ""name"": ""Steve Green"", ""votes"": 3, ""votes_pct"": 60, ""party"": ""R"" }, { ""name"": ""Leonard Alan Roy"", ""votes"": 2, ""votes_pct"": 40, ""party"": ""DFL"" }, { ""name"": ""WRITE-IN"", ""votes"": 0, ""votes_pct"": 0, ""party"": ""WI"" } ]"
"040090","8","2",2A,Beltrami,Grant Valley Twp,35.6888312065771,R,"18.48",-18.48,27.2914513328332,"974","[ { ""name"": ""Steve Green"", ""votes"": 576, ""votes_pct"": 59.140000, ""party"": ""R"" }, { ""name"": ""Leonard Alan Roy"", ""votes"": 396, ""votes_pct"": 40.660000, ""party"": ""DFL"" }, { ""name"": ""WRITE-IN"", ""votes"": 2, ""votes_pct"": 0.210000, ""party"": ""WI"" } ]"
"040095","8","2",2B,Beltrami,Hagali Twp,36.4591213870584,R,"49.10",-49.1,4.52561646366412,"165","[ { ""name"": ""Steve Green"", ""votes"": 123, ""votes_pct"": 74.550000, ""party"": ""R"" }, { ""name"": ""Leonard Alan Roy"", ""votes"": 42, ""votes_pct"": 25.450000, ""party"": ""DFL"" }, { ""name"": ""WRITE-IN"", ""votes"": 0, ""votes_pct"": 0, ""party"": ""WI"" } ]"
"040100","8","2",2A,Beltrami,Hamre Twp,35.8515150694529,DFL,"11.12",11.12,0.251035416008636,"9","[ { ""name"": ""Leonard Alan Roy"", ""votes"": 5, ""votes_pct"": 55.560000, ""party"": ""DFL"" }, { ""name"": ""Steve Green"", ""votes"": 4, ""votes_pct"": 44.440000, ""party"": ""R"" }, { ""name"": ""WRITE-IN"", ""votes"": 0, ""votes_pct"": 0, ""party"": ""WI"" } ]"
"040105","8","2",2B,Beltrami,Hines Twp,35.1716765335006,R,"54.41",-54.41,9.35411764311636,"329","[ { ""name"": ""Steve Green"", ""votes"": 253, ""votes_pct"": 76.900000, ""party"": ""R"" }, { ""name"": ""Leonard Alan Roy"", ""votes"": 74, ""votes_pct"": 22.490000, ""party"": ""DFL"" }, { ""name"": ""WRITE-IN"", ""votes"": 2, ""votes_pct"": 0.610000, ""party"": ""WI"" } ]"
"040110","8","2",2B,Beltrami,Hornet Twp,35.3853477298679,R,"67.34",-67.34,2.76950789767938,"98","[ { ""name"": ""Steve Green"", ""votes"": 82, ""votes_pct"": 83.670000, ""party"": ""R"" }, { ""name"": ""Leonard Alan Roy"", ""votes"": 16, ""votes_pct"": 16.330000, ""party"": ""DFL"" }, { ""name"": ""WRITE-IN"", ""votes"": 0, ""votes_pct"": 0, ""party"": ""WI"" } ]"
"040115","8","2",2A,Beltrami,Jones Twp,35.8538079358087,R,"58.88",-58.88,2.98434130599374,"107","[ { ""name"": ""Steve Green"", ""votes"": 85, ""votes_pct"": 79.440000, ""party"": ""R"" }, { ""name"": ""Leonard Alan Roy"", ""votes"": 22, ""votes_pct"": 20.560000, ""party"": ""DFL"" }, { ""name"": ""WRITE-IN"", ""votes"": 0, ""votes_pct"": 0, ""party"": ""WI"" } ]"
"040120","8","2",2B,Beltrami,Kelliher,2.26364663302292,R,"32.11",-32.11,48.1523919899279,"109","[ { ""name"": ""Steve Green"", ""votes"": 72, ""votes_pct"": 66.060000, ""party"": ""R"" }, { ""name"": ""Leonard Alan Roy"", ""votes"": 37, ""votes_pct"": 33.950000, ""party"": ""DFL"" }, { ""name"": ""WRITE-IN"", ""votes"": 0, ""votes_pct"": 0, ""party"": ""WI"" } ]"
"040125","8","2",2B,Beltrami,Kelliher Twp,33.5086752068897,R,"31.25",-31.25,1.90995315705113,"64","[ { ""name"": ""Steve Green"", ""votes"": 42, ""votes_pct"": 65.630000, ""party"": ""R"" }, { ""name"": ""Leonard Alan Roy"", ""votes"": 22, ""votes_pct"": 34.380000, ""party"": ""DFL"" }, { ""name"": ""WRITE-IN"", ""votes"": 0, ""votes_pct"": 0, ""party"": ""WI"" } ]"
"040130","8","2",2A,Beltrami,Lammers Twp,35.1372993229358,R,"56.98",-56.98,7.54184314407515,"265","[ { ""name"": ""Steve Green"", ""votes"": 208, ""votes_pct"": 78.490000, ""party"": ""R"" }, { ""name"": ""Leonard Alan Roy"", ""votes"": 57, ""votes_pct"": 21.510000, ""party"": ""DFL"" }, { ""name"": ""WRITE-IN"", ""votes"": 0, ""votes_pct"": 0, ""party"": ""WI"" } ]"
"040135","8","2",2B,Beltrami,Langor Twp,36.1765433879378,R,"76.60",-76.6,2.59836875491377,"94","[ { ""name"": ""Steve Green"", ""votes"": 83, ""votes_pct"": 88.300000, ""party"": ""R"" }, { ""name"": ""Leonard Alan Roy"", ""votes"": 11, ""votes_pct"": 11.700000, ""party"": ""DFL"" }, { ""name"": ""WRITE-IN"", ""votes"": 0, ""votes_pct"": 0, ""party"": ""WI"" } ]"
"040140","8","2",2A,Beltrami,Lee Twp,35.9025971362473,R,"86.66",-86.66,0.41779707309408,"15","[ { ""name"": ""Steve Green"", ""votes"": 14, ""votes_pct"": 93.330000, ""party"": ""R"" }, { ""name"": ""Leonard Alan Roy"", ""votes"": 1, ""votes_pct"": 6.670000, ""party"": ""DFL"" }, { ""name"": ""WRITE-IN"", ""votes"": 0, ""votes_pct"": 0, ""party"": ""WI"" } ]"
"040145","8","2",2A,Beltrami,Liberty Twp,36.2492824307585,R,"27.86",-27.86,10.4002058722162,"377","[ { ""name"": ""Steve Green"", ""votes"": 241, ""votes_pct"": 63.930000, ""party"": ""R"" }, { ""name"": ""Leonard Alan Roy"", ""votes"": 136, ""votes_pct"": 36.070000, ""party"": ""DFL"" }, { ""name"": ""WRITE-IN"", ""votes"": 0, ""votes_pct"": 0, ""party"": ""WI"" } ]"
"040150","8","2",2A,Beltrami,Maple Ridge Twp,36.4312242151872,R,"18.75",-18.75,1.75673481686954,"64","[ { ""name"": ""Steve Green"", ""votes"": 38, ""votes_pct"": 59.380000, ""party"": ""R"" }, { ""name"": ""Leonard Alan Roy"", ""votes"": 26, ""votes_pct"": 40.630000, ""party"": ""DFL"" }, { ""name"": ""WRITE-IN"", ""votes"": 0, ""votes_pct"": 0, ""party"": ""WI"" } ]"
"040155","8","2",2A,Beltrami,Minnie Twp,34.9030099441366,R,"57.14",-57.14,0.401111538013697,"14","[ { ""name"": ""Steve Green"", ""votes"": 11, ""votes_pct"": 78.570000, ""party"": ""R"" }, { ""name"": ""Leonard Alan Roy"", ""votes"": 3, ""votes_pct"": 21.430000, ""party"": ""DFL"" }, { ""name"": ""WRITE-IN"", ""votes"": 0, ""votes_pct"": 0, ""party"": ""WI"" } ]"
"040160","8","2",2B,Beltrami,Moose Lake Twp,36.0690704890015,R,"18.52",-18.52,2.9942551481312,"108","[ { ""name"": ""Steve Green"", ""votes"": 64, ""votes_pct"": 59.260000, ""party"": ""R"" }, { ""name"": ""Leonard Alan Roy"", ""votes"": 44, ""votes_pct"": 40.740000, ""party"": ""DFL"" }, { ""name"": ""WRITE-IN"", ""votes"": 0, ""votes_pct"": 0, ""party"": ""WI"" } ]"
"040165","8","2",2A,Beltrami,Nebish Twp,35.8754609931132,R,"36.30",-36.3,3.76301784737805,"135","[ { ""name"": ""Steve Green"", ""votes"": 92, ""votes_pct"": 68.150000, ""party"": ""R"" }, { ""name"": ""Leonard Alan Roy"", ""votes"": 43, ""votes_pct"": 31.850000, ""party"": ""DFL"" }, { ""name"": ""WRITE-IN"", ""votes"": 0, ""votes_pct"": 0, ""party"": ""WI"" } ]"
"040170","8","2",2A,Beltrami,Northern Twp,30.0369794900947,R,"23.54",-23.54,59.3934553435477,"1784","[ { ""name"": ""Steve Green"", ""votes"": 1102, ""votes_pct"": 61.770000, ""party"": ""R"" }, { ""name"": ""Leonard Alan Roy"", ""votes"": 682, ""votes_pct"": 38.230000, ""party"": ""DFL"" }, { ""name"": ""WRITE-IN"", ""votes"": 0, ""votes_pct"": 0, ""party"": ""WI"" } ]"
"040175","8","2",2B,Beltrami,O'Brien Twp,36.3187915202455,R,"100.00",-100,0.798484717858364,"29","[ { ""name"": ""Steve Green"", ""votes"": 29, ""votes_pct"": 100, ""party"": ""R"" }, { ""name"": ""Leonard Alan Roy"", ""votes"": 0, ""votes_pct"": 0, ""party"": ""DFL"" }, { ""name"": ""WRITE-IN"", ""votes"": 0, ""votes_pct"": 0, ""party"": ""WI"" } ]"
"040180","8","2",2A,Beltrami,Ponemah Prec,318.259926333964,DFL,"87.06",87.06,0.631559248804331,"201","[ { ""name"": ""Leonard Alan Roy"", ""votes"": 188, ""votes_pct"": 93.530000, ""party"": ""DFL"" }, { ""name"": ""Steve Green"", ""votes"": 13, ""votes_pct"": 6.470000, ""party"": ""R"" }, { ""name"": ""WRITE-IN"", ""votes"": 0, ""votes_pct"": 0, ""party"": ""WI"" } ]"
"040185","8","2",2B,Beltrami,Port Hope Twp,32.5009232288512,R,"39.48",-39.48,11.9996591251843,"390","[ { ""name"": ""Steve Green"", ""votes"": 272, ""votes_pct"": 69.740000, ""party"": ""R"" }, { ""name"": ""Leonard Alan Roy"", ""votes"": 118, ""votes_pct"": 30.260000, ""party"": ""DFL"" }, { ""name"": ""WRITE-IN"", ""votes"": 0, ""votes_pct"": 0, ""party"": ""WI"" } ]"
"040190","8","2",2A,Beltrami,Quiring Twp,24.2017891683411,R,"61.30",-61.3,1.28089703551966,"31","[ { ""name"": ""Steve Green"", ""votes"": 25, ""votes_pct"": 80.650000, ""party"": ""R"" }, { ""name"": ""Leonard Alan Roy"", ""votes"": 6, ""votes_pct"": 19.350000, ""party"": ""DFL"" }, { ""name"": ""WRITE-IN"", ""votes"": 0, ""votes_pct"": 0, ""party"": ""WI"" } ]"
"040195","8","2",2A,Beltrami,Red Lake Agency Prec,63.0386830794006,DFL,"88.58",88.58,7.5033293351676,"473","[ { ""name"": ""Leonard Alan Roy"", ""votes"": 445, ""votes_pct"": 94.080000, ""party"": ""DFL"" }, { ""name"": ""Steve Green"", ""votes"": 26, ""votes_pct"": 5.500000, ""party"": ""R"" }, { ""name"": ""WRITE-IN"", ""votes"": 2, ""votes_pct"": 0.420000, ""party"": ""WI"" } ]"
"040200","8","2",2A,Beltrami,Redby Prec,92.1611065998051,DFL,"87.50",87.5,2.95135345087724,"272","[ { ""name"": ""Leonard Alan Roy"", ""votes"": 255, ""votes_pct"": 93.750000, ""party"": ""DFL"" }, { ""name"": ""Steve Green"", ""votes"": 17, ""votes_pct"": 6.250000, ""party"": ""R"" }, { ""name"": ""WRITE-IN"", ""votes"": 0, ""votes_pct"": 0, ""party"": ""WI"" } ]"
"040202","8","2",2A,Beltrami,Little Rock Prec,404.584445341791,DFL,"90.39",90.39,0.56601286242367,"229","[ { ""name"": ""Leonard Alan Roy"", ""votes"": 217, ""votes_pct"": 94.760000, ""party"": ""DFL"" }, { ""name"": ""Steve Green"", ""votes"": 10, ""votes_pct"": 4.370000, ""party"": ""R"" }, { ""name"": ""WRITE-IN"", ""votes"": 2, ""votes_pct"": 0.870000, ""party"": ""WI"" } ]"
"040205","8","2",2A,Beltrami,Roosevelt Twp,36.0503648199466,R,"7.14",-7.14,3.106764676568,"112","[ { ""name"": ""Steve Green"", ""votes"": 60, ""votes_pct"": 53.570000, ""party"": ""R"" }, { ""name"": ""Leonard Alan Roy"", ""votes"": 52, ""votes_pct"": 46.430000, ""party"": ""DFL"" }, { ""name"": ""WRITE-IN"", ""votes"": 0, ""votes_pct"": 0, ""party"": ""WI"" } ]"
"040210","8","2",2B,Beltrami,Shooks Twp,36.3704567510899,R,"90.48",-90.48,2.30956681613526,"84","[ { ""name"": ""Steve Green"", ""votes"": 80, ""votes_pct"": 95.240000, ""party"": ""R"" }, { ""name"": ""Leonard Alan Roy"", ""votes"": 4, ""votes_pct"": 4.760000, ""party"": ""DFL"" }, { ""name"": ""WRITE-IN"", ""votes"": 0, ""votes_pct"": 0, ""party"": ""WI"" } ]"
"040215","8","2",2A,Beltrami,Shotley Twp,46.8145130086062,R,"33.34",-33.34,0.576744224489453,"27","[ { ""name"": ""Steve Green"", ""votes"": 18, ""votes_pct"": 66.670000, ""party"": ""R"" }, { ""name"": ""Leonard Alan Roy"", ""votes"": 9, ""votes_pct"": 33.330000, ""party"": ""DFL"" }, { ""name"": ""WRITE-IN"", ""votes"": 0, ""votes_pct"": 0, ""party"": ""WI"" } ]"
"040220","8","2",2A,Beltrami,Solway,1.0315132084124,R,"45.00",-45,38.777981390625,"40","[ { ""name"": ""Steve Green"", ""votes"": 29, ""votes_pct"": 72.500000, ""party"": ""R"" }, { ""name"": ""Leonard Alan Roy"", ""votes"": 11, ""votes_pct"": 27.500000, ""party"": ""DFL"" }, { ""name"": ""WRITE-IN"", ""votes"": 0, ""votes_pct"": 0, ""party"": ""WI"" } ]"
"040225","8","2",2A,Beltrami,Spruce Grove Twp,34.5600644649589,DFL,"8.34",8.34,0.694443149095803,"24","[ { ""name"": ""Leonard Alan Roy"", ""votes"": 13, ""votes_pct"": 54.170000, ""party"": ""DFL"" }, { ""name"": ""Steve Green"", ""votes"": 11, ""votes_pct"": 45.830000, ""party"": ""R"" }, { ""name"": ""WRITE-IN"", ""votes"": 0, ""votes_pct"": 0, ""party"": ""WI"" } ]"
"040230","8","2",2A,Beltrami,Steenerson Twp,35.9302088196394,R,"37.50",-37.5,0.445307737573026,"16","[ { ""name"": ""Steve Green"", ""votes"": 11, ""votes_pct"": 68.750000, ""party"": ""R"" }, { ""name"": ""Leonard Alan Roy"", ""votes"": 5, ""votes_pct"": 31.250000, ""party"": ""DFL"" }, { ""name"": ""WRITE-IN"", ""votes"": 0, ""votes_pct"": 0, ""party"": ""WI"" } ]"
"040235","8","2",2B,Beltrami,Sugar Bush Twp,35.1336846372841,DFL,"2.12",2.12,2.67549506891875,"94","[ { ""name"": ""Leonard Alan Roy"", ""votes"": 48, ""votes_pct"": 51.060000, ""party"": ""DFL"" }, { ""name"": ""Steve Green"", ""votes"": 46, ""votes_pct"": 48.940000, ""party"": ""R"" }, { ""name"": ""WRITE-IN"", ""votes"": 0, ""votes_pct"": 0, ""party"": ""WI"" } ]"
"040240","8","2",2B,Beltrami,Summit Twp,35.1892511356944,R,"80.42",-80.42,4.06374092613035,"143","[ { ""name"": ""Steve Green"", ""votes"": 129, ""votes_pct"": 90.210000, ""party"": ""R"" }, { ""name"": ""Leonard Alan Roy"", ""votes"": 14, ""votes_pct"": 9.790000, ""party"": ""DFL"" }, { ""name"": ""WRITE-IN"", ""votes"": 0, ""votes_pct"": 0, ""party"": ""WI"" } ]"
"040245","8","2",2B,Beltrami,Taylor Twp,34.2248382437376,R,"50.88",-50.88,1.66545710440077,"57","[ { ""name"": ""Steve Green"", ""votes"": 43, ""votes_pct"": 75.440000, ""party"": ""R"" }, { ""name"": ""Leonard Alan Roy"", ""votes"": 14, ""votes_pct"": 24.560000, ""party"": ""DFL"" }, { ""name"": ""WRITE-IN"", ""votes"": 0, ""votes_pct"": 0, ""party"": ""WI"" } ]"
"040250","8","2",2B,Beltrami,Ten Lake Twp,35.9641866689434,DFL,"16.88",16.88,11.0387592983669,"397","[ { ""name"": ""Leonard Alan Roy"", ""votes"": 232, ""votes_pct"": 58.440000, ""party"": ""DFL"" }, { ""name"": ""Steve Green"", ""votes"": 165, ""votes_pct"": 41.560000, ""party"": ""R"" }, { ""name"": ""WRITE-IN"", ""votes"": 0, ""votes_pct"": 0, ""party"": ""WI"" } ]"
"040255","8","2",2B,Beltrami,Tenstrike,4.45729496845347,R,"48.88",-48.88,20.1916186020839,"90","[ { ""name"": ""Steve Green"", ""votes"": 67, ""votes_pct"": 74.440000, ""party"": ""R"" }, { ""name"": ""Leonard Alan Roy"", ""votes"": 23, ""votes_pct"": 25.560000, ""party"": ""DFL"" }, { ""name"": ""WRITE-IN"", ""votes"": 0, ""votes_pct"": 0, ""party"": ""WI"" } ]"
"040260","8","2",2A,Beltrami,Turtle Lake Twp,36.1852207826581,R,"23.67",-23.67,20.8925075942142,"756","[ { ""name"": ""Steve Green"", ""votes"": 467, ""votes_pct"": 61.770000, ""party"": ""R"" }, { ""name"": ""Leonard Alan Roy"", ""votes"": 288, ""votes_pct"": 38.100000, ""party"": ""DFL"" }, { ""name"": ""WRITE-IN"", ""votes"": 1, ""votes_pct"": 0.130000, ""party"": ""WI"" } ]"
"040265","8","2",2B,Beltrami,Turtle River,1.09341526328248,DFL,"22.72",22.72,40.2408869507728,"44","[ { ""name"": ""Leonard Alan Roy"", ""votes"": 27, ""votes_pct"": 61.360000, ""party"": ""DFL"" }, { ""name"": ""Steve Green"", ""votes"": 17, ""votes_pct"": 38.640000, ""party"": ""R"" }, { ""name"": ""WRITE-IN"", ""votes"": 0, ""votes_pct"": 0, ""party"": ""WI"" } ]"
"040270","8","2",2B,Beltrami,Turtle River Twp,35.8089414344591,R,"9.62",-9.62,20.0229320185944,"717","[ { ""name"": ""Steve Green"", ""votes"": 393, ""votes_pct"": 54.810000, ""party"": ""R"" }, { ""name"": ""Leonard Alan Roy"", ""votes"": 324, ""votes_pct"": 45.190000, ""party"": ""DFL"" }, { ""name"": ""WRITE-IN"", ""votes"": 0, ""votes_pct"": 0, ""party"": ""WI"" } ]"
"040275","8","2",2A,Beltrami,Unorg Dist 1,600.53494950306,R,"41.18",-41.18,0.0283080943316745,"17","[ { ""name"": ""Steve Green"", ""votes"": 12, ""votes_pct"": 70.590000, ""party"": ""R"" }, { ""name"": ""Leonard Alan Roy"", ""votes"": 5, ""votes_pct"": 29.410000, ""party"": ""DFL"" }, { ""name"": ""WRITE-IN"", ""votes"": 0, ""votes_pct"": 0, ""party"": ""WI"" } ]"
"040280","8","2",2A,Beltrami,Unorg Dist 2,35.6370131250748,R,"33.34",-33.34,0.252546417636428,"9","[ { ""name"": ""Steve Green"", ""votes"": 6, ""votes_pct"": 66.670000, ""party"": ""R"" }, { ""name"": ""Leonard Alan Roy"", ""votes"": 3, ""votes_pct"": 33.330000, ""party"": ""DFL"" }, { ""name"": ""WRITE-IN"", ""votes"": 0, ""votes_pct"": 0, ""party"": ""WI"" } ]"
"040285","8","2",2B,Beltrami,Unorg Dist 3,36.3586106702333,R,"1.10",-1.1,2.50284590974488,"91","[ { ""name"": ""Steve Green"", ""votes"": 46, ""votes_pct"": 50.550000, ""party"": ""R"" }, { ""name"": ""Leonard Alan Roy"", ""votes"": 45, ""votes_pct"": 49.450000, ""party"": ""DFL"" }, { ""name"": ""WRITE-IN"", ""votes"": 0, ""votes_pct"": 0, ""party"": ""WI"" } ]"
"040290","8","2",2A,Beltrami,Waskish Twp,71.9947959062904,R,"20.00",-20,0.972292498628833,"70","[ { ""name"": ""Steve Green"", ""votes"": 42, ""votes_pct"": 60, ""party"": ""R"" }, { ""name"": ""Leonard Alan Roy"", ""votes"": 28, ""votes_pct"": 40, ""party"": ""DFL"" }, { ""name"": ""WRITE-IN"", ""votes"": 0, ""votes_pct"": 0, ""party"": ""WI"" } ]"
"040295","8","2",2A,Beltrami,Wilton,3.07483008816684,R,"36.25",-36.25,26.0176977934071,"80","[ { ""name"": ""Steve Green"", ""votes"": 54, ""votes_pct"": 67.500000, ""party"": ""R"" }, { ""name"": ""Leonard Alan Roy"", ""votes"": 25, ""votes_pct"": 31.250000, ""party"": ""DFL"" }, { ""name"": ""WRITE-IN"", ""votes"": 1, ""votes_pct"": 1.250000, ""party"": ""WI"" } ]"
"040300","8","2",2B,Beltrami,Woodrow Twp,35.8849329942975,R,"36.58",-36.58,1.14254079857179,"41","[ { ""name"": ""Steve Green"", ""votes"": 28, ""votes_pct"": 68.290000, ""party"": ""R"" }, { ""name"": ""Leonard Alan Roy"", ""votes"": 13, ""votes_pct"": 31.710000, ""party"": ""DFL"" }, { ""name"": ""WRITE-IN"", ""votes"": 0, ""votes_pct"": 0, ""party"": ""WI"" } ]"
"050005","6","10",10B,Benton,Alberta Twp,36.2423616347836,R,"60.74",-60.74,10.4021918825007,"377","[ { ""name"": ""Nathan Wesenberg"", ""votes"": 303, ""votes_pct"": 80.370000, ""party"": ""R"" }, { ""name"": ""Suzanne M. Cekalla"", ""votes"": 74, ""votes_pct"": 19.630000, ""party"": ""DFL"" }, { ""name"": ""WRITE-IN"", ""votes"": 0, ""votes_pct"": 0, ""party"": ""WI"" } ]"
"050010","6","10",10B,Benton,Foley,2.51547575468775,R,"48.97",-48.97,346.654106434924,"872","[ { ""name"": ""Nathan Wesenberg"", ""votes"": 649, ""votes_pct"": 74.430000, ""party"": ""R"" }, { ""name"": ""Suzanne M. Cekalla"", ""votes"": 222, ""votes_pct"": 25.460000, ""party"": ""DFL"" }, { ""name"": ""WRITE-IN"", ""votes"": 1, ""votes_pct"": 0.110000, ""party"": ""WI"" } ]"
"050015","6","10",10B,Benton,Gilman,0.485563631470632,R,"58.24",-58.24,187.41107056224,"91","[ { ""name"": ""Nathan Wesenberg"", ""votes"": 72, ""votes_pct"": 79.120000, ""party"": ""R"" }, { ""name"": ""Suzanne M. Cekalla"", ""votes"": 19, ""votes_pct"": 20.880000, ""party"": ""DFL"" }, { ""name"": ""WRITE-IN"", ""votes"": 0, ""votes_pct"": 0, ""party"": ""WI"" } ]"
"050020","6","10",10B,Benton,Gilmanton Twp,33.5421742648964,R,"51.48",-51.48,13.1476271191378,"441","[ { ""name"": ""Nathan Wesenberg"", ""votes"": 334, ""votes_pct"": 75.740000, ""party"": ""R"" }, { ""name"": ""Suzanne M. Cekalla"", ""votes"": 107, ""votes_pct"": 24.260000, ""party"": ""DFL"" }, { ""name"": ""WRITE-IN"", ""votes"": 0, ""votes_pct"": 0, ""party"": ""WI"" } ]"
"050025","6","10",10B,Benton,Glendorado Twp,36.5559317095916,R,"60.58",-60.58,10.3403191307752,"378","[ { ""name"": ""Nathan Wesenberg"", ""votes"": 303, ""votes_pct"": 80.160000, ""party"": ""R"" }, { ""name"": ""Suzanne M. Cekalla"", ""votes"": 74, ""votes_pct"": 19.580000, ""party"": ""DFL"" }, { ""name"": ""WRITE-IN"", ""votes"": 1, ""votes_pct"": 0.260000, ""party"": ""WI"" } ]"
"050030","6","10",10B,Benton,Graham Twp,36.6601915529764,R,"68.88",-68.88,7.80137767656535,"286","[ { ""name"": ""Nathan Wesenberg"", ""votes"": 240, ""votes_pct"": 83.920000, ""party"": ""R"" }, { ""name"": ""Suzanne M. Cekalla"", ""votes"": 43, ""votes_pct"": 15.040000, ""party"": ""DFL"" }, { ""name"": ""WRITE-IN"", ""votes"": 3, ""votes_pct"": 1.050000, ""party"": ""WI"" } ]"
"050035","6","10",10B,Benton,Granite Ledge Twp,35.3580263190812,R,"61.26",-61.26,10.8037704523641,"382","[ { ""name"": ""Nathan Wesenberg"", ""votes"": 308, ""votes_pct"": 80.630000, ""party"": ""R"" }, { ""name"": ""Suzanne M. Cekalla"", ""votes"": 74, ""votes_pct"": 19.370000, ""party"": ""DFL"" }, { ""name"": ""WRITE-IN"", ""votes"": 0, ""votes_pct"": 0, ""party"": ""WI"" } ]"
"050040","6","10",10B,Benton,Langola Twp,41.2128273133863,R,"55.82",-55.82,12.301995108094,"507","[ { ""name"": ""Nathan Wesenberg"", ""votes"": 394, ""votes_pct"": 77.710000, ""party"": ""R"" }, { ""name"": ""Suzanne M. Cekalla"", ""votes"": 111, ""votes_pct"": 21.890000, ""party"": ""DFL"" }, { ""name"": ""WRITE-IN"", ""votes"": 2, ""votes_pct"": 0.390000, ""party"": ""WI"" } ]"
"050045","6","10",10B,Benton,Mayhew Lake Twp,36.9274850620533,R,"64.96",-64.96,12.6734869491808,"468","[ { ""name"": ""Nathan Wesenberg"", ""votes"": 386, ""votes_pct"": 82.480000, ""party"": ""R"" }, { ""name"": ""Suzanne M. Cekalla"", ""votes"": 82, ""votes_pct"": 17.520000, ""party"": ""DFL"" }, { ""name"": ""WRITE-IN"", ""votes"": 0, ""votes_pct"": 0, ""party"": ""WI"" } ]"
"050050","6","10",10B,Benton,Maywood Twp,35.6473172092495,R,"57.18",-57.18,12.9041968936906,"460","[ { ""name"": ""Nathan Wesenberg"", ""votes"": 361, ""votes_pct"": 78.480000, ""party"": ""R"" }, { ""name"": ""Suzanne M. Cekalla"", ""votes"": 98, ""votes_pct"": 21.300000, ""party"": ""DFL"" }, { ""name"": ""WRITE-IN"", ""votes"": 1, ""votes_pct"": 0.220000, ""party"": ""WI"" } ]"
"050055","6","14",14B,Benton,Minden Twp P-1,33.7520863561811,R,"53.74",-53.74,24.9169782017338,"841","[ { ""name"": ""Tama Theis"", ""votes"": 646, ""votes_pct"": 76.810000, ""party"": ""R"" }, { ""name"": ""Aric Putnam"", ""votes"": 194, ""votes_pct"": 23.070000, ""party"": ""DFL"" }, { ""name"": ""WRITE-IN"", ""votes"": 1, ""votes_pct"": 0.120000, ""party"": ""WI"" } ]"
"050056","6","13",13B,Benton,Minden Twp P-2,0.0216524599026536,R,"100.00",-100,92.3682578788608,"2","[ { ""name"": ""Jeff Howe"", ""votes"": 2, ""votes_pct"": 100, ""party"": ""R"" }, { ""name"": ""Alissa Brickman"", ""votes"": 0, ""votes_pct"": 0, ""party"": ""DFL"" }, { ""name"": ""WRITE-IN"", ""votes"": 0, ""votes_pct"": 0, ""party"": ""WI"" } ]"
"050060","6","10",10B,Benton,Rice,5.73906891204504,R,"46.72",-46.72,138.001479358048,"792","[ { ""name"": ""Nathan Wesenberg"", ""votes"": 581, ""votes_pct"": 73.360000, ""party"": ""R"" }, { ""name"": ""Suzanne M. Cekalla"", ""votes"": 211, ""votes_pct"": 26.640000, ""party"": ""DFL"" }, { ""name"": ""WRITE-IN"", ""votes"": 0, ""votes_pct"": 0, ""party"": ""WI"" } ]"
"050067","6","10",10B,Benton,Royalton,0.332824801638186,even,"0.00",0,0,"0","[ { ""name"": ""Nathan Wesenberg"", ""votes"": 0, ""votes_pct"": 0, ""party"": ""R"" }, { ""name"": ""Suzanne M. Cekalla"", ""votes"": 0, ""votes_pct"": 0, ""party"": ""DFL"" }, { ""name"": ""WRITE-IN"", ""votes"": 0, ""votes_pct"": 0, ""party"": ""WI"" } ]"
"050070","6","14",14B,Benton,Saint Cloud W-2 P-1,2.25282325383473,R,"0.12",-0.12,362.656057730811,"817","[ { ""name"": ""Tama Theis"", ""votes"": 409, ""votes_pct"": 50.060000, ""party"": ""R"" }, { ""name"": ""Aric Putnam"", ""votes"": 408, ""votes_pct"": 49.940000, ""party"": ""DFL"" }, { ""name"": ""WRITE-IN"", ""votes"": 0, ""votes_pct"": 0, ""party"": ""WI"" } ]"
"050080","6","14",14B,Benton,Saint Cloud W-2 P-3,0.597899696003181,DFL,"16.95",16.95,1085.46634885151,"649","[ { ""name"": ""Aric Putnam"", ""votes"": 379, ""votes_pct"": 58.400000, ""party"": ""DFL"" }, { ""name"": ""Tama Theis"", ""votes"": 269, ""votes_pct"": 41.450000, ""party"": ""R"" }, { ""name"": ""WRITE-IN"", ""votes"": 1, ""votes_pct"": 0.150000, ""party"": ""WI"" } ]"
"050085","6","14",14B,Benton,Saint Cloud W-2 P-4,0.697379586561801,DFL,"23.64",23.64,424.446034417683,"296","[ { ""name"": ""Aric Putnam"", ""votes"": 183, ""votes_pct"": 61.820000, ""party"": ""DFL"" }, { ""name"": ""Tama Theis"", ""votes"": 113, ""votes_pct"": 38.180000, ""party"": ""R"" }, { ""name"": ""WRITE-IN"", ""votes"": 0, ""votes_pct"": 0, ""party"": ""WI"" } ]"
"050090","6","10",10B,Benton,Saint George Twp,36.6881419565318,R,"61.95",-61.95,17.3353014375472,"636","[ { ""name"": ""Nathan Wesenberg"", ""votes"": 513, ""votes_pct"": 80.660000, ""party"": ""R"" }, { ""name"": ""Suzanne M. Cekalla"", ""votes"": 119, ""votes_pct"": 18.710000, ""party"": ""DFL"" }, { ""name"": ""WRITE-IN"", ""votes"": 4, ""votes_pct"": 0.630000, ""party"": ""WI"" } ]"
"050095","6","13",13B,Benton,Sartell P-2,1.18630549004468,R,"27.30",-27.3,614.512877262792,"729","[ { ""name"": ""Jeff Howe"", ""votes"": 464, ""votes_pct"": 63.650000, ""party"": ""R"" }, { ""name"": ""Alissa Brickman"", ""votes"": 265, ""votes_pct"": 36.350000, ""party"": ""DFL"" }, { ""name"": ""WRITE-IN"", ""votes"": 0, ""votes_pct"": 0, ""party"": ""WI"" } ]"
"050100","6","13",13B,Benton,Sauk Rapids P-1,0.962866952495019,R,"19.60",-19.6,937.824273291456,"903","[ { ""name"": ""Jeff Howe"", ""votes"": 540, ""votes_pct"": 59.800000, ""party"": ""R"" }, { ""name"": ""Alissa Brickman"", ""votes"": 363, ""votes_pct"": 40.200000, ""party"": ""DFL"" }, { ""name"": ""WRITE-IN"", ""votes"": 0, ""votes_pct"": 0, ""party"": ""WI"" } ]"
"050105","6","13",13B,Benton,Sauk Rapids P-2,1.06694133123907,R,"17.75",-17.75,765.740323370166,"817","[ { ""name"": ""Jeff Howe"", ""votes"": 480, ""votes_pct"": 58.750000, ""party"": ""R"" }, { ""name"": ""Alissa Brickman"", ""votes"": 335, ""votes_pct"": 41, ""party"": ""DFL"" }, { ""name"": ""WRITE-IN"", ""votes"": 2, ""votes_pct"": 0.240000, ""party"": ""WI"" } ]"
"050110","6","13",13B,Benton,Sauk Rapids P-3,0.87850626635772,R,"26.96",-26.96,1405.79532246287,"1235","[ { ""name"": ""Jeff Howe"", ""votes"": 784, ""votes_pct"": 63.480000, ""party"": ""R"" }, { ""name"": ""Alissa Brickman"", ""votes"": 451, ""votes_pct"": 36.520000, ""party"": ""DFL"" }, { ""name"": ""WRITE-IN"", ""votes"": 0, ""votes_pct"": 0, ""party"": ""WI"" } ]"
"050111","6","13",13B,Benton,Sauk Rapids P-4,0.903918770254071,R,"17.65",-17.65,940.349982732502,"850","[ { ""name"": ""Jeff Howe"", ""votes"": 499, ""votes_pct"": 58.710000, ""party"": ""R"" }, { ""name"": ""Alissa Brickman"", ""votes"": 349, ""votes_pct"": 41.060000, ""party"": ""DFL"" }, { ""name"": ""WRITE-IN"", ""votes"": 2, ""votes_pct"": 0.240000, ""party"": ""WI"" } ]"
"050112","6","13",13B,Benton,Sauk Rapids P-5,2.54694556953065,R,"24.48",-24.48,594.830144045514,"1515","[ { ""name"": ""Jeff Howe"", ""votes"": 943, ""votes_pct"": 62.240000, ""party"": ""R"" }, { ""name"": ""Alissa Brickman"", ""votes"": 572, ""votes_pct"": 37.760000, ""party"": ""DFL"" }, { ""name"": ""WRITE-IN"", ""votes"": 0, ""votes_pct"": 0, ""party"": ""WI"" } ]"
"050113","6","14",14B,Benton,Sauk Rapids P-6,0.119964688772257,even,"0.00",0,0,"0","[ { ""name"": ""Tama Theis"", ""votes"": 0, ""votes_pct"": 0, ""party"": ""R"" }, { ""name"": ""Aric Putnam"", ""votes"": 0, ""votes_pct"": 0, ""party"": ""DFL"" }, { ""name"": ""WRITE-IN"", ""votes"": 0, ""votes_pct"": 0, ""party"": ""WI"" } ]"
"050115","6","13",13B,Benton,Sauk Rapids Twp,7.5307625665272,R,"38.58",-38.58,35.454576829545,"267","[ { ""name"": ""Jeff Howe"", ""votes"": 185, ""votes_pct"": 69.290000, ""party"": ""R"" }, { ""name"": ""Alissa Brickman"", ""votes"": 82, ""votes_pct"": 30.710000, ""party"": ""DFL"" }, { ""name"": ""WRITE-IN"", ""votes"": 0, ""votes_pct"": 0, ""party"": ""WI"" } ]"
"050120","6","10",10B,Benton,Watab Twp,22.4547613149074,R,"41.44",-41.44,72.7685312297314,"1634","[ { ""name"": ""Nathan Wesenberg"", ""votes"": 1155, ""votes_pct"": 70.690000, ""party"": ""R"" }, { ""name"": ""Suzanne M. Cekalla"", ""votes"": 478, ""votes_pct"": 29.250000, ""party"": ""DFL"" }, { ""name"": ""WRITE-IN"", ""votes"": 1, ""votes_pct"": 0.060000, ""party"": ""WI"" } ]"
"060005","7","12",12A,Big Stone,Akron Twp,53.3619821742579,DFL,"5.16",5.16,1.81777355427388,"97","[ { ""name"": ""Kari Dorry"", ""votes"": 49, ""votes_pct"": 50.520000, ""party"": ""DFL"" }, { ""name"": ""Torrey Westrom"", ""votes"": 44, ""votes_pct"": 45.360000, ""party"": ""R"" }, { ""name"": ""Ashley Klingbeil"", ""votes"": 4, ""votes_pct"": 4.120000, ""party"": ""WTP"" }, { ""name"": ""WRITE-IN"", ""votes"": 0, ""votes_pct"": 0, ""party"": ""WI"" } ]"
"060010","7","12",12A,Big Stone,Almond Twp,34.8274655698355,R,"28.82",-28.82,1.69406527390556,"59","[ { ""name"": ""Torrey Westrom"", ""votes"": 38, ""votes_pct"": 64.410000, ""party"": ""R"" }, { ""name"": ""Kari Dorry"", ""votes"": 21, ""votes_pct"": 35.590000, ""party"": ""DFL"" }, { ""name"": ""Ashley Klingbeil"", ""votes"": 0, ""votes_pct"": 0, ""party"": ""WTP"" }, { ""name"": ""WRITE-IN"", ""votes"": 0, ""votes_pct"": 0, ""party"": ""WI"" } ]"
"060015","7","12",12A,Big Stone,Artichoke Twp,35.5723138022838,DFL,"14.00",14,1.40558751049784,"50","[ { ""name"": ""Kari Dorry"", ""votes"": 28, ""votes_pct"": 56, ""party"": ""DFL"" }, { ""name"": ""Torrey Westrom"", ""votes"": 21, ""votes_pct"": 42, ""party"": ""R"" }, { ""name"": ""Ashley Klingbeil"", ""votes"": 1, ""votes_pct"": 2, ""party"": ""WTP"" }, { ""name"": ""WRITE-IN"", ""votes"": 0, ""votes_pct"": 0, ""party"": ""WI"" } ]"
"060020","7","12",12A,Big Stone,Barry,0.251486808110238,R,"16.66",-16.66,47.7162205452139,"12","[ { ""name"": ""Torrey Westrom"", ""votes"": 7, ""votes_pct"": 58.330000, ""party"": ""R"" }, { ""name"": ""Kari Dorry"", ""votes"": 5, ""votes_pct"": 41.670000, ""party"": ""DFL"" }, { ""name"": ""Ashley Klingbeil"", ""votes"": 0, ""votes_pct"": 0, ""party"": ""WTP"" }, { ""name"": ""WRITE-IN"", ""votes"": 0, ""votes_pct"": 0, ""party"": ""WI"" } ]"
"060025","7","12",12A,Big Stone,Big Stone Twp,34.4777039913735,R,"17.34",-17.34,5.01773552099889,"173","[ { ""name"": ""Torrey Westrom"", ""votes"": 97, ""votes_pct"": 56.070000, ""party"": ""R"" }, { ""name"": ""Kari Dorry"", ""votes"": 67, ""votes_pct"": 38.730000, ""party"": ""DFL"" }, { ""name"": ""Ashley Klingbeil"", ""votes"": 9, ""votes_pct"": 5.200000, ""party"": ""WTP"" }, { ""name"": ""WRITE-IN"", ""votes"": 0, ""votes_pct"": 0, ""party"": ""WI"" } ]"
"060030","7","12",12A,Big Stone,Browns Valley Twp,48.5018459896113,R,"18.98",-18.98,1.62880398442816,"79","[ { ""name"": ""Torrey Westrom"", ""votes"": 47, ""votes_pct"": 59.490000, ""party"": ""R"" }, { ""name"": ""Kari Dorry"", ""votes"": 32, ""votes_pct"": 40.510000, ""party"": ""DFL"" }, { ""name"": ""Ashley Klingbeil"", ""votes"": 0, ""votes_pct"": 0, ""party"": ""WTP"" }, { ""name"": ""WRITE-IN"", ""votes"": 0, ""votes_pct"": 0, ""party"": ""WI"" } ]"
"060031","7","12",12A,Big Stone,Beardsley,0.474774699483513,R,"31.77",-31.77,179.032286456013,"85","[ { ""name"": ""Torrey Westrom"", ""votes"": 55, ""votes_pct"": 64.710000, ""party"": ""R"" }, { ""name"": ""Kari Dorry"", ""votes"": 28, ""votes_pct"": 32.940000, ""party"": ""DFL"" }, { ""name"": ""Ashley Klingbeil"", ""votes"": 2, ""votes_pct"": 2.350000, ""party"": ""WTP"" }, { ""name"": ""WRITE-IN"", ""votes"": 0, ""votes_pct"": 0, ""party"": ""WI"" } ]"
"060035","7","12",12A,Big Stone,Clinton,1.03090599500031,R,"14.69",-14.69,171.693637303901,"177","[ { ""name"": ""Torrey Westrom"", ""votes"": 100, ""votes_pct"": 56.500000, ""party"": ""R"" }, { ""name"": ""Kari Dorry"", ""votes"": 74, ""votes_pct"": 41.810000, ""party"": ""DFL"" }, { ""name"": ""Ashley Klingbeil"", ""votes"": 3, ""votes_pct"": 1.690000, ""party"": ""WTP"" }, { ""name"": ""WRITE-IN"", ""votes"": 0, ""votes_pct"": 0, ""party"": ""WI"" } ]"
"060040","7","12",12A,Big Stone,Correll,0.381652189967119,R,"35.71",-35.71,36.6826140869417,"14","[ { ""name"": ""Torrey Westrom"", ""votes"": 8, ""votes_pct"": 57.140000, ""party"": ""R"" }, { ""name"": ""Kari Dorry"", ""votes"": 3, ""votes_pct"": 21.430000, ""party"": ""DFL"" }, { ""name"": ""Ashley Klingbeil"", ""votes"": 3, ""votes_pct"": 21.430000, ""party"": ""WTP"" }, { ""name"": ""WRITE-IN"", ""votes"": 0, ""votes_pct"": 0, ""party"": ""WI"" } ]"
"060045","7","12",12A,Big Stone,Foster Twp,33.2179285622313,R,"19.73",-19.73,2.28792111036122,"76","[ { ""name"": ""Torrey Westrom"", ""votes"": 44, ""votes_pct"": 57.890000, ""party"": ""R"" }, { ""name"": ""Kari Dorry"", ""votes"": 29, ""votes_pct"": 38.160000, ""party"": ""DFL"" }, { ""name"": ""Ashley Klingbeil"", ""votes"": 3, ""votes_pct"": 3.950000, ""party"": ""WTP"" }, { ""name"": ""WRITE-IN"", ""votes"": 0, ""votes_pct"": 0, ""party"": ""WI"" } ]"
"060050","7","12",12A,Big Stone,Graceville,0.574439389289766,R,"43.10",-43.1,504.840032572548,"290","[ { ""name"": ""Torrey Westrom"", ""votes"": 205, ""votes_pct"": 70.690000, ""party"": ""R"" }, { ""name"": ""Kari Dorry"", ""votes"": 80, ""votes_pct"": 27.590000, ""party"": ""DFL"" }, { ""name"": ""Ashley Klingbeil"", ""votes"": 5, ""votes_pct"": 1.720000, ""party"": ""WTP"" }, { ""name"": ""WRITE-IN"", ""votes"": 0, ""votes_pct"": 0, ""party"": ""WI"" } ]"
"060055","7","12",12A,Big Stone,Graceville Twp,35.0729386872579,R,"52.63",-52.63,1.62518460481067,"57","[ { ""name"": ""Torrey Westrom"", ""votes"": 41, ""votes_pct"": 71.930000, ""party"": ""R"" }, { ""name"": ""Kari Dorry"", ""votes"": 11, ""votes_pct"": 19.300000, ""party"": ""DFL"" }, { ""name"": ""Ashley Klingbeil"", ""votes"": 5, ""votes_pct"": 8.770000, ""party"": ""WTP"" }, { ""name"": ""WRITE-IN"", ""votes"": 0, ""votes_pct"": 0, ""party"": ""WI"" } ]"
"060056","7","12",12A,Big Stone,Johnson,0.308523896901663,R,"83.34",-83.34,38.8948801713885,"12","[ { ""name"": ""Torrey Westrom"", ""votes"": 11, ""votes_pct"": 91.670000, ""party"": ""R"" }, { ""name"": ""Kari Dorry"", ""votes"": 1, ""votes_pct"": 8.330000, ""party"": ""DFL"" }, { ""name"": ""Ashley Klingbeil"", ""votes"": 0, ""votes_pct"": 0, ""party"": ""WTP"" }, { ""name"": ""WRITE-IN"", ""votes"": 0, ""votes_pct"": 0, ""party"": ""WI"" } ]"
"060060","7","12",12A,Big Stone,Malta Twp,37.2008479634778,R,"47.92",-47.92,1.29029316877735,"48","[ { ""name"": ""Torrey Westrom"", ""votes"": 35, ""votes_pct"": 72.920000, ""party"": ""R"" }, { ""name"": ""Kari Dorry"", ""votes"": 12, ""votes_pct"": 25, ""party"": ""DFL"" }, { ""name"": ""Ashley Klingbeil"", ""votes"": 1, ""votes_pct"": 2.080000, ""party"": ""WTP"" }, { ""name"": ""WRITE-IN"", ""votes"": 0, ""votes_pct"": 0, ""party"": ""WI"" } ]"
"060065","7","12",12A,Big Stone,Moonshine Twp,37.2607524677817,R,"78.72",-78.72,1.26138086021316,"47","[ { ""name"": ""Torrey Westrom"", ""votes"": 42, ""votes_pct"": 89.360000, ""party"": ""R"" }, { ""name"": ""Kari Dorry"", ""votes"": 5, ""votes_pct"": 10.640000, ""party"": ""DFL"" }, { ""name"": ""Ashley Klingbeil"", ""votes"": 0, ""votes_pct"": 0, ""party"": ""WTP"" }, { ""name"": ""WRITE-IN"", ""votes"": 0, ""votes_pct"": 0, ""party"": ""WI"" } ]"
"060070","7","12",12A,Big Stone,Odessa,0.964971876104379,R,"1.67",-1.67,62.177977913949,"60","[ { ""name"": ""Torrey Westrom"", ""votes"": 30, ""votes_pct"": 50, ""party"": ""R"" }, { ""name"": ""Kari Dorry"", ""votes"": 29, ""votes_pct"": 48.330000, ""party"": ""DFL"" }, { ""name"": ""Ashley Klingbeil"", ""votes"": 1, ""votes_pct"": 1.670000, ""party"": ""WTP"" }, { ""name"": ""WRITE-IN"", ""votes"": 0, ""votes_pct"": 0, ""party"": ""WI"" } ]"
"060075","7","12",12A,Big Stone,Odessa Twp,36.1867865724823,R,"29.12",-29.12,2.18311730558785,"79","[ { ""name"": ""Torrey Westrom"", ""votes"": 49, ""votes_pct"": 62.030000, ""party"": ""R"" }, { ""name"": ""Kari Dorry"", ""votes"": 26, ""votes_pct"": 32.910000, ""party"": ""DFL"" }, { ""name"": ""Ashley Klingbeil"", ""votes"": 4, ""votes_pct"": 5.060000, ""party"": ""WTP"" }, { ""name"": ""WRITE-IN"", ""votes"": 0, ""votes_pct"": 0, ""party"": ""WI"" } ]"
"060080","7","12",12A,Big Stone,Ortonville P-1,2.27398113217876,R,"8.83",-8.83,169.306593863918,"385","[ { ""name"": ""Torrey Westrom"", ""votes"": 201, ""votes_pct"": 52.210000, ""party"": ""R"" }, { ""name"": ""Kari Dorry"", ""votes"": 167, ""votes_pct"": 43.380000, ""party"": ""DFL"" }, { ""name"": ""Ashley Klingbeil"", ""votes"": 17, ""votes_pct"": 4.420000, ""party"": ""WTP"" }, { ""name"": ""WRITE-IN"", ""votes"": 0, ""votes_pct"": 0, ""party"": ""WI"" } ]"
"060082","7","12",12A,Big Stone,Ortonville P-2,1.16040747199677,R,"34.36",-34.36,140.467899366002,"163","[ { ""name"": ""Torrey Westrom"", ""votes"": 108, ""votes_pct"": 66.260000, ""party"": ""R"" }, { ""name"": ""Kari Dorry"", ""votes"": 52, ""votes_pct"": 31.900000, ""party"": ""DFL"" }, { ""name"": ""Ashley Klingbeil"", ""votes"": 3, ""votes_pct"": 1.840000, ""party"": ""WTP"" }, { ""name"": ""WRITE-IN"", ""votes"": 0, ""votes_pct"": 0, ""party"": ""WI"" } ]"
"060084","7","12",12A,Big Stone,Ortonville P-3,1.35968661859387,R,"20.07",-20.07,201.517023300088,"274","[ { ""name"": ""Torrey Westrom"", ""votes"": 162, ""votes_pct"": 59.120000, ""party"": ""R"" }, { ""name"": ""Kari Dorry"", ""votes"": 107, ""votes_pct"": 39.050000, ""party"": ""DFL"" }, { ""name"": ""Ashley Klingbeil"", ""votes"": 5, ""votes_pct"": 1.820000, ""party"": ""WTP"" }, { ""name"": ""WRITE-IN"", ""votes"": 0, ""votes_pct"": 0, ""party"": ""WI"" } ]"
"060086","7","12",12A,Big Stone,Ortonville Twp,13.8786347765251,R,"50.00",-50,3.31444704329322,"46","[ { ""name"": ""Torrey Westrom"", ""votes"": 33, ""votes_pct"": 71.740000, ""party"": ""R"" }, { ""name"": ""Kari Dorry"", ""votes"": 10, ""votes_pct"": 21.740000, ""party"": ""DFL"" }, { ""name"": ""Ashley Klingbeil"", ""votes"": 3, ""votes_pct"": 6.520000, ""party"": ""WTP"" }, { ""name"": ""WRITE-IN"", ""votes"": 0, ""votes_pct"": 0, ""party"": ""WI"" } ]"
"060090","7","12",12A,Big Stone,Otrey Twp,37.2239951149638,R,"21.42",-21.42,1.12830446786504,"42","[ { ""name"": ""Torrey Westrom"", ""votes"": 25, ""votes_pct"": 59.520000, ""party"": ""R"" }, { ""name"": ""Kari Dorry"", ""votes"": 16, ""votes_pct"": 38.100000, ""party"": ""DFL"" }, { ""name"": ""Ashley Klingbeil"", ""votes"": 1, ""votes_pct"": 2.380000, ""party"": ""WTP"" }, { ""name"": ""WRITE-IN"", ""votes"": 0, ""votes_pct"": 0, ""party"": ""WI"" } ]"
"060095","7","12",12A,Big Stone,Prior Twp,47.9173847049612,R,"11.76",-11.76,2.12866375383461,"102","[ { ""name"": ""Torrey Westrom"", ""votes"": 57, ""votes_pct"": 55.880000, ""party"": ""R"" }, { ""name"": ""Kari Dorry"", ""votes"": 45, ""votes_pct"": 44.120000, ""party"": ""DFL"" }, { ""name"": ""Ashley Klingbeil"", ""votes"": 0, ""votes_pct"": 0, ""party"": ""WTP"" }, { ""name"": ""WRITE-IN"", ""votes"": 0, ""votes_pct"": 0, ""party"": ""WI"" } ]"
"060100","7","12",12A,Big Stone,Toqua Twp,35.1369840593515,R,"68.00",-68,0.711501020058277,"25","[ { ""name"": ""Torrey Westrom"", ""votes"": 21, ""votes_pct"": 84, ""party"": ""R"" }, { ""name"": ""Kari Dorry"", ""votes"": 4, ""votes_pct"": 16, ""party"": ""DFL"" }, { ""name"": ""Ashley Klingbeil"", ""votes"": 0, ""votes_pct"": 0, ""party"": ""WTP"" }, { ""name"": ""WRITE-IN"", ""votes"": 0, ""votes_pct"": 0, ""party"": ""WI"" } ]"
"070005","1","22",22A,Blue Earth,Amboy,0.304972551619421,R,"93.26",-93.26,583.659083595589,"178","[ { ""name"": ""Rich Draheim"", ""votes"": 172, ""votes_pct"": 96.630000, ""party"": ""R"" }, { ""name"": ""WRITE-IN"", ""votes"": 6, ""votes_pct"": 3.370000, ""party"": ""WI"" } ]"
"070010","1","22",22A,Blue Earth,Beauford Twp,35.9966290376979,R,"89.48",-89.48,4.75044482140031,"171","[ { ""name"": ""Rich Draheim"", ""votes"": 162, ""votes_pct"": 94.740000, ""party"": ""R"" }, { ""name"": ""WRITE-IN"", ""votes"": 9, ""votes_pct"": 5.260000, ""party"": ""WI"" } ]"
"070015","1","15",15B,Blue Earth,Butternut Valley Twp,36.0121110533356,R,"40.28",-40.28,3.99865477996359,"144","[ { ""name"": ""Gary Dahms"", ""votes"": 101, ""votes_pct"": 70.140000, ""party"": ""R"" }, { ""name"": ""Anita Gaul"", ""votes"": 43, ""votes_pct"": 29.860000, ""party"": ""DFL"" }, { ""name"": ""WRITE-IN"", ""votes"": 0, ""votes_pct"": 0, ""party"": ""WI"" } ]"
"070020","1","15",15B,Blue Earth,Cambria Twp,19.6449774814894,R,"6.56",-6.56,6.9737926718974,"137","[ { ""name"": ""Gary Dahms"", ""votes"": 73, ""votes_pct"": 53.280000, ""party"": ""R"" }, { ""name"": ""Anita Gaul"", ""votes"": 64, ""votes_pct"": 46.720000, ""party"": ""DFL"" }, { ""name"": ""WRITE-IN"", ""votes"": 0, ""votes_pct"": 0, ""party"": ""WI"" } ]"
"070025","1","22",22A,Blue Earth,Ceresco Twp,35.9348775217275,R,"91.54",-91.54,1.97579635430985,"71","[ { ""name"": ""Rich Draheim"", ""votes"": 68, ""votes_pct"": 95.770000, ""party"": ""R"" }, { ""name"": ""WRITE-IN"", ""votes"": 3, ""votes_pct"": 4.230000, ""party"": ""WI"" } ]"
"070030","1","22",22A,Blue Earth,Danville Twp,36.0339432316192,R,"94.18",-94.18,2.85841600343143,"103","[ { ""name"": ""Rich Draheim"", ""votes"": 100, ""votes_pct"": 97.090000, ""party"": ""R"" }, { ""name"": ""WRITE-IN"", ""votes"": 3, ""votes_pct"": 2.910000, ""party"": ""WI"" } ]"
"070035","1","22",22A,Blue Earth,Decoria Twp,35.8197137548836,R,"94.58",-94.58,14.4333928388669,"517","[ { ""name"": ""Rich Draheim"", ""votes"": 503, ""votes_pct"": 97.290000, ""party"": ""R"" }, { ""name"": ""WRITE-IN"", ""votes"": 14, ""votes_pct"": 2.710000, ""party"": ""WI"" } ]"
"070040","1","18",18B,Blue Earth,Eagle Lake,1.86177676066539,R,"5.11",-5.11,693.423630198607,"1291","[ { ""name"": ""Mark Wright"", ""votes"": 678, ""votes_pct"": 52.520000, ""party"": ""R"" }, { ""name"": ""Nick Frentz"", ""votes"": 612, ""votes_pct"": 47.410000, ""party"": ""DFL"" }, { ""name"": ""WRITE-IN"", ""votes"": 1, ""votes_pct"": 0.080000, ""party"": ""WI"" } ]"
"070045","1","22",22A,Blue Earth,Garden City Twp,34.7559974050103,R,"94.12",-94.12,7.82598746427543,"272","[ { ""name"": ""Rich Draheim"", ""votes"": 264, ""votes_pct"": 97.060000, ""party"": ""R"" }, { ""name"": ""WRITE-IN"", ""votes"": 8, ""votes_pct"": 2.940000, ""party"": ""WI"" } ]"
"070050","1","22",22A,Blue Earth,Good Thunder,0.618184770162102,R,"89.68",-89.68,250.734096796586,"155","[ { ""name"": ""Rich Draheim"", ""votes"": 147, ""votes_pct"": 94.840000, ""party"": ""R"" }, { ""name"": ""WRITE-IN"", ""votes"": 8, ""votes_pct"": 5.160000, ""party"": ""WI"" } ]"
"070055","1","22",22B,Blue Earth,Jamestown Twp,16.6382251672408,R,"98.08",-98.08,18.6918975355816,"311","[ { ""name"": ""Rich Draheim"", ""votes"": 308, ""votes_pct"": 99.040000, ""party"": ""R"" }, { ""name"": ""WRITE-IN"", ""votes"": 3, ""votes_pct"": 0.960000, ""party"": ""WI"" } ]"
"070060","1","15",15B,Blue Earth,Judson Twp P-1,33.2456157470537,R,"19.84",-19.84,7.88073838046507,"262","[ { ""name"": ""Gary Dahms"", ""votes"": 157, ""votes_pct"": 59.920000, ""party"": ""R"" }, { ""name"": ""Anita Gaul"", ""votes"": 105, ""votes_pct"": 40.080000, ""party"": ""DFL"" }, { ""name"": ""WRITE-IN"", ""votes"": 0, ""votes_pct"": 0, ""party"": ""WI"" } ]"
"070062","1","22",22A,Blue Earth,Judson Twp P-2,4.19866757793054,R,"100.00",-100,6.19244070110809,"26","[ { ""name"": ""Rich Draheim"", ""votes"": 26, ""votes_pct"": 100, ""party"": ""R"" }, { ""name"": ""WRITE-IN"", ""votes"": 0, ""votes_pct"": 0, ""party"": ""WI"" } ]"
"070065","1","22",22A,Blue Earth,Lake Crystal,1.72969555734905,R,"86.92",-86.92,468.29050150387,"810","[ { ""name"": ""Rich Draheim"", ""votes"": 757, ""votes_pct"": 93.460000, ""party"": ""R"" }, { ""name"": ""WRITE-IN"", ""votes"": 53, ""votes_pct"": 6.540000, ""party"": ""WI"" } ]"
"070070","1","22",22B,Blue Earth,Le Ray Twp,34.5467551389246,R,"97.44",-97.44,9.03123893243631,"312","[ { ""name"": ""Rich Draheim"", ""votes"": 308, ""votes_pct"": 98.720000, ""party"": ""R"" }, { ""name"": ""WRITE-IN"", ""votes"": 4, ""votes_pct"": 1.280000, ""party"": ""WI"" } ]"
"070075","1","18",18A,Blue Earth,Lime Twp,16.5539111695472,R,"20.40",-20.4,29.9022989147489,"495","[ { ""name"": ""Mark Wright"", ""votes"": 298, ""votes_pct"": 60.200000, ""party"": ""R"" }, { ""name"": ""Nick Frentz"", ""votes"": 197, ""votes_pct"": 39.800000, ""party"": ""DFL"" }, { ""name"": ""WRITE-IN"", ""votes"": 0, ""votes_pct"": 0, ""party"": ""WI"" } ]"
"070080","1","22",22A,Blue Earth,Lincoln Twp,35.8613906793843,R,"100.00",-100,2.20292628097702,"79","[ { ""name"": ""Rich Draheim"", ""votes"": 79, ""votes_pct"": 100, ""party"": ""R"" }, { ""name"": ""WRITE-IN"", ""votes"": 0, ""votes_pct"": 0, ""party"": ""WI"" } ]"
"070085","1","22",22A,Blue Earth,Lyra Twp,35.2770088324926,R,"95.24",-95.24,3.57173139588709,"126","[ { ""name"": ""Rich Draheim"", ""votes"": 123, ""votes_pct"": 97.620000, ""party"": ""R"" }, { ""name"": ""WRITE-IN"", ""votes"": 3, ""votes_pct"": 2.380000, ""party"": ""WI"" } ]"
"070090","1","22",22B,Blue Earth,McPherson Twp,35.2707613429486,R,"94.18",-94.18,5.84053170831778,"206","[ { ""name"": ""Rich Draheim"", ""votes"": 200, ""votes_pct"": 97.090000, ""party"": ""R"" }, { ""name"": ""WRITE-IN"", ""votes"": 6, ""votes_pct"": 2.910000, ""party"": ""WI"" } ]"
"070095","1","22",22B,Blue Earth,Madison Lake,1.40550173213007,R,"92.94",-92.94,342.226543734695,"481","[ { ""name"": ""Rich Draheim"", ""votes"": 464, ""votes_pct"": 96.470000, ""party"": ""R"" }, { ""name"": ""WRITE-IN"", ""votes"": 17, ""votes_pct"": 3.530000, ""party"": ""WI"" } ]"
"070100","1","18",18B,Blue Earth,Mankato W-1 P-1,1.30951899307429,DFL,"20.13",20.13,1031.67652179548,"1351","[ { ""name"": ""Nick Frentz"", ""votes"": 811, ""votes_pct"": 60.030000, ""party"": ""DFL"" }, { ""name"": ""Mark Wright"", ""votes"": 539, ""votes_pct"": 39.900000, ""party"": ""R"" }, { ""name"": ""WRITE-IN"", ""votes"": 1, ""votes_pct"": 0.070000, ""party"": ""WI"" } ]"
"070105","1","18",18B,Blue Earth,Mankato W-1 P-2,1.60684758151761,DFL,"20.61",20.61,730.623124124319,"1174","[ { ""name"": ""Nick Frentz"", ""votes"": 707, ""votes_pct"": 60.220000, ""party"": ""DFL"" }, { ""name"": ""Mark Wright"", ""votes"": 465, ""votes_pct"": 39.610000, ""party"": ""R"" }, { ""name"": ""WRITE-IN"", ""votes"": 2, ""votes_pct"": 0.170000, ""party"": ""WI"" } ]"
"070106","1","18",18B,Blue Earth,Mankato W-1 P-3,0.873346472617905,DFL,"19.40",19.4,1339.67450110935,"1170","[ { ""name"": ""Nick Frentz"", ""votes"": 698, ""votes_pct"": 59.660000, ""party"": ""DFL"" }, { ""name"": ""Mark Wright"", ""votes"": 471, ""votes_pct"": 40.260000, ""party"": ""R"" }, { ""name"": ""WRITE-IN"", ""votes"": 1, ""votes_pct"": 0.090000, ""party"": ""WI"" } ]"
"070110","1","18",18B,Blue Earth,Mankato W-2 P-4,0.997692986761614,DFL,"35.96",35.96,420.97118609931,"420","[ { ""name"": ""Nick Frentz"", ""votes"": 285, ""votes_pct"": 67.860000, ""party"": ""DFL"" }, { ""name"": ""Mark Wright"", ""votes"": 134, ""votes_pct"": 31.900000, ""party"": ""R"" }, { ""name"": ""WRITE-IN"", ""votes"": 1, ""votes_pct"": 0.240000, ""party"": ""WI"" } ]"
"070115","1","18",18A,Blue Earth,Mankato W-2 P-5,4.31826091420581,DFL,"8.26",8.26,341.804265495953,"1476","[ { ""name"": ""Nick Frentz"", ""votes"": 798, ""votes_pct"": 54.060000, ""party"": ""DFL"" }, { ""name"": ""Mark Wright"", ""votes"": 676, ""votes_pct"": 45.800000, ""party"": ""R"" }, { ""name"": ""WRITE-IN"", ""votes"": 2, ""votes_pct"": 0.140000, ""party"": ""WI"" } ]"
"070120","1","18",18B,Blue Earth,Mankato W-2 P-6,1.28517066229523,DFL,"35.21",35.21,1060.55953500041,"1363","[ { ""name"": ""Nick Frentz"", ""votes"": 921, ""votes_pct"": 67.570000, ""party"": ""DFL"" }, { ""name"": ""Mark Wright"", ""votes"": 441, ""votes_pct"": 32.360000, ""party"": ""R"" }, { ""name"": ""WRITE-IN"", ""votes"": 1, ""votes_pct"": 0.070000, ""party"": ""WI"" } ]"
"070125","1","18",18A,Blue Earth,Mankato W-2 P-7,2.83404957199007,DFL,"22.74",22.74,97.7399981770576,"277","[ { ""name"": ""Nick Frentz"", ""votes"": 170, ""votes_pct"": 61.370000, ""party"": ""DFL"" }, { ""name"": ""Mark Wright"", ""votes"": 107, ""votes_pct"": 38.630000, ""party"": ""R"" }, { ""name"": ""WRITE-IN"", ""votes"": 0, ""votes_pct"": 0, ""party"": ""WI"" } ]"
"070130","1","18",18B,Blue Earth,Mankato W-5 P-8,0.60619458708666,DFL,"16.80",16.8,1217.43086415006,"738","[ { ""name"": ""Nick Frentz"", ""votes"": 431, ""votes_pct"": 58.400000, ""party"": ""DFL"" }, { ""name"": ""Mark Wright"", ""votes"": 307, ""votes_pct"": 41.600000, ""party"": ""R"" }, { ""name"": ""WRITE-IN"", ""votes"": 0, ""votes_pct"": 0, ""party"": ""WI"" } ]"
"070135","1","18",18B,Blue Earth,Mankato W-5 P-9,0.421714973222829,DFL,"26.52",26.52,1055.21508188154,"445","[ { ""name"": ""Nick Frentz"", ""votes"": 281, ""votes_pct"": 63.150000, ""party"": ""DFL"" }, { ""name"": ""Mark Wright"", ""votes"": 163, ""votes_pct"": 36.630000, ""party"": ""R"" }, { ""name"": ""WRITE-IN"", ""votes"": 1, ""votes_pct"": 0.220000, ""party"": ""WI"" } ]"
"070140","1","18",18B,Blue Earth,Mankato W-5 P-10,1.38623359807776,DFL,"21.64",21.64,986.846662710353,"1368","[ { ""name"": ""Nick Frentz"", ""votes"": 831, ""votes_pct"": 60.750000, ""party"": ""DFL"" }, { ""name"": ""Mark Wright"", ""votes"": 535, ""votes_pct"": 39.110000, ""party"": ""R"" }, { ""name"": ""WRITE-IN"", ""votes"": 2, ""votes_pct"": 0.150000, ""party"": ""WI"" } ]"
"070145","1","18",18B,Blue Earth,Mankato W-3 P-11,0.207173299520702,DFL,"23.72",23.72,1974.19262494842,"409","[ { ""name"": ""Nick Frentz"", ""votes"": 253, ""votes_pct"": 61.860000, ""party"": ""DFL"" }, { ""name"": ""Mark Wright"", ""votes"": 156, ""votes_pct"": 38.140000, ""party"": ""R"" }, { ""name"": ""WRITE-IN"", ""votes"": 0, ""votes_pct"": 0, ""party"": ""WI"" } ]"
"070150","1","18",18B,Blue Earth,Mankato W-3 P-12,0.749987857030698,DFL,"32.48",32.48,1362.68872944988,"1022","[ { ""name"": ""Nick Frentz"", ""votes"": 676, ""votes_pct"": 66.140000, ""party"": ""DFL"" }, { ""name"": ""Mark Wright"", ""votes"": 344, ""votes_pct"": 33.660000, ""party"": ""R"" }, { ""name"": ""WRITE-IN"", ""votes"": 2, ""votes_pct"": 0.200000, ""party"": ""WI"" } ]"
"070155","1","18",18B,Blue Earth,Mankato W-3 P-13,0.338823063897061,DFL,"39.61",39.61,1818.05805341265,"616","[ { ""name"": ""Nick Frentz"", ""votes"": 427, ""votes_pct"": 69.320000, ""party"": ""DFL"" }, { ""name"": ""Mark Wright"", ""votes"": 183, ""votes_pct"": 29.710000, ""party"": ""R"" }, { ""name"": ""WRITE-IN"", ""votes"": 6, ""votes_pct"": 0.970000, ""party"": ""WI"" } ]"
"070160","1","18",18B,Blue Earth,Mankato W-4 P-14,0.45058987114713,DFL,"46.21",46.21,1815.39810896659,"818","[ { ""name"": ""Nick Frentz"", ""votes"": 597, ""votes_pct"": 72.980000, ""party"": ""DFL"" }, { ""name"": ""Mark Wright"", ""votes"": 219, ""votes_pct"": 26.770000, ""party"": ""R"" }, { ""name"": ""WRITE-IN"", ""votes"": 2, ""votes_pct"": 0.240000, ""party"": ""WI"" } ]"
"070165","1","18",18B,Blue Earth,Mankato W-4 P-15,0.315931164190914,DFL,"50.22",50.22,2142.87185543651,"677","[ { ""name"": ""Nick Frentz"", ""votes"": 508, ""votes_pct"": 75.040000, ""party"": ""DFL"" }, { ""name"": ""Mark Wright"", ""votes"": 168, ""votes_pct"": 24.820000, ""party"": ""R"" }, { ""name"": ""WRITE-IN"", ""votes"": 1, ""votes_pct"": 0.150000, ""party"": ""WI"" } ]"
"070170","1","18",18B,Blue Earth,Mankato W-4 P-16,0.845981718577281,DFL,"36.42",36.42,1197.42540264771,"1013","[ { ""name"": ""Nick Frentz"", ""votes"": 691, ""votes_pct"": 68.210000, ""party"": ""DFL"" }, { ""name"": ""Mark Wright"", ""votes"": 322, ""votes_pct"": 31.790000, ""party"": ""R"" }, { ""name"": ""WRITE-IN"", ""votes"": 0, ""votes_pct"": 0, ""party"": ""WI"" } ]"
"070175","1","18",18A,Blue Earth,Mankato W-4 P-17,1.12659072025757,DFL,"27.68",27.68,545.007152073488,"614","[ { ""name"": ""Nick Frentz"", ""votes"": 392, ""votes_pct"": 63.840000, ""party"": ""DFL"" }, { ""name"": ""Mark Wright"", ""votes"": 222, ""votes_pct"": 36.160000, ""party"": ""R"" }, { ""name"": ""WRITE-IN"", ""votes"": 0, ""votes_pct"": 0, ""party"": ""WI"" } ]"
"070180","1","18",18A,Blue Earth,Mankato Twp P-1,3.97998180889452,R,"13.64",-13.64,33.1659807351392,"132","[ { ""name"": ""Mark Wright"", ""votes"": 75, ""votes_pct"": 56.820000, ""party"": ""R"" }, { ""name"": ""Nick Frentz"", ""votes"": 57, ""votes_pct"": 43.180000, ""party"": ""DFL"" }, { ""name"": ""WRITE-IN"", ""votes"": 0, ""votes_pct"": 0, ""party"": ""WI"" } ]"
"070185","1","18",18B,Blue Earth,Mankato Twp P-2,4.68242207927208,R,"33.34",-33.34,12.1731870888626,"57","[ { ""name"": ""Mark Wright"", ""votes"": 38, ""votes_pct"": 66.670000, ""party"": ""R"" }, { ""name"": ""Nick Frentz"", ""votes"": 19, ""votes_pct"": 33.330000, ""party"": ""DFL"" }, { ""name"": ""WRITE-IN"", ""votes"": 0, ""votes_pct"": 0, ""party"": ""WI"" } ]"
"070190","1","18",18B,Blue Earth,Mankato Twp P-3,1.92071878044918,DFL,"17.96",17.96,153.588335264265,"295","[ { ""name"": ""Nick Frentz"", ""votes"": 174, ""votes_pct"": 58.980000, ""party"": ""DFL"" }, { ""name"": ""Mark Wright"", ""votes"": 121, ""votes_pct"": 41.020000, ""party"": ""R"" }, { ""name"": ""WRITE-IN"", ""votes"": 0, ""votes_pct"": 0, ""party"": ""WI"" } ]"
"070195","1","22",22B,Blue Earth,Mankato Twp P-4,14.4785269801844,R,"86.78",-86.78,26.1076282495683,"378","[ { ""name"": ""Rich Draheim"", ""votes"": 353, ""votes_pct"": 93.390000, ""party"": ""R"" }, { ""name"": ""WRITE-IN"", ""votes"": 25, ""votes_pct"": 6.610000, ""party"": ""WI"" } ]"
"070200","1","22",22A,Blue Earth,Mapleton,1.45762737126306,R,"95.02",-95.02,358.802263397956,"523","[ { ""name"": ""Rich Draheim"", ""votes"": 510, ""votes_pct"": 97.510000, ""party"": ""R"" }, { ""name"": ""WRITE-IN"", ""votes"": 13, ""votes_pct"": 2.490000, ""party"": ""WI"" } ]"
"070205","1","22",22A,Blue Earth,Mapleton Twp,34.4663536584381,R,"98.20",-98.2,3.22053214854147,"111","[ { ""name"": ""Rich Draheim"", ""votes"": 110, ""votes_pct"": 99.100000, ""party"": ""R"" }, { ""name"": ""WRITE-IN"", ""votes"": 1, ""votes_pct"": 0.900000, ""party"": ""WI"" } ]"
"070210","1","22",22A,Blue Earth,Medo Twp,35.7904234201972,R,"96.82",-96.82,3.52049481283577,"126","[ { ""name"": ""Rich Draheim"", ""votes"": 124, ""votes_pct"": 98.410000, ""party"": ""R"" }, { ""name"": ""WRITE-IN"", ""votes"": 2, ""votes_pct"": 1.590000, ""party"": ""WI"" } ]"
"070212","1","22",22A,Blue Earth,Minnesota Lake,0.0763633202786883,R,"100.00",-100,26.1905845987444,"2","[ { ""name"": ""Rich Draheim"", ""votes"": 2, ""votes_pct"": 100, ""party"": ""R"" }, { ""name"": ""WRITE-IN"", ""votes"": 0, ""votes_pct"": 0, ""party"": ""WI"" } ]"
"070213","1","18",18A,Blue Earth,North Mankato,0.00121682724415996,even,"0.00",0,0,"0","[ { ""name"": ""Mark Wright"", ""votes"": 0, ""votes_pct"": 0, ""party"": ""R"" }, { ""name"": ""Nick Frentz"", ""votes"": 0, ""votes_pct"": 0, ""party"": ""DFL"" }, { ""name"": ""WRITE-IN"", ""votes"": 0, ""votes_pct"": 0, ""party"": ""WI"" } ]"
"070215","1","22",22A,Blue Earth,Pemberton,0.188285064343319,R,"89.04",-89.04,387.709987802813,"73","[ { ""name"": ""Rich Draheim"", ""votes"": 69, ""votes_pct"": 94.520000, ""party"": ""R"" }, { ""name"": ""WRITE-IN"", ""votes"": 4, ""votes_pct"": 5.480000, ""party"": ""WI"" } ]"
"070220","1","22",22A,Blue Earth,Pleasant Mound Twp,35.9201227467911,R,"97.84",-97.84,2.5890780122211,"93","[ { ""name"": ""Rich Draheim"", ""votes"": 92, ""votes_pct"": 98.920000, ""party"": ""R"" }, { ""name"": ""WRITE-IN"", ""votes"": 1, ""votes_pct"": 1.080000, ""party"": ""WI"" } ]"
"070225","1","22",22A,Blue Earth,Rapidan Twp,35.6340600036264,R,"88.98",-88.98,12.7406195071176,"454","[ { ""name"": ""Rich Draheim"", ""votes"": 429, ""votes_pct"": 94.490000, ""party"": ""R"" }, { ""name"": ""WRITE-IN"", ""votes"": 25, ""votes_pct"": 5.510000, ""party"": ""WI"" } ]"
"070230","1","22",22B,Blue Earth,Saint Clair,0.597980396354913,R,"91.58",-91.58,476.6042528104,"285","[ { ""name"": ""Rich Draheim"", ""votes"": 273, ""votes_pct"": 95.790000, ""party"": ""R"" }, { ""name"": ""WRITE-IN"", ""votes"": 12, ""votes_pct"": 4.210000, ""party"": ""WI"" } ]"
"070235","1","22",22A,Blue Earth,Shelby Twp,35.7570717033945,R,"94.34",-94.34,2.96444856780421,"106","[ { ""name"": ""Rich Draheim"", ""votes"": 103, ""votes_pct"": 97.170000, ""party"": ""R"" }, { ""name"": ""WRITE-IN"", ""votes"": 3, ""votes_pct"": 2.830000, ""party"": ""WI"" } ]"
"070240","1","18",18B,Blue Earth,Skyline,0.191648786096968,DFL,"18.23",18.23,887.039273569859,"170","[ { ""name"": ""Nick Frentz"", ""votes"": 100, ""votes_pct"": 58.820000, ""party"": ""DFL"" }, { ""name"": ""Mark Wright"", ""votes"": 69, ""votes_pct"": 40.590000, ""party"": ""R"" }, { ""name"": ""WRITE-IN"", ""votes"": 1, ""votes_pct"": 0.590000, ""party"": ""WI"" } ]"
"070245","1","22",22A,Blue Earth,South Bend Twp,16.6940307542537,R,"91.66",-91.66,27.3151527460682,"456","[ { ""name"": ""Rich Draheim"", ""votes"": 437, ""votes_pct"": 95.830000, ""party"": ""R"" }, { ""name"": ""WRITE-IN"", ""votes"": 19, ""votes_pct"": 4.170000, ""party"": ""WI"" } ]"
"070250","1","22",22A,Blue Earth,Sterling Twp,35.9962572302319,R,"92.60",-92.6,3.00031192991073,"108","[ { ""name"": ""Rich Draheim"", ""votes"": 104, ""votes_pct"": 96.300000, ""party"": ""R"" }, { ""name"": ""WRITE-IN"", ""votes"": 4, ""votes_pct"": 3.700000, ""party"": ""WI"" } ]"
"070255","1","22",22A,Blue Earth,Vernon Center,0.469396558460115,R,"95.74",-95.74,200.257113747005,"94","[ { ""name"": ""Rich Draheim"", ""votes"": 92, ""votes_pct"": 97.870000, ""party"": ""R"" }, { ""name"": ""WRITE-IN"", ""votes"": 2, ""votes_pct"": 2.130000, ""party"": ""WI"" } ]"
"070260","1","22",22A,Blue Earth,Vernon Center Twp,35.5517095833128,R,"84.78",-84.78,2.58777991489846,"92","[ { ""name"": ""Rich Draheim"", ""votes"": 85, ""votes_pct"": 92.390000, ""party"": ""R"" }, { ""name"": ""WRITE-IN"", ""votes"": 7, ""votes_pct"": 7.610000, ""party"": ""WI"" } ]"
"080005","1","15",15B,Brown,Albin Twp,35.5327231380135,R,"72.36",-72.36,4.27774700547473,"152","[ { ""name"": ""Gary Dahms"", ""votes"": 131, ""votes_pct"": 86.180000, ""party"": ""R"" }, { ""name"": ""Anita Gaul"", ""votes"": 21, ""votes_pct"": 13.820000, ""party"": ""DFL"" }, { ""name"": ""WRITE-IN"", ""votes"": 0, ""votes_pct"": 0, ""party"": ""WI"" } ]"
"080010","7","15",15B,Brown,Bashaw Twp,35.7394804395958,R,"69.24",-69.24,3.2736905674313,"117","[ { ""name"": ""Gary Dahms"", ""votes"": 99, ""votes_pct"": 84.620000, ""party"": ""R"" }, { ""name"": ""Anita Gaul"", ""votes"": 18, ""votes_pct"": 15.380000, ""party"": ""DFL"" }, { ""name"": ""WRITE-IN"", ""votes"": 0, ""votes_pct"": 0, ""party"": ""WI"" } ]"
"080015","7","15",15B,Brown,Burnstown Twp,34.8195037333958,R,"89.78",-89.78,3.93457646751587,"137","[ { ""name"": ""Gary Dahms"", ""votes"": 130, ""votes_pct"": 94.890000, ""party"": ""R"" }, { ""name"": ""Anita Gaul"", ""votes"": 7, ""votes_pct"": 5.110000, ""party"": ""DFL"" }, { ""name"": ""WRITE-IN"", ""votes"": 0, ""votes_pct"": 0, ""party"": ""WI"" } ]"
"080020","7","15",15B,Brown,Cobden,0.99248028238359,R,"7.70",-7.7,13.0984969986291,"13","[ { ""name"": ""Gary Dahms"", ""votes"": 7, ""votes_pct"": 53.850000, ""party"": ""R"" }, { ""name"": ""Anita Gaul"", ""votes"": 6, ""votes_pct"": 46.150000, ""party"": ""DFL"" }, { ""name"": ""WRITE-IN"", ""votes"": 0, ""votes_pct"": 0, ""party"": ""WI"" } ]"
"080025","7","15",15B,Brown,Comfrey,0.401505333529014,R,"69.54",-69.54,376.084667849346,"151","[ { ""name"": ""Gary Dahms"", ""votes"": 128, ""votes_pct"": 84.770000, ""party"": ""R"" }, { ""name"": ""Anita Gaul"", ""votes"": 23, ""votes_pct"": 15.230000, ""party"": ""DFL"" }, { ""name"": ""WRITE-IN"", ""votes"": 0, ""votes_pct"": 0, ""party"": ""WI"" } ]"
"080030","1","15",15B,Brown,Cottonwood Twp,34.6979871784646,R,"59.82",-59.82,13.3437135018415,"463","[ { ""name"": ""Gary Dahms"", ""votes"": 370, ""votes_pct"": 79.910000, ""party"": ""R"" }, { ""name"": ""Anita Gaul"", ""votes"": 93, ""votes_pct"": 20.090000, ""party"": ""DFL"" }, { ""name"": ""WRITE-IN"", ""votes"": 0, ""votes_pct"": 0, ""party"": ""WI"" } ]"
"080035","1","15",15B,Brown,Eden Twp,41.3831590982667,R,"76.00",-76,3.02055238709979,"125","[ { ""name"": ""Gary Dahms"", ""votes"": 110, ""votes_pct"": 88, ""party"": ""R"" }, { ""name"": ""Anita Gaul"", ""votes"": 15, ""votes_pct"": 12, ""party"": ""DFL"" }, { ""name"": ""WRITE-IN"", ""votes"": 0, ""votes_pct"": 0, ""party"": ""WI"" } ]"
"080040","1","15",15B,Brown,Evan,1.03231161890743,R,"20.00",-20,24.217493576658,"25","[ { ""name"": ""Gary Dahms"", ""votes"": 15, ""votes_pct"": 60, ""party"": ""R"" }, { ""name"": ""Anita Gaul"", ""votes"": 10, ""votes_pct"": 40, ""party"": ""DFL"" }, { ""name"": ""WRITE-IN"", ""votes"": 0, ""votes_pct"": 0, ""party"": ""WI"" } ]"
"080045","1","15",15B,Brown,Hanska,0.243066870463388,R,"19.68",-19.68,522.489962362556,"127","[ { ""name"": ""Gary Dahms"", ""votes"": 76, ""votes_pct"": 59.840000, ""party"": ""R"" }, { ""name"": ""Anita Gaul"", ""votes"": 51, ""votes_pct"": 40.160000, ""party"": ""DFL"" }, { ""name"": ""WRITE-IN"", ""votes"": 0, ""votes_pct"": 0, ""party"": ""WI"" } ]"
"080050","1","15",15B,Brown,Home Twp,52.3695571261434,R,"82.42",-82.42,5.21295223754557,"273","[ { ""name"": ""Gary Dahms"", ""votes"": 249, ""votes_pct"": 91.210000, ""party"": ""R"" }, { ""name"": ""Anita Gaul"", ""votes"": 24, ""votes_pct"": 8.790000, ""party"": ""DFL"" }, { ""name"": ""WRITE-IN"", ""votes"": 0, ""votes_pct"": 0, ""party"": ""WI"" } ]"
"080055","1","15",15B,Brown,Lake Hanska Twp,38.7094565322036,R,"33.72",-33.72,4.36585824601809,"169","[ { ""name"": ""Gary Dahms"", ""votes"": 113, ""votes_pct"": 66.860000, ""party"": ""R"" }, { ""name"": ""Anita Gaul"", ""votes"": 56, ""votes_pct"": 33.140000, ""party"": ""DFL"" }, { ""name"": ""WRITE-IN"", ""votes"": 0, ""votes_pct"": 0, ""party"": ""WI"" } ]"
"080060","7","15",15B,Brown,Leavenworth Twp,35.3455348020746,R,"80.96",-80.96,4.15894117384727,"147","[ { ""name"": ""Gary Dahms"", ""votes"": 133, ""votes_pct"": 90.480000, ""party"": ""R"" }, { ""name"": ""Anita Gaul"", ""votes"": 14, ""votes_pct"": 9.520000, ""party"": ""DFL"" }, { ""name"": ""WRITE-IN"", ""votes"": 0, ""votes_pct"": 0, ""party"": ""WI"" } ]"
"080065","1","15",15B,Brown,Linden Twp,35.9932005914352,R,"48.48",-48.48,3.66735932984548,"132","[ { ""name"": ""Gary Dahms"", ""votes"": 98, ""votes_pct"": 74.240000, ""party"": ""R"" }, { ""name"": ""Anita Gaul"", ""votes"": 34, ""votes_pct"": 25.760000, ""party"": ""DFL"" }, { ""name"": ""WRITE-IN"", ""votes"": 0, ""votes_pct"": 0, ""party"": ""WI"" } ]"
"080070","1","15",15B,Brown,Milford Twp,38.6556083238897,R,"57.98",-57.98,10.218439629519,"395","[ { ""name"": ""Gary Dahms"", ""votes"": 312, ""votes_pct"": 78.990000, ""party"": ""R"" }, { ""name"": ""Anita Gaul"", ""votes"": 83, ""votes_pct"": 21.010000, ""party"": ""DFL"" }, { ""name"": ""WRITE-IN"", ""votes"": 0, ""votes_pct"": 0, ""party"": ""WI"" } ]"
"080075","7","15",15B,Brown,Mulligan Twp,36.2602253851824,R,"51.52",-51.52,2.73026433091219,"99","[ { ""name"": ""Gary Dahms"", ""votes"": 75, ""votes_pct"": 75.760000, ""party"": ""R"" }, { ""name"": ""Anita Gaul"", ""votes"": 24, ""votes_pct"": 24.240000, ""party"": ""DFL"" }, { ""name"": ""WRITE-IN"", ""votes"": 0, ""votes_pct"": 0, ""party"": ""WI"" } ]"
"080080","1","15",15B,Brown,New Ulm W-1 P-1,1.60414748293972,R,"24.85",-24.85,406.446419007037,"652","[ { ""name"": ""Gary Dahms"", ""votes"": 406, ""votes_pct"": 62.270000, ""party"": ""R"" }, { ""name"": ""Anita Gaul"", ""votes"": 244, ""votes_pct"": 37.420000, ""party"": ""DFL"" }, { ""name"": ""WRITE-IN"", ""votes"": 2, ""votes_pct"": 0.310000, ""party"": ""WI"" } ]"
"080085","1","15",15B,Brown,New Ulm W-1 P-2,0.403069660308315,R,"8.38",-8.38,1895.45400022319,"764","[ { ""name"": ""Gary Dahms"", ""votes"": 413, ""votes_pct"": 54.060000, ""party"": ""R"" }, { ""name"": ""Anita Gaul"", ""votes"": 349, ""votes_pct"": 45.680000, ""party"": ""DFL"" }, { ""name"": ""WRITE-IN"", ""votes"": 2, ""votes_pct"": 0.260000, ""party"": ""WI"" } ]"
"080090","1","15",15B,Brown,New Ulm W-2 P-1,0.455448915152946,R,"21.44",-21.44,1648.92257949018,"751","[ { ""name"": ""Gary Dahms"", ""votes"": 456, ""votes_pct"": 60.720000, ""party"": ""R"" }, { ""name"": ""Anita Gaul"", ""votes"": 295, ""votes_pct"": 39.280000, ""party"": ""DFL"" }, { ""name"": ""WRITE-IN"", ""votes"": 0, ""votes_pct"": 0, ""party"": ""WI"" } ]"
"080095","1","15",15B,Brown,New Ulm W-2 P-2,2.54983600357844,R,"28.70",-28.7,262.36981478853,"669","[ { ""name"": ""Gary Dahms"", ""votes"": 430, ""votes_pct"": 64.280000, ""party"": ""R"" }, { ""name"": ""Anita Gaul"", ""votes"": 238, ""votes_pct"": 35.580000, ""party"": ""DFL"" }, { ""name"": ""WRITE-IN"", ""votes"": 1, ""votes_pct"": 0.150000, ""party"": ""WI"" } ]"
"080100","1","15",15B,Brown,New Ulm W-3 P-1,2.19833351282645,R,"33.48",-33.48,407.581467858346,"896","[ { ""name"": ""Gary Dahms"", ""votes"": 598, ""votes_pct"": 66.740000, ""party"": ""R"" }, { ""name"": ""Anita Gaul"", ""votes"": 298, ""votes_pct"": 33.260000, ""party"": ""DFL"" }, { ""name"": ""WRITE-IN"", ""votes"": 0, ""votes_pct"": 0, ""party"": ""WI"" } ]"
"080105","1","15",15B,Brown,New Ulm W-3 P-2,0.49875678243963,R,"24.36",-24.36,1670.15272639591,"833","[ { ""name"": ""Gary Dahms"", ""votes"": 518, ""votes_pct"": 62.180000, ""party"": ""R"" }, { ""name"": ""Anita Gaul"", ""votes"": 315, ""votes_pct"": 37.820000, ""party"": ""DFL"" }, { ""name"": ""WRITE-IN"", ""votes"": 0, ""votes_pct"": 0, ""party"": ""WI"" } ]"
"080110","1","15",15B,Brown,New Ulm W-4 P-1,0.627975045391122,R,"34.40",-34.4,1393.36746965005,"875","[ { ""name"": ""Gary Dahms"", ""votes"": 587, ""votes_pct"": 67.090000, ""party"": ""R"" }, { ""name"": ""Anita Gaul"", ""votes"": 286, ""votes_pct"": 32.690000, ""party"": ""DFL"" }, { ""name"": ""WRITE-IN"", ""votes"": 2, ""votes_pct"": 0.230000, ""party"": ""WI"" } ]"
"080115","1","15",15B,Brown,New Ulm W-4 P-2,2.10207355479693,R,"18.04",-18.04,340.140333514196,"715","[ { ""name"": ""Gary Dahms"", ""votes"": 422, ""votes_pct"": 59.020000, ""party"": ""R"" }, { ""name"": ""Anita Gaul"", ""votes"": 293, ""votes_pct"": 40.980000, ""party"": ""DFL"" }, { ""name"": ""WRITE-IN"", ""votes"": 0, ""votes_pct"": 0, ""party"": ""WI"" } ]"
"080120","7","15",15B,Brown,North Star Twp,35.401995927737,R,"74.66",-74.66,4.23704924169196,"150","[ { ""name"": ""Gary Dahms"", ""votes"": 131, ""votes_pct"": 87.330000, ""party"": ""R"" }, { ""name"": ""Anita Gaul"", ""votes"": 19, ""votes_pct"": 12.670000, ""party"": ""DFL"" }, { ""name"": ""WRITE-IN"", ""votes"": 0, ""votes_pct"": 0, ""party"": ""WI"" } ]"
"080125","1","15",15B,Brown,Prairieville Twp P-1,19.0243668037995,R,"91.78",-91.78,3.83718421500476,"73","[ { ""name"": ""Gary Dahms"", ""votes"": 70, ""votes_pct"": 95.890000, ""party"": ""R"" }, { ""name"": ""Anita Gaul"", ""votes"": 3, ""votes_pct"": 4.110000, ""party"": ""DFL"" }, { ""name"": ""WRITE-IN"", ""votes"": 0, ""votes_pct"": 0, ""party"": ""WI"" } ]"
"080127","7","15",15B,Brown,Prairieville Twp P-7,15.2206229222962,R,"87.30",-87.3,4.13912100192123,"63","[ { ""name"": ""Gary Dahms"", ""votes"": 59, ""votes_pct"": 93.650000, ""party"": ""R"" }, { ""name"": ""Anita Gaul"", ""votes"": 4, ""votes_pct"": 6.350000, ""party"": ""DFL"" }, { ""name"": ""WRITE-IN"", ""votes"": 0, ""votes_pct"": 0, ""party"": ""WI"" } ]"
"080130","1","15",15B,Brown,Sigel Twp,39.6416061108639,R,"53.60",-53.6,4.8938481316183,"194","[ { ""name"": ""Gary Dahms"", ""votes"": 149, ""votes_pct"": 76.800000, ""party"": ""R"" }, { ""name"": ""Anita Gaul"", ""votes"": 45, ""votes_pct"": 23.200000, ""party"": ""DFL"" }, { ""name"": ""WRITE-IN"", ""votes"": 0, ""votes_pct"": 0, ""party"": ""WI"" } ]"
"080135","1","15",15B,Brown,Sleepy Eye W-1,1.06301376033653,R,"52.46",-52.46,478.827291792405,"509","[ { ""name"": ""Gary Dahms"", ""votes"": 388, ""votes_pct"": 76.230000, ""party"": ""R"" }, { ""name"": ""Anita Gaul"", ""votes"": 121, ""votes_pct"": 23.770000, ""party"": ""DFL"" }, { ""name"": ""WRITE-IN"", ""votes"": 0, ""votes_pct"": 0, ""party"": ""WI"" } ]"
"080140","1","15",15B,Brown,Sleepy Eye W-2,1.07424002017975,R,"61.64",-61.64,771.708356072307,"829","[ { ""name"": ""Gary Dahms"", ""votes"": 669, ""votes_pct"": 80.700000, ""party"": ""R"" }, { ""name"": ""Anita Gaul"", ""votes"": 158, ""votes_pct"": 19.060000, ""party"": ""DFL"" }, { ""name"": ""WRITE-IN"", ""votes"": 2, ""votes_pct"": 0.240000, ""party"": ""WI"" } ]"
"080145","7","15",15B,Brown,Springfield W-1,0.853510902986313,R,"51.56",-51.56,488.570208700295,"417","[ { ""name"": ""Gary Dahms"", ""votes"": 316, ""votes_pct"": 75.780000, ""party"": ""R"" }, { ""name"": ""Anita Gaul"", ""votes"": 101, ""votes_pct"": 24.220000, ""party"": ""DFL"" }, { ""name"": ""WRITE-IN"", ""votes"": 0, ""votes_pct"": 0, ""party"": ""WI"" } ]"
"080150","7","15",15B,Brown,Springfield W-2,1.01072053317421,R,"55.72",-55.72,424.449673197702,"429","[ { ""name"": ""Gary Dahms"", ""votes"": 334, ""votes_pct"": 77.860000, ""party"": ""R"" }, { ""name"": ""Anita Gaul"", ""votes"": 95, ""votes_pct"": 22.140000, ""party"": ""DFL"" }, { ""name"": ""WRITE-IN"", ""votes"": 0, ""votes_pct"": 0, ""party"": ""WI"" } ]"
"080155","1","15",15B,Brown,Stark Twp,36.1120141872547,R,"86.98",-86.98,4.67988296425865,"169","[ { ""name"": ""Gary Dahms"", ""votes"": 158, ""votes_pct"": 93.490000, ""party"": ""R"" }, { ""name"": ""Anita Gaul"", ""votes"": 11, ""votes_pct"": 6.510000, ""party"": ""DFL"" }, { ""name"": ""WRITE-IN"", ""votes"": 0, ""votes_pct"": 0, ""party"": ""WI"" } ]"
"080160","7","15",15B,Brown,Stately Twp,36.102156358155,R,"58.44",-58.44,2.13283658837754,"77","[ { ""name"": ""Gary Dahms"", ""votes"": 61, ""votes_pct"": 79.220000, ""party"": ""R"" }, { ""name"": ""Anita Gaul"", ""votes"": 16, ""votes_pct"": 20.780000, ""party"": ""DFL"" }, { ""name"": ""WRITE-IN"", ""votes"": 0, ""votes_pct"": 0, ""party"": ""WI"" } ]"
"090005","8","11",11A,Carlton,Atkinson Twp,18.1898612106225,R,"23.08",-23.08,12.8643092594543,"234","[ { ""name"": ""Jason Rarick"", ""votes"": 144, ""votes_pct"": 61.540000, ""party"": ""R"" }, { ""name"": ""Michelle Boyechko"", ""votes"": 90, ""votes_pct"": 38.460000, ""party"": ""DFL"" }, { ""name"": ""WRITE-IN"", ""votes"": 0, ""votes_pct"": 0, ""party"": ""WI"" } ]"
"090010","8","11",11A,Carlton,Automba Twp,36.3185367557899,R,"28.76",-28.76,2.00999287198327,"73","[ { ""name"": ""Jason Rarick"", ""votes"": 46, ""votes_pct"": 63.010000, ""party"": ""R"" }, { ""name"": ""Michelle Boyechko"", ""votes"": 25, ""votes_pct"": 34.250000, ""party"": ""DFL"" }, { ""name"": ""WRITE-IN"", ""votes"": 2, ""votes_pct"": 2.740000, ""party"": ""WI"" } ]"
"090015","8","11",11A,Carlton,Barnum,1.00716133155195,R,"13.04",-13.04,182.691684277108,"184","[ { ""name"": ""Jason Rarick"", ""votes"": 104, ""votes_pct"": 56.520000, ""party"": ""R"" }, { ""name"": ""Michelle Boyechko"", ""votes"": 80, ""votes_pct"": 43.480000, ""party"": ""DFL"" }, { ""name"": ""WRITE-IN"", ""votes"": 0, ""votes_pct"": 0, ""party"": ""WI"" } ]"
"090020","8","11",11A,Carlton,Barnum Twp,46.2112603145622,R,"13.89",-13.89,13.8710780800325,"641","[ { ""name"": ""Jason Rarick"", ""votes"": 364, ""votes_pct"": 56.790000, ""party"": ""R"" }, { ""name"": ""Michelle Boyechko"", ""votes"": 275, ""votes_pct"": 42.900000, ""party"": ""DFL"" }, { ""name"": ""WRITE-IN"", ""votes"": 2, ""votes_pct"": 0.310000, ""party"": ""WI"" } ]"
"090025","8","11",11A,Carlton,Beseman Twp,35.9931798975949,R,"29.62",-29.62,1.50028422477916,"54","[ { ""name"": ""Jason Rarick"", ""votes"": 35, ""votes_pct"": 64.810000, ""party"": ""R"" }, { ""name"": ""Michelle Boyechko"", ""votes"": 19, ""votes_pct"": 35.190000, ""party"": ""DFL"" }, { ""name"": ""WRITE-IN"", ""votes"": 0, ""votes_pct"": 0, ""party"": ""WI"" } ]"
"090030","8","11",11A,Carlton,Blackhoof Twp,36.4322004960642,R,"10.40",-10.4,14.2456396521003,"519","[ { ""name"": ""Jason Rarick"", ""votes"": 284, ""votes_pct"": 54.720000, ""party"": ""R"" }, { ""name"": ""Michelle Boyechko"", ""votes"": 230, ""votes_pct"": 44.320000, ""party"": ""DFL"" }, { ""name"": ""WRITE-IN"", ""votes"": 5, ""votes_pct"": 0.960000, ""party"": ""WI"" } ]"
"090035","8","11",11A,Carlton,Carlton P-1,3.9708374469192,DFL,"17.78",17.78,109.045007706358,"433","[ { ""name"": ""Michelle Boyechko"", ""votes"": 255, ""votes_pct"": 58.890000, ""party"": ""DFL"" }, { ""name"": ""Jason Rarick"", ""votes"": 178, ""votes_pct"": 41.110000, ""party"": ""R"" }, { ""name"": ""WRITE-IN"", ""votes"": 0, ""votes_pct"": 0, ""party"": ""WI"" } ]"
"090036","8","11",11A,Carlton,Carlton P-2,0.0435391254971244,even,"0.00",0,0,"0","[ { ""name"": ""Jason Rarick"", ""votes"": 0, ""votes_pct"": 0, ""party"": ""R"" }, { ""name"": ""Michelle Boyechko"", ""votes"": 0, ""votes_pct"": 0, ""party"": ""DFL"" }, { ""name"": ""WRITE-IN"", ""votes"": 0, ""votes_pct"": 0, ""party"": ""WI"" } ]"
"090040","8","11",11A,Carlton,Cloquet W-1,4.40241436881675,DFL,"8.04",8.04,254.405856916423,"1120","[ { ""name"": ""Michelle Boyechko"", ""votes"": 604, ""votes_pct"": 53.930000, ""party"": ""DFL"" }, { ""name"": ""Jason Rarick"", ""votes"": 514, ""votes_pct"": 45.890000, ""party"": ""R"" }, { ""name"": ""WRITE-IN"", ""votes"": 2, ""votes_pct"": 0.180000, ""party"": ""WI"" } ]"
"090045","8","11",11A,Carlton,Cloquet W-2,1.39594025024368,DFL,"15.20",15.2,570.224979085635,"796","[ { ""name"": ""Michelle Boyechko"", ""votes"": 458, ""votes_pct"": 57.540000, ""party"": ""DFL"" }, { ""name"": ""Jason Rarick"", ""votes"": 337, ""votes_pct"": 42.340000, ""party"": ""R"" }, { ""name"": ""WRITE-IN"", ""votes"": 1, ""votes_pct"": 0.130000, ""party"": ""WI"" } ]"
"090050","8","11",11A,Carlton,Cloquet W-3,0.458680635187632,DFL,"5.10",5.1,1750.6734280847,"803","[ { ""name"": ""Michelle Boyechko"", ""votes"": 422, ""votes_pct"": 52.550000, ""party"": ""DFL"" }, { ""name"": ""Jason Rarick"", ""votes"": 381, ""votes_pct"": 47.450000, ""party"": ""R"" }, { ""name"": ""WRITE-IN"", ""votes"": 0, ""votes_pct"": 0, ""party"": ""WI"" } ]"
"090055","8","11",11A,Carlton,Cloquet W-4,8.01358600115502,DFL,"5.88",5.88,118.923038931964,"953","[ { ""name"": ""Michelle Boyechko"", ""votes"": 503, ""votes_pct"": 52.780000, ""party"": ""DFL"" }, { ""name"": ""Jason Rarick"", ""votes"": 447, ""votes_pct"": 46.900000, ""party"": ""R"" }, { ""name"": ""WRITE-IN"", ""votes"": 3, ""votes_pct"": 0.310000, ""party"": ""WI"" } ]"
"090060","8","11",11A,Carlton,Cloquet W-5 P-1,7.28009200897407,R,"2.38",-2.38,121.564397662704,"885","[ { ""name"": ""Jason Rarick"", ""votes"": 453, ""votes_pct"": 51.190000, ""party"": ""R"" }, { ""name"": ""Michelle Boyechko"", ""votes"": 432, ""votes_pct"": 48.810000, ""party"": ""DFL"" }, { ""name"": ""WRITE-IN"", ""votes"": 0, ""votes_pct"": 0, ""party"": ""WI"" } ]"
"090065","8","11",11A,Carlton,Cloquet W-5 P-2,14.4819053315937,DFL,"50.00",50,14.0865442308171,"204","[ { ""name"": ""Michelle Boyechko"", ""votes"": 153, ""votes_pct"": 75, ""party"": ""DFL"" }, { ""name"": ""Jason Rarick"", ""votes"": 51, ""votes_pct"": 25, ""party"": ""R"" }, { ""name"": ""WRITE-IN"", ""votes"": 0, ""votes_pct"": 0, ""party"": ""WI"" } ]"
"090068","8","11",11A,Carlton,Clear Creek Unorg,36.6138649057896,R,"14.28",-14.28,2.29421286761555,"84","[ { ""name"": ""Jason Rarick"", ""votes"": 48, ""votes_pct"": 57.140000, ""party"": ""R"" }, { ""name"": ""Michelle Boyechko"", ""votes"": 36, ""votes_pct"": 42.860000, ""party"": ""DFL"" }, { ""name"": ""WRITE-IN"", ""votes"": 0, ""votes_pct"": 0, ""party"": ""WI"" } ]"
"090070","8","11",11A,Carlton,Corona Unorg,36.4267718149678,R,"17.34",-17.34,2.05892524270247,"75","[ { ""name"": ""Jason Rarick"", ""votes"": 44, ""votes_pct"": 58.670000, ""party"": ""R"" }, { ""name"": ""Michelle Boyechko"", ""votes"": 31, ""votes_pct"": 41.330000, ""party"": ""DFL"" }, { ""name"": ""WRITE-IN"", ""votes"": 0, ""votes_pct"": 0, ""party"": ""WI"" } ]"
"090075","8","11",11A,Carlton,Cromwell,2.02334182620827,DFL,"2.28",2.28,43.4924039330078,"88","[ { ""name"": ""Michelle Boyechko"", ""votes"": 45, ""votes_pct"": 51.140000, ""party"": ""DFL"" }, { ""name"": ""Jason Rarick"", ""votes"": 43, ""votes_pct"": 48.860000, ""party"": ""R"" }, { ""name"": ""WRITE-IN"", ""votes"": 0, ""votes_pct"": 0, ""party"": ""WI"" } ]"
"090080","8","11",11A,Carlton,Eagle Twp,35.6340969842844,R,"19.34",-19.34,8.55921787872199,"305","[ { ""name"": ""Jason Rarick"", ""votes"": 182, ""votes_pct"": 59.670000, ""party"": ""R"" }, { ""name"": ""Michelle Boyechko"", ""votes"": 123, ""votes_pct"": 40.330000, ""party"": ""DFL"" }, { ""name"": ""WRITE-IN"", ""votes"": 0, ""votes_pct"": 0, ""party"": ""WI"" } ]"
"090085","8","11",11A,Carlton,Holyoke Twp,37.9559421592709,R,"32.78",-32.78,3.21425297488502,"122","[ { ""name"": ""Jason Rarick"", ""votes"": 81, ""votes_pct"": 66.390000, ""party"": ""R"" }, { ""name"": ""Michelle Boyechko"", ""votes"": 41, ""votes_pct"": 33.610000, ""party"": ""DFL"" }, { ""name"": ""WRITE-IN"", ""votes"": 0, ""votes_pct"": 0, ""party"": ""WI"" } ]"
"090090","8","11",11A,Carlton,Kalevala Twp,35.7973320082307,R,"26.16",-26.16,3.63155555755133,"130","[ { ""name"": ""Jason Rarick"", ""votes"": 82, ""votes_pct"": 63.080000, ""party"": ""R"" }, { ""name"": ""Michelle Boyechko"", ""votes"": 48, ""votes_pct"": 36.920000, ""party"": ""DFL"" }, { ""name"": ""WRITE-IN"", ""votes"": 0, ""votes_pct"": 0, ""party"": ""WI"" } ]"
"090095","8","11",11A,Carlton,Kettle River,0.385877350282495,DFL,"5.88",5.88,176.221796770964,"68","[ { ""name"": ""Michelle Boyechko"", ""votes"": 36, ""votes_pct"": 52.940000, ""party"": ""DFL"" }, { ""name"": ""Jason Rarick"", ""votes"": 32, ""votes_pct"": 47.060000, ""party"": ""R"" }, { ""name"": ""WRITE-IN"", ""votes"": 0, ""votes_pct"": 0, ""party"": ""WI"" } ]"
"090100","8","11",11A,Carlton,Lakeview Twp,34.3514722777212,R,"13.20",-13.2,3.08574838199138,"106","[ { ""name"": ""Jason Rarick"", ""votes"": 60, ""votes_pct"": 56.600000, ""party"": ""R"" }, { ""name"": ""Michelle Boyechko"", ""votes"": 46, ""votes_pct"": 43.400000, ""party"": ""DFL"" }, { ""name"": ""WRITE-IN"", ""votes"": 0, ""votes_pct"": 0, ""party"": ""WI"" } ]"
"090105","8","11",11A,Carlton,Mahtowa Twp,23.9556728055774,R,"9.73",-9.73,13.7336990144314,"329","[ { ""name"": ""Jason Rarick"", ""votes"": 180, ""votes_pct"": 54.710000, ""party"": ""R"" }, { ""name"": ""Michelle Boyechko"", ""votes"": 148, ""votes_pct"": 44.980000, ""party"": ""DFL"" }, { ""name"": ""WRITE-IN"", ""votes"": 1, ""votes_pct"": 0.300000, ""party"": ""WI"" } ]"
"090110","8","11",11A,Carlton,Moose Lake,3.60096301085192,DFL,"8.54",8.54,165.78898428028,"597","[ { ""name"": ""Michelle Boyechko"", ""votes"": 321, ""votes_pct"": 53.770000, ""party"": ""DFL"" }, { ""name"": ""Jason Rarick"", ""votes"": 270, ""votes_pct"": 45.230000, ""party"": ""R"" }, { ""name"": ""WRITE-IN"", ""votes"": 6, ""votes_pct"": 1, ""party"": ""WI"" } ]"
"090115","8","11",11A,Carlton,Moose Lake Twp,33.1640122419392,R,"16.77",-16.77,14.5639796679727,"483","[ { ""name"": ""Jason Rarick"", ""votes"": 281, ""votes_pct"": 58.180000, ""party"": ""R"" }, { ""name"": ""Michelle Boyechko"", ""votes"": 200, ""votes_pct"": 41.410000, ""party"": ""DFL"" }, { ""name"": ""WRITE-IN"", ""votes"": 2, ""votes_pct"": 0.410000, ""party"": ""WI"" } ]"
"090118","8","11",11A,Carlton,Progress Unorg,37.1402637629037,R,"14.28",-14.28,0.376949396196357,"14","[ { ""name"": ""Jason Rarick"", ""votes"": 8, ""votes_pct"": 57.140000, ""party"": ""R"" }, { ""name"": ""Michelle Boyechko"", ""votes"": 6, ""votes_pct"": 42.860000, ""party"": ""DFL"" }, { ""name"": ""WRITE-IN"", ""votes"": 0, ""votes_pct"": 0, ""party"": ""WI"" } ]"
"090120","8","11",11A,Carlton,Perch Lake Twp,36.5508851908543,DFL,"11.59",11.59,12.038012149432,"440","[ { ""name"": ""Michelle Boyechko"", ""votes"": 245, ""votes_pct"": 55.680000, ""party"": ""DFL"" }, { ""name"": ""Jason Rarick"", ""votes"": 194, ""votes_pct"": 44.090000, ""party"": ""R"" }, { ""name"": ""WRITE-IN"", ""votes"": 1, ""votes_pct"": 0.230000, ""party"": ""WI"" } ]"
"090125","8","11",11A,Carlton,Red Clover Unorg,35.4177010748504,R,"27.14",-27.14,3.95282572700384,"140","[ { ""name"": ""Jason Rarick"", ""votes"": 89, ""votes_pct"": 63.570000, ""party"": ""R"" }, { ""name"": ""Michelle Boyechko"", ""votes"": 51, ""votes_pct"": 36.430000, ""party"": ""DFL"" }, { ""name"": ""WRITE-IN"", ""votes"": 0, ""votes_pct"": 0, ""party"": ""WI"" } ]"
"090130","8","11",11A,Carlton,Sawyer Unorg,18.125565768586,R,"11.84",-11.84,8.3859451307962,"152","[ { ""name"": ""Jason Rarick"", ""votes"": 85, ""votes_pct"": 55.920000, ""party"": ""R"" }, { ""name"": ""Michelle Boyechko"", ""votes"": 67, ""votes_pct"": 44.080000, ""party"": ""DFL"" }, { ""name"": ""WRITE-IN"", ""votes"": 0, ""votes_pct"": 0, ""party"": ""WI"" } ]"
"090135","8","11",11A,Carlton,Scanlon,0.829799873820918,DFL,"8.97",8.97,563.991408970738,"468","[ { ""name"": ""Michelle Boyechko"", ""votes"": 254, ""votes_pct"": 54.270000, ""party"": ""DFL"" }, { ""name"": ""Jason Rarick"", ""votes"": 212, ""votes_pct"": 45.300000, ""party"": ""R"" }, { ""name"": ""WRITE-IN"", ""votes"": 2, ""votes_pct"": 0.430000, ""party"": ""WI"" } ]"
"090140","8","11",11A,Carlton,Silver Brook Twp,19.3887166779435,R,"18.48",-18.48,18.980111273617,"368","[ { ""name"": ""Jason Rarick"", ""votes"": 218, ""votes_pct"": 59.240000, ""party"": ""R"" }, { ""name"": ""Michelle Boyechko"", ""votes"": 150, ""votes_pct"": 40.760000, ""party"": ""DFL"" }, { ""name"": ""WRITE-IN"", ""votes"": 0, ""votes_pct"": 0, ""party"": ""WI"" } ]"
"090145","8","11",11A,Carlton,Silver Twp,34.9723698492168,R,"30.49",-30.49,6.37646236047095,"223","[ { ""name"": ""Jason Rarick"", ""votes"": 145, ""votes_pct"": 65.020000, ""party"": ""R"" }, { ""name"": ""Michelle Boyechko"", ""votes"": 77, ""votes_pct"": 34.530000, ""party"": ""DFL"" }, { ""name"": ""WRITE-IN"", ""votes"": 1, ""votes_pct"": 0.450000, ""party"": ""WI"" } ]"
"090150","8","11",11A,Carlton,Skelton Twp,35.0472324008021,R,"21.78",-21.78,6.41990778121615,"225","[ { ""name"": ""Jason Rarick"", ""votes"": 137, ""votes_pct"": 60.890000, ""party"": ""R"" }, { ""name"": ""Michelle Boyechko"", ""votes"": 88, ""votes_pct"": 39.110000, ""party"": ""DFL"" }, { ""name"": ""WRITE-IN"", ""votes"": 0, ""votes_pct"": 0, ""party"": ""WI"" } ]"
"090155","8","11",11A,Carlton,Split Rock Twp,36.5601098264945,R,"16.22",-16.22,2.02406394157967,"74","[ { ""name"": ""Jason Rarick"", ""votes"": 43, ""votes_pct"": 58.110000, ""party"": ""R"" }, { ""name"": ""Michelle Boyechko"", ""votes"": 31, ""votes_pct"": 41.890000, ""party"": ""DFL"" }, { ""name"": ""WRITE-IN"", ""votes"": 0, ""votes_pct"": 0, ""party"": ""WI"" } ]"
"090165","8","11",11A,Carlton,Thomson Twp,40.1315931081351,R,"6.77",-6.77,67.004566520807,"2689","[ { ""name"": ""Jason Rarick"", ""votes"": 1435, ""votes_pct"": 53.370000, ""party"": ""R"" }, { ""name"": ""Michelle Boyechko"", ""votes"": 1253, ""votes_pct"": 46.600000, ""party"": ""DFL"" }, { ""name"": ""WRITE-IN"", ""votes"": 1, ""votes_pct"": 0.040000, ""party"": ""WI"" } ]"
"090170","8","11",11A,Carlton,Twin Lakes Twp,45.4670574386886,R,"8.28",-8.28,25.7769045551368,"1172","[ { ""name"": ""Jason Rarick"", ""votes"": 634, ""votes_pct"": 54.100000, ""party"": ""R"" }, { ""name"": ""Michelle Boyechko"", ""votes"": 537, ""votes_pct"": 45.820000, ""party"": ""DFL"" }, { ""name"": ""WRITE-IN"", ""votes"": 1, ""votes_pct"": 0.090000, ""party"": ""WI"" } ]"
"090175","8","11",11A,Carlton,Wrenshall,1.48518769201932,DFL,"0.90",0.9,150.822688070786,"224","[ { ""name"": ""Michelle Boyechko"", ""votes"": 113, ""votes_pct"": 50.450000, ""party"": ""DFL"" }, { ""name"": ""Jason Rarick"", ""votes"": 111, ""votes_pct"": 49.550000, ""party"": ""R"" }, { ""name"": ""WRITE-IN"", ""votes"": 0, ""votes_pct"": 0, ""party"": ""WI"" } ]"
"090180","8","11",11A,Carlton,Wrenshall Twp,37.8034755776835,R,"4.28",-4.28,6.79831671751669,"257","[ { ""name"": ""Jason Rarick"", ""votes"": 134, ""votes_pct"": 52.140000, ""party"": ""R"" }, { ""name"": ""Michelle Boyechko"", ""votes"": 123, ""votes_pct"": 47.860000, ""party"": ""DFL"" }, { ""name"": ""WRITE-IN"", ""votes"": 0, ""votes_pct"": 0, ""party"": ""WI"" } ]"
"090185","8","11",11A,Carlton,Wright,1.45929615942825,DFL,"5.00",5,27.4104743862767,"40","[ { ""name"": ""Michelle Boyechko"", ""votes"": 21, ""votes_pct"": 52.500000, ""party"": ""DFL"" }, { ""name"": ""Jason Rarick"", ""votes"": 19, ""votes_pct"": 47.500000, ""party"": ""R"" }, { ""name"": ""WRITE-IN"", ""votes"": 0, ""votes_pct"": 0, ""party"": ""WI"" } ]"
